8.940982802617863934e-01
1.066441271177037908e+00
1.221649484536082575e+00
6.153010517964025983e-01
1.448310284660357272e+00
1.331452359283534115e+00
8.192130559935406620e-02
9.010719138019611663e-01
1.079822869247734740e+00
1.200078351353446315e+00
1.034426895456172835e+00
1.416779771174683233e+00
1.314989919641038396e+00
3.128082780047266032e-01
1.185879521949063653e+00
8.488644536472105262e-01
9.124632960873344523e-01
1.096647283594202715e+00
7.346047282200909301e-01
1.361276293046679076e+00
8.083974874031100155e-01
1.240353754898415151e+00
1.200350326521975042e+00
8.652118269342282675e-01
8.837425819824340500e-01
1.208955509521900007e+00
7.731437807629493175e-01
1.333606699758131953e+00
8.023052655139676359e-01
1.351060861401971902e+00
1.365903096342274470e+00
1.090082637585724434e+00
1.071051660796239036e+00
1.540205420258149438e+00
9.722512428376857141e-01
1.396299348151840647e+00
1.039249427537961346e+00
1.761058464254721123e+00
2.647725046681596218e-09
1.263063216687716902e-10
-2.903529516014833702e-08
-5.090876427227604840e-05
3.514236021542212485e-01
1.351549735861244943e-04
1.383268715444675397e-04
1.347891729939903484e-04
1.533069706417824433e-04
1.247600314231194418e-04
1.654409221211716719e-04
1.978053252011828847e-04
1.883723240664251890e-04
1.816936207741173554e-04
1.759854555803432290e-04
1.810381108529132308e-04
1.905946027267413855e-04
1.974643631720219205e-04
2.397965667749009844e-04
2.535473112767403490e-04
3.607594749851586197e-04
3.470019683986265814e-04
3.250754424661041479e-04
2.833669321834722966e-04
2.244017253717215049e-04
2.057681438684175310e-04
1.848312428681556465e-04
1.865430352310126663e-04
1.795274322313590121e-04
1.782241227910993844e-04
1.877907658266012611e-04
1.556055714933524364e-04
1.385864271827385685e-04
1.362853361184923737e-04
-1.846315856878017256e-05
5.435902973238684146e-06
-7.842317577338000438e-07
8.336780146649017328e-07
-4.431275846609460619e-06
-7.666252599030511906e-07
-2.211729019933337407e-06
-1.154143508442374850e-05
-3.423476270246445614e-05
-1.839912721497409423e-05
-1.956822243954076180e-05
5.131017466008687129e-05
-1.515814500529149905e-05
1.232557511185583470e-05
-4.515833883986597946e-06
7.953660531613597284e-06
-7.103812883637586162e-06
9.292729703016772787e-06
-5.859454830653950324e-06
9.497954949221035264e-06
4.684775180057415001e-08
2.911025062031705312e-07
8.657308282297889918e-06
-1.800700123276985803e-06
5.842370780897828296e-07
-1.706120222063519575e-06
-2.267402058984026274e-06
2.065956381395680701e-06
2.487310881124957976e-06
3.913702182812950227e-07
-1.617624073471361083e-07
-2.626863282798847063e-05
-2.299772988355179806e-06
1.669438847096541055e-05
-9.820724569364355802e-06
-3.482755696445049556e-05
6.260537960715946892e-05
-1.754821708330042416e-05
2.776406820528947481e-06
1.304002161454987064e-07
-4.970893736263397876e-06
6.422177643630517355e-06
-7.811674342785067819e-06
1.370014824531010460e-06
-2.074725529759111329e-06
-4.229610825465679135e-06
1.108904967972489328e-06
-6.272033970319452153e-06
-3.206849853580701061e-06
4.632273605493996777e-06
-1.370651045283794406e-06
1.297854897992375574e-05
1.018338259314830832e-05
-5.911441537121178297e-06
-4.975352239844477352e-06
8.335748315073191809e-06
4.360980659090566119e-06
-1.963250259141310500e-06
-2.623495189954167552e-06
7.824800498354233766e-07
-1.866909322188884756e-06
5.336504805007473611e-07
1.893792618490542072e-06
6.165547828976379060e-06
2.445683863829316145e-06
1.229621362529760236e-05
-1.784301559277868746e-05
1.394222005547415434e-05
1.214213338730178879e-06
-2.659384352514736303e-06
-6.726418839606337450e-07
-4.821873809570870260e-06
-5.775575157413287499e-06
1.447233294499725465e-06
-4.277726672333538825e-07
2.642677097601032505e-07
6.009557402517700906e-06
0.000000000000000000e+00
5.550707044552762050e-07
1.046793578267211658e-06
0.000000000000000000e+00
4.245819149867534296e-07
2.383472278044185208e-06
0.000000000000000000e+00
-3.024724402733374919e-06
