8.726371533982686390e-01
8.353636966590708424e-01
8.865248226950355193e-01
7.154910133302168074e-01
8.552169667771349904e-01
9.148613991066528728e-01
5.431530736469525333e-01
8.697852652316437894e-01
8.591712614524844582e-01
8.875869056353281605e-01
1.390339461543596000e+00
8.553881501004779730e-01
9.195284348283395692e-01
6.377169308747960841e-01
1.015107177557805329e+00
9.862990708672685347e-01
9.146174793224469690e-01
1.093554431740022537e+00
9.661192132294393886e-01
1.035175811529413181e+00
9.372086991363071107e-01
1.067171409312738017e+00
1.056424415325423194e+00
9.987162021914173238e-01
9.673618389655220806e-01
1.085865267789628552e+00
9.738592545590870619e-01
1.032828651934794006e+00
9.433863762776908413e-01
1.096861221559070732e+00
1.389209347949162954e+00
1.308816612513562294e+00
1.232065279380860634e+00
1.335621925067781435e+00
1.055034812363006669e+00
1.129678782134392101e+00
1.224185068585322611e+00
1.435872078281531738e+00
4.833571512197153207e-09
2.211165096629769139e-10
-1.297342479677075669e-06
2.452361897538610222e-05
4.471591270598714862e-01
1.815445223459141440e-04
1.773087745226388317e-04
1.783592299297087950e-04
2.037349440592037340e-04
1.734248629958822061e-04
2.384421485193613651e-04
2.508382368931223868e-04
2.386552616684582207e-04
2.205301579459190164e-04
2.182312699552835418e-04
1.945592694648056852e-04
2.001620444998588341e-04
1.951046496045227689e-04
2.076264402193104478e-04
1.853401217000349077e-04
2.413550877565233573e-04
1.658620047283959707e-04
3.111547787289448358e-04
5.643470245843963499e-04
4.999976920323132533e-04
3.141508111180172811e-04
2.483387554139448506e-04
2.192190913260199238e-04
1.918782541223060787e-04
1.794248614635429110e-04
1.804808479236979504e-04
1.837486428263423305e-04
1.869347353274806913e-04
1.787353921020455908e-04
-1.516437072971016094e-05
1.004156286346703299e-05
-9.068535432087158280e-06
1.441787648247331278e-06
-4.435162282369997210e-06
1.764183447518429238e-07
-8.620431754559522088e-07
-1.111377813800380858e-06
-3.738581713263382066e-07
8.600191771857781958e-06
1.716537078607999858e-06
1.328479171050099802e-05
-1.258319214606160030e-04
-8.923848862295232924e-06
-3.493099266536212668e-05
1.467112454238541132e-05
6.970369797685523058e-06
-5.235236549358297261e-07
-1.097255424370984698e-06
-2.631432613044281772e-07
1.672406866171292500e-06
-1.859480945440898819e-07
1.721582200814957732e-05
-5.746934791284950016e-06
5.505046492220937008e-06
-1.500213569250256560e-06
2.401854886533010589e-06
1.958490776872224096e-06
-2.052946034032178129e-06
-3.208568882673783540e-07
-1.919126644212245766e-06
3.175196420531821747e-06
-3.336820133191293124e-06
-3.883708828038734840e-06
-4.448763933049506542e-06
-2.020514205758090821e-06
-8.435410114706324262e-07
4.492579275894593294e-06
-8.327888948351214228e-06
1.507066402359467644e-05
1.200873669020007660e-05
-6.361178172708673365e-05
4.918248315318352900e-05
-2.485443067296337280e-05
4.311279421069775517e-06
-1.445195626867515222e-05
7.313465572601868147e-06
-3.284279829469062322e-06
3.175927499211223194e-06
1.627159989539775431e-06
-3.714732443150486665e-06
-2.026505166144394018e-06
1.962084426597713487e-05
-1.050651095583598864e-05
1.733575321733738648e-06
-1.749054338347151022e-06
-4.141655241171427013e-06
8.936458034394735068e-06
1.034401339259847776e-06
-3.644092938845635322e-06
-4.306397723489919060e-06
-8.386913201868975801e-07
-3.543205406646816103e-06
4.200087709861990721e-06
3.681998284352343456e-06
4.933200119204978325e-06
-2.753763062573482651e-07
1.206383156195283546e-06
-2.387826594404729648e-06
5.862482010501908475e-06
1.916690899974754211e-07
2.011326427928476814e-05
2.456141174331013851e-07
2.958275863674678596e-06
-1.497544695875275235e-06
6.682818075494160524e-07
9.511462090456418439e-06
0.000000000000000000e+00
-9.161056567504487256e-07
8.030642985863043775e-06
0.000000000000000000e+00
9.589143664215713258e-07
5.393246470154310447e-06
0.000000000000000000e+00
2.589034398435478864e-07
