8.657957749646024714e-01
9.542068134453174366e-01
8.624946286964334519e-01
1.098881727790333551e+00
8.830404479164717380e-01
8.546532826482633460e-01
7.525318647192864585e-01
8.915766614947739921e-01
9.730398833474384057e-01
8.838082656771176771e-01
2.662657305713146627e+00
9.315589232941363651e-01
8.697307252500404706e-01
2.167183779067697103e+00
1.095950056404698669e+00
9.172625739973655490e-01
1.092744080514446825e+00
9.152681156248030359e-01
9.962350594693507588e-01
1.004088388385065977e+00
1.124987765798347361e+00
8.905156836452693403e-01
1.148376131031963787e+00
9.086212778762656761e-01
1.106559701460160916e+00
9.583877573524984816e-01
1.014858040246794157e+00
9.929896667827728951e-01
1.143140790742700030e+00
9.326378760105439314e-01
1.410267659538428031e+00
1.140031718163010854e+00
1.303679575919259204e+00
1.142473827240514384e+00
1.163012134084999705e+00
1.151924848566374671e+00
1.363501207316491159e+00
1.242189909881005860e+00
3.378875649814489526e-09
1.546280451819404590e-10
-2.768620279050897831e-08
5.811685756350757552e-05
4.849535564321160175e-01
1.675966445048795051e-04
1.695224697342901147e-04
1.694924133476456989e-04
1.754073781120702282e-04
1.605564335739833421e-04
1.825740932724288334e-04
2.051114638898106064e-04
1.865636322282651248e-04
1.822932603848235501e-04
1.787659557871111322e-04
1.765104679923780071e-04
1.728395233074249437e-04
1.752830957730621515e-04
1.709713084773109831e-04
1.789219201275403937e-04
1.729384275542668423e-04
1.813111741421490238e-04
1.721502954766335951e-04
2.909572251401870376e-04
5.063092153363791875e-04
5.656922321581466743e-04
2.751371807605301387e-04
2.428586234905643921e-04
2.162143917976699372e-04
1.933136226800810241e-04
1.758413079965352982e-04
1.779707613114802256e-04
1.719745326432588488e-04
1.732582978016583065e-04
1.523759710323887705e-06
-2.631880472624812634e-06
-6.396399660578114710e-06
6.478572386057525074e-07
-1.331525769653682289e-06
3.226245463316728470e-06
-1.585367875771510148e-06
4.734855798962330581e-07
2.367399262375441060e-06
3.061827872273015181e-06
-4.345237045731862663e-06
-4.331912509827165299e-06
-1.197008119365099038e-05
-4.720860573529441334e-06
7.526298565643256333e-06
1.112973960918917907e-04
-5.273281845283431707e-05
1.842720422748400958e-05
-1.593865615427470162e-05
1.021364463100233753e-05
-1.504955891430879488e-06
1.108227356254144569e-06
1.145392905901921938e-05
-2.013801871251486416e-06
-1.619896345174713379e-06
-1.823938038170707833e-07
-1.817963737023537204e-06
-3.165519645168907285e-06
9.664631030831814608e-07
1.573905241349128066e-06
1.764782746324619937e-07
7.002428180645989484e-07
1.832790894992447596e-06
-2.872253071344955151e-06
3.676310739984041853e-07
2.028809613558642785e-06
1.483131082023902715e-07
1.112978623381563553e-07
2.902126099950897972e-07
-2.647698270923072055e-05
-1.630102988693140893e-05
-2.844243489775952397e-11
9.620151747120697330e-06
-2.438124331577908748e-05
9.353387719942654111e-05
-7.040296376749713165e-05
4.406255449839862606e-05
-9.477838602022365240e-06
9.620280359744782982e-06
-2.594704158166889587e-06
-7.202210098901563282e-07
4.626488614194897278e-06
1.045425152488564656e-05
4.671698505917018059e-07
4.049780757417409509e-06
1.615980939313882736e-06
9.495426988005466783e-07
3.474665013331053920e-06
-4.930915501459588526e-07
-1.036370673066633502e-06
-1.253081636048695713e-06
-1.116967047490100738e-06
-2.683752796469561937e-06
2.139704856081337519e-07
-8.193851012878478389e-07
2.332480213866340445e-06
-1.409883489904388645e-07
-3.467162400872452409e-06
3.464965810499697060e-06
-2.353656092589915652e-06
4.252568373896104209e-06
4.640093011904195817e-06
2.148754652646544386e-05
-1.376985817737795742e-05
-2.158222581243047003e-07
-1.626032384652872801e-06
8.280120450383925303e-06
0.000000000000000000e+00
3.616842608175023494e-06
-1.799106148824018980e-07
0.000000000000000000e+00
1.374796087959285296e-07
6.253092354778877613e-06
0.000000000000000000e+00
-2.352010551035546098e-06
