9.002734288701077503e-01
1.009866761749141251e+00
9.270072992700730818e-01
9.507122637729144010e-01
9.299727461784479399e-01
9.240134112900335595e-01
8.165651361111152529e-01
9.740320536903284143e-01
1.014751737380698238e+00
9.345596567214831119e-01
1.090065802709132337e+00
9.214127618823066967e-01
9.341964375263319686e-01
8.305243393644524685e-01
1.072606934020626568e+00
9.346377749057346307e-01
1.097836110546711819e+00
9.129862742982606250e-01
9.656959191823677457e-01
1.035569792185915272e+00
1.093578999695624443e+00
9.162900250322344453e-01
1.054673242582537585e+00
9.776239011406342438e-01
1.104463416647653462e+00
9.116641037907804446e-01
1.035346830268722984e+00
9.784992823863285505e-01
1.106483141661783076e+00
9.186136985245960673e-01
1.351195848731949534e+00
1.233445898657054229e+00
1.236412183598775583e+00
1.125342063413648397e+00
1.219755091558190729e+00
1.113207029790336922e+00
1.264809656102610980e+00
1.123567877688409933e+00
5.066850378058854192e-09
1.562592325790000442e-10
-4.352848209961637702e-07
-5.970038380348725653e-05
4.193414663708082690e-01
1.905858159133716478e-04
1.948009641227400229e-04
1.802108127031105760e-04
1.972267791869329915e-04
1.687257830479121240e-04
2.434091997371150447e-04
2.476403952689343714e-04
2.000661650973301672e-04
1.923240174277278912e-04
1.918934561616574116e-04
1.863014660320569838e-04
1.941833723505255829e-04
1.878067750067284407e-04
1.894488643930887289e-04
1.891854871043700489e-04
2.208354434471805150e-04
1.418056741519919093e-04
3.856547467366089939e-04
6.826913875646149765e-04
3.403118132220300145e-04
2.125575779039625226e-04
1.984533922069978281e-04
2.018232517662432246e-04
1.880843627990823992e-04
1.937048721284524916e-04
1.908529559688328027e-04
1.889944003307056245e-04
1.871997886105414332e-04
1.923914017487353889e-04
-1.876017291509770321e-05
7.850239744551743703e-06
-8.815646988224571003e-06
1.146906046901919936e-06
-4.287208883198870569e-07
2.875933730371545526e-06
-1.073077376159766966e-06
1.047743541578166708e-06
2.943375866354660711e-06
-2.538664588667190716e-06
7.048095483974777521e-08
8.799518097532022337e-06
-8.552379015566221470e-05
8.129746256218834538e-05
-6.612572115021232168e-05
2.714154400771692208e-05
-1.858076596871040679e-06
-9.070145857299467227e-06
1.941000601029705538e-06
-7.914319221077149380e-06
4.726475800022871444e-10
4.805236304074544557e-06
1.814970676152562494e-05
-1.342421065254007100e-05
6.983803919494378697e-06
-3.308404588536529382e-06
-4.687561888058893825e-06
1.887725818035675334e-06
-1.910368990254034937e-07
-8.998508545888814208e-07
-2.391350901837994016e-06
-1.879903752599108571e-06
-7.513827690217467479e-06
5.038718857258216128e-06
2.420842392255442491e-06
-3.046482115447843679e-06
2.931187007584885117e-06
9.247519605764564809e-06
3.207905490684294660e-06
-6.427651735498657860e-06
-1.216299668688092221e-05
1.269262947530555582e-05
3.750298221793606890e-06
3.383976211635033218e-06
3.387120794129248314e-06
-4.614207543183214872e-07
1.473167542447911373e-06
7.718950702826672626e-07
2.438291170529927489e-06
5.104203271248922534e-06
-6.761561460278207277e-06
-6.414068341870768887e-06
1.439150350196304690e-05
1.377516762037917823e-06
3.574561186213507428e-06
2.063616113432126068e-06
-2.433873479140593641e-06
-4.395298011138452368e-07
3.652513558568526632e-07
1.699786672540446990e-06
9.062996354889834998e-07
-3.224887501477990865e-07
5.978728286497957479e-06
-9.238509311338667213e-07
2.330550425614030516e-06
-4.566240684254622542e-06
3.776361146832800514e-06
3.004581555774679080e-06
1.057663116633698260e-08
-8.221742419652158004e-06
-4.350074876567321487e-06
2.166410585417579500e-06
6.267541178240506962e-07
-1.189205813419400950e-06
4.874000820512116390e-06
-7.683705004301433994e-07
7.535573459480254842e-06
0.000000000000000000e+00
-7.099563652728101514e-06
8.007917144704359094e-06
0.000000000000000000e+00
3.350496331478892811e-06
5.852356369548667802e-06
0.000000000000000000e+00
-1.608089079491423730e-07
