9.326979546423227463e-01
9.362752114991932384e-01
8.895705521472392352e-01
1.490327636518472332e+00
8.873981885772952438e-01
8.790851312344826196e-01
6.081724237041413739e-01
9.411452785419149869e-01
9.406076346387278742e-01
9.422416130595769879e-01
2.551544217653524349e+00
9.821919702963972654e-01
9.652267834191525786e-01
7.794568842463143188e-01
9.838724105638556594e-01
1.016533741915302880e+00
1.024471460667024436e+00
9.768971658095844113e-01
1.029856133178884692e+00
9.710100838225725894e-01
1.080033053107749552e+00
9.259211771600786012e-01
1.019699447460236330e+00
1.007079343906747582e+00
1.032815732057358549e+00
9.933775479558335508e-01
1.025451329560187030e+00
1.020781632938052574e+00
1.052220615592749375e+00
1.022674945647303879e+00
1.174947761870866358e+00
1.180013460817812998e+00
1.225920217418364988e+00
1.279822615136025243e+00
1.149712219459710028e+00
1.563068626975078423e+00
1.247907816822823257e+00
1.376160033063724697e+00
3.732511887885806911e-09
1.520372341430861857e-10
-2.728961446467696922e-07
-1.735206677770671552e-06
4.925558312655086701e-01
1.789376443632088116e-04
1.801012997464165465e-04
1.743677776383616151e-04
1.845632181217054320e-04
1.785477489269862738e-04
1.777480684857483018e-04
1.799911037019590260e-04
1.870301833449654338e-04
1.816054491775962072e-04
1.846670683114218800e-04
1.865551586405722281e-04
1.786054162126565184e-04
1.762221791638165624e-04
1.774659994452256861e-04
1.796291097084173698e-04
1.751007845571629976e-04
2.028518658949087666e-04
1.485178611511043384e-04
2.910707682478447245e-04
2.581319737757606413e-04
4.081220454009191014e-04
3.688022328166152674e-04
1.928870389686714818e-04
1.972048192362558508e-04
1.867913297033932298e-04
1.805510633143966805e-04
1.801655187284011421e-04
1.751202604061513580e-04
1.865907961606606065e-04
-3.087169396416438039e-06
-3.235075052770251084e-07
-1.194311347223312317e-06
-9.966120007583185162e-06
-6.508022111313671170e-06
1.256408847482707942e-06
4.686361878753560030e-06
-1.524376363742330448e-06
-8.187454641576517368e-08
-2.760082023857648873e-07
-7.272609796472359787e-06
-2.767556085126970477e-06
-1.407406036988273727e-06
-2.137110612859897387e-05
3.889104149474511705e-05
-1.549796573314940538e-05
-3.001423676325807503e-06
7.660655733234890305e-06
-2.435509156332936872e-06
-4.944150850672166633e-06
-3.288994674008853327e-06
4.966635527946345691e-06
6.534169470700631403e-06
-9.191831125619591008e-07
-1.897842854552294157e-07
1.476810269611768564e-08
-1.773815004620746051e-06
-7.223425013371948842e-07
-1.197922041864622448e-06
-4.143905314678175919e-06
1.105977396521835226e-06
-1.554140828532993316e-06
1.757093731740969071e-08
-5.412790245092651594e-07
-1.036958057827768647e-06
-7.063705735423799774e-07
-1.142729983579385260e-06
-4.858234474980884307e-06
1.341365485508124087e-06
-3.929170280498987302e-06
9.237512434533165807e-09
8.648036874455599298e-06
-1.263070720837979172e-05
6.281670663594617469e-06
-8.063603881158483430e-06
1.196126922264188548e-05
-5.738238165291143671e-06
1.268444461820166067e-05
-6.559112188162039280e-06
4.763311211255005093e-06
3.466895755423668260e-06
2.607743662207480958e-06
8.026987442481536906e-06
-4.229552887898077703e-06
1.090299237890185518e-06
-1.594562729880705848e-06
-7.389697670637131375e-07
1.042892356576945070e-06
-9.272003213045508988e-07
-9.342455658777242302e-07
-4.854093759323582416e-07
1.177244412464754367e-06
1.921325825744383257e-06
-1.063668422669767257e-06
5.639424067493715930e-06
7.995626176180515243e-07
3.867315788155886571e-06
7.080841430875488782e-06
6.907870396306161478e-07
-1.077642400315469934e-06
1.125802287555161296e-06
-3.507023002704562274e-06
1.449720123508937745e-07
-3.145284016543999096e-06
4.692137444069180806e-06
-1.788667984676718161e-06
4.941691015243233734e-06
0.000000000000000000e+00
-2.257675226266343711e-06
-1.464872546992250273e-06
0.000000000000000000e+00
-3.063041903968551899e-06
3.432694893057433258e-06
0.000000000000000000e+00
1.063277177015305627e-06
