9.194492478333986529e-01
9.420846502265600719e-01
1.000000000000000000e+00
7.358432943238256696e-01
1.033664115617686452e+00
9.734037949014562319e-01
2.151182465712676017e-01
7.943650875409040690e-01
9.354297748300054449e-01
1.058401761481486680e+00
1.514259698881474492e+00
1.183560995933226057e+00
1.111639288940077464e+00
6.972015763695049717e-02
1.092611723017792080e+00
9.228923492382994365e-01
9.277223553215827589e-01
1.077910446797075039e+00
9.603374392843094798e-01
1.041328796690256908e+00
9.491919388214631326e-01
1.055627380055027320e+00
1.375733775287387939e+00
8.583269273381050057e-01
1.004204816990687643e+00
1.135538649853364390e+00
9.148620241440441614e-01
1.759139724116292047e+00
1.062888774760260668e+00
1.173060222336594682e+00
2.832486671843589043e+00
1.380986986175429143e+00
1.900942250330629690e+00
1.747058739180577192e+00
1.229427217399973404e+00
4.480390113741553826e+00
2.212388704505936499e+00
2.051386876049403174e+00
1.493598457300929986e-09
9.093246694288832158e-11
-6.703299980604683458e-08
1.802789741461300786e-05
4.260579064587973197e-01
1.689287979594310816e-04
1.658107762021368125e-04
1.612955117828369683e-04
1.709622587027032287e-04
1.616343061100280229e-04
1.727273891492313545e-04
1.706078423166575056e-04
1.685361240104448443e-04
1.673233362884913407e-04
1.634157509172004703e-04
1.633830362413354171e-04
1.604463771993509249e-04
1.689196135729074206e-04
1.608689834303640449e-04
1.712505009824153443e-04
1.641274498498320497e-04
1.630025381351965963e-04
1.619828129125107385e-04
2.066197915937984940e-04
1.802339178115102444e-04
1.674733005930659690e-04
1.659829036810121935e-04
1.657714310165741254e-04
1.684860206016572338e-04
1.622444834500626166e-04
1.662362919984497511e-04
1.692399198183288820e-04
1.640985875088864297e-04
1.708626261728573041e-04
2.068008357680550815e-06
-1.351455270817408447e-06
1.290934438612752513e-06
7.439528546495373335e-06
-1.130481254359213536e-06
7.400046181038843875e-07
-1.728722447907790535e-07
7.490954425618741578e-07
-1.562226325739382408e-06
1.510989782532221092e-07
4.711991666486377327e-06
7.355261409084358972e-07
4.592200624997695108e-06
1.098346226042988305e-06
-4.513449973744057214e-06
1.806597733465260718e-06
-3.675080774421643372e-06
2.590186808954519519e-06
3.135166137530242570e-06
-2.120998263405791938e-07
-1.371112553105114033e-06
1.342695804523251955e-06
2.171300601417064866e-07
-5.288005601179939774e-06
-1.515835003380376958e-07
-4.165000124383176461e-11
-1.497955897711895505e-06
-4.111728869308441396e-07
1.831891363285939154e-07
-2.166494036464472524e-06
1.710253195016156625e-06
6.712243890221372696e-08
8.842050578096404301e-07
4.962745940127935150e-06
6.730855285842829874e-07
9.450986140566016142e-07
1.372529770442169180e-06
-3.300482227165797385e-06
2.426211017647489986e-06
4.761636155241998414e-06
6.019313597857570458e-07
-5.929094483046278610e-06
6.407704329987725124e-07
3.794177119239514801e-06
8.424071464199748829e-11
-1.522659994896869987e-10
2.236530079143253652e-06
1.444388725300398500e-06
1.190840654540883455e-06
3.694962900483364745e-11
1.785350942404222345e-06
2.176017336609534435e-06
4.041931885520648846e-11
-6.904541914287128999e-11
-1.058304175430678744e-07
-1.668441644603793683e-07
4.809420204924465186e-07
2.999953004696152197e-07
-1.025153942145391814e-10
1.445498104607668184e-07
1.526521343218504101e-07
-5.238579568541389277e-06
7.620100728267738004e-07
-2.757824680577176553e-06
-3.493083179575326092e-06
8.570927649260442340e-12
2.117170571937017815e-06
1.979647575006286374e-07
1.073497252901914920e-06
-1.986689691311179948e-06
-3.988051374269672408e-06
-1.024183935851921457e-10
3.738140797300113428e-06
3.397013789304005825e-06
-8.808616115881321382e-11
-4.979553357705992471e-07
2.311287219081865856e-06
0.000000000000000000e+00
2.791178696773161792e-06
5.831436655094521744e-07
0.000000000000000000e+00
-2.199341365019482897e-06
2.374921386154444498e-11
0.000000000000000000e+00
-2.946921610731363231e-07
