7.816949471293275220e-01
9.591470811931255280e-01
9.526180112341318118e-01
9.111358611337132540e-01
9.227565038563396715e-01
9.561077602227243677e-01
4.860074477995205422e-01
7.965773570522033387e-01
9.466814635901668051e-01
9.294541903192332644e-01
2.115210480383422631e+00
9.077520061163684151e-01
9.326536685106694424e-01
4.892681229796342901e-01
1.167024144227683191e+00
8.595587990413379176e-01
1.025075706833189493e+00
9.778438767056971681e-01
8.751747921381995976e-01
1.146756613760409049e+00
1.020878161133194517e+00
9.803680801465873840e-01
1.197605108387036932e+00
8.567605598009540024e-01
1.074950556661339318e+00
9.685434396613465946e-01
9.599219017380393737e-01
1.087542610756662143e+00
1.028488199974676442e+00
1.007602153246261789e+00
1.494300351828656614e+00
1.064519836844857625e+00
1.251124565007212919e+00
1.232701248762497315e+00
1.104452433851132565e+00
1.378172512234242753e+00
1.245441837091435300e+00
1.215932039900487815e+00
2.314993550888379549e-09
1.129968988196161526e-10
-9.049631111721592157e-08
4.227645078715783222e-05
3.857899513975492356e-01
1.763913236061542150e-04
1.474275689210293697e-04
1.284869254110512587e-04
1.192441369298351722e-04
1.138771942362417901e-04
1.720512456818979992e-04
1.890528368992535030e-04
1.848727576365320042e-04
1.782698045242015958e-04
1.772146984608175587e-04
1.775513332634482723e-04
1.802828893858594264e-04
1.746008754809402817e-04
1.711802322456414170e-04
1.864102211411328570e-04
1.541525652788685924e-04
2.519292500743778923e-04
3.159472600501786726e-04
2.768860359011688158e-04
2.468000244718587658e-04
2.003545743749463948e-04
1.768117223025962321e-04
1.718075429898055203e-04
1.692883686981665301e-04
1.710154880868591256e-04
1.697279511080890388e-04
1.688912048512164000e-04
1.688778550076815740e-04
1.651592095883949339e-04
-8.787443983772377071e-06
4.479937791436056432e-06
7.814064434111312851e-07
-1.187626242146703328e-06
-2.195800035347804463e-06
1.037835670655099673e-07
-4.298701545017531906e-06
8.428474808123820710e-07
1.852781919303494259e-06
4.846712391214740069e-06
-7.273018672175261116e-07
-9.734211921286709063e-06
6.585943594330387015e-05
-3.010108829525360430e-05
1.830537651463744252e-05
-1.195788927698067268e-05
5.065476035376922492e-06
-2.143065345789986801e-07
-1.040135669843507207e-07
-5.265785589713357779e-07
-7.965728675494188844e-07
9.352200955715560070e-06
8.192492273244951069e-06
-6.653341373214310714e-06
5.279420004812076265e-07
-4.435734617034426220e-06
-7.963721333055429276e-07
-7.566370817987165239e-07
-1.192213167818800287e-06
8.477901278848006556e-06
1.170641971255989618e-06
-1.908130352092827592e-06
-2.656594987275575637e-06
-1.454162085735896069e-06
2.908535634042585496e-06
5.485379340236715265e-06
5.045527230192302215e-07
-3.547652698943865664e-05
5.690236460990377048e-05
-3.362987382168651713e-05
1.744843812526470861e-05
1.843065507773595303e-07
1.282263988297045274e-05
2.366633210308621015e-06
-1.886863368787641099e-06
6.099213700465341817e-07
-1.672261191458075629e-06
2.675277678805972766e-07
-3.392408974155699967e-06
1.220748382840180427e-06
3.098987386898720677e-06
-9.118919028234532034e-07
1.352218575094349992e-05
-5.113803583804059828e-07
-9.727919339216621500e-07
1.976890347004512466e-06
6.704034083745852287e-07
-4.211944815782746910e-08
-3.574839805427796036e-06
3.183828189508093128e-06
-7.993326214163648453e-07
1.865453932043174898e-06
-3.493430740567581531e-07
-1.753346921026123199e-06
-2.376788874573364154e-06
-1.587931770287779147e-06
1.374457153805857356e-05
-3.340262146454947037e-06
3.643382564765518296e-06
1.062815080106213229e-05
8.825951170370742482e-06
1.996561805644659745e-07
6.606998779032741986e-07
1.319792915156929663e-06
-9.755224422355438820e-07
-7.495124627199225014e-07
4.875228313865561828e-06
0.000000000000000000e+00
-3.952389790604930678e-07
1.111770482806378288e-06
0.000000000000000000e+00
1.876458287741462085e-06
3.822531658568518876e-06
0.000000000000000000e+00
2.913205588334638003e-07
