8.613057317004619851e-01
7.555066101171088455e-01
9.694656488549617812e-01
7.199772387532314966e-01
9.673122074105695578e-01
9.222314378598035489e-01
7.502636203125325753e-01
8.538402441388798225e-01
7.494160015756088367e-01
9.441705494251528830e-01
1.001642615133794711e+00
9.683780570678370836e-01
9.123766182186221485e-01
9.087369736316488478e-01
8.553170260602056540e-01
1.171215824506407266e+00
8.632621576856002177e-01
1.158805955738714699e+00
9.058947086128352755e-01
1.103915826020421154e+00
8.752311286265008761e-01
1.143594928645029762e+00
8.463072551853508818e-01
1.226773699077566615e+00
8.461165742433055525e-01
1.313975389700843488e+00
9.417401730612515731e-01
1.070976766759584642e+00
9.300061698817173594e-01
1.221100781628096765e+00
1.086495535901851550e+00
1.723414331906597319e+00
1.195462755712680458e+00
1.830658762776901760e+00
1.015100902482687584e+00
1.390724111156348419e+00
1.416959172844712178e+00
1.847190178912055281e+00
2.416218812149944186e-09
1.102946013652120289e-10
3.384853566042087158e-07
-2.449301624326492280e-05
4.064010454853531629e-01
1.756555613695962731e-04
1.801901136789666792e-04
1.765969749349517812e-04
1.750357218101254036e-04
1.742078035331399359e-04
1.766635486578371794e-04
1.888700443704220493e-04
1.872768400383051119e-04
1.819675539712377528e-04
1.741635399119664460e-04
1.794181776194856976e-04
1.728178996874164678e-04
1.780522775962469287e-04
1.769510068826894939e-04
1.690308016303381454e-04
1.964724516033478693e-04
1.357618250697010132e-04
2.902945664113516550e-04
2.976313478192165948e-04
1.940061675056802373e-04
1.870165953610121987e-04
1.854446721792300779e-04
1.733999916662130381e-04
1.731898339930702671e-04
1.835011358893891276e-04
1.743678081068431940e-04
1.786405295811466058e-04
1.698906189545723437e-04
1.798083463516450878e-04
-1.209146050864964598e-06
-2.067681941032108633e-06
-2.455038821484092356e-06
3.751009296793844794e-06
2.605284304534060297e-06
-2.121520270909482974e-06
4.697732725390044224e-06
4.017421776655321090e-07
2.828796715292885326e-06
1.322852536187659995e-06
4.280015229122149534e-06
1.256418653148373064e-05
-1.297095380249958163e-06
1.832971092609797467e-07
-8.594125826352439287e-06
9.076247448878633822e-06
-3.430940194736246496e-06
-2.910235503014017374e-06
-1.426451793030753818e-06
-6.104089440736936188e-07
2.963387828446000722e-06
8.277975665529679677e-06
8.613023479788190940e-06
5.822233304150188713e-06
-1.997708461757636285e-06
-3.817569396998632400e-06
-3.665496142904141260e-06
4.148029173349477937e-06
-1.491395872419708089e-06
-2.943588389169604572e-06
-9.807747103235648384e-07
-6.552746120393536136e-06
-2.174134757623457593e-06
-4.020782500402954906e-07
-1.867863651068535878e-06
1.153458058106431016e-07
-3.814716720990241405e-06
2.976516202074822140e-06
-1.857115042465908979e-05
-1.183657065230045248e-07
-5.251339614550370604e-06
1.928086264751095827e-06
1.209209732010359789e-06
-9.540109173227242070e-07
-4.025890276304194679e-06
6.237734069152448813e-07
-5.804267564490323370e-07
-4.731017688281580115e-07
-6.618180781088620890e-06
7.416416980707983830e-08
1.746364702647132310e-06
4.633553347487115361e-06
8.101841735977583667e-08
-8.664368039386158087e-07
-6.283608687320812172e-06
1.559331945942688155e-06
6.062495651627122419e-06
4.284370709429641428e-07
4.958005203047290836e-06
8.257213710213883315e-07
-1.427333828340120759e-06
-6.386513449937126067e-07
1.373299918508745738e-06
-1.752168345015104269e-06
1.926846452559909815e-06
-7.458280107409735000e-08
-6.367662281673322908e-08
-3.907956411767151030e-07
-2.225665799934689268e-06
9.748699596288912093e-08
-2.463297487267327917e-06
4.553784729713127526e-06
-4.000939725837315884e-06
5.337237471662345451e-06
-1.598649283037687439e-06
2.020990172249874860e-06
-1.515441500939554473e-07
0.000000000000000000e+00
-1.541526358121817404e-06
5.333025383202150214e-06
0.000000000000000000e+00
2.520510251277495478e-06
1.761928001857372523e-06
0.000000000000000000e+00
-1.233463682998152622e-06
