9.738251772132641149e-01
9.842473183854032470e-01
9.527461991508011652e-01
9.531463692315260694e-01
9.390617741987081768e-01
9.464080359448342472e-01
6.203679482247177468e-01
9.631453261098141816e-01
9.834873711392391193e-01
9.535165521048418746e-01
1.759575579702480574e+00
9.340502999667626982e-01
9.375773445091925007e-01
8.028394010484246612e-01
9.990125097227033901e-01
1.000988976257957574e+00
1.032713171371043792e+00
9.684380885347348977e-01
1.021408636875707820e+00
9.790419691312799433e-01
1.034031922986407892e+00
9.681842210855724495e-01
1.023655636675306013e+00
9.877798187201596303e-01
1.023297188850294637e+00
9.992586577635650391e-01
1.004796057338545268e+00
9.982279702981524672e-01
1.031202181920028993e+00
9.926323301080879347e-01
1.178954097067552498e+00
1.143501603098732389e+00
1.163051007230548883e+00
1.177417012598394708e+00
1.059395520378428213e+00
1.095747042258826465e+00
1.243094747405603329e+00
1.236650204972021383e+00
3.479444421828397104e-09
1.235669175643737678e-10
-8.159594462093929346e-08
5.895968722176900929e-05
4.521218999500972169e-01
1.725220890354986589e-04
1.744404958186654658e-04
1.726066410511592117e-04
1.707669505485601494e-04
1.683678647949630666e-04
1.772245589519509364e-04
1.777399114490051373e-04
1.811763364482195057e-04
1.778265223585750294e-04
1.780094279342450290e-04
1.721054821278181711e-04
1.737337252631949308e-04
1.709998421177442648e-04
1.741929688887326603e-04
1.793286259406759475e-04
1.677820890709216188e-04
1.844042850490330344e-04
1.404150238199081938e-04
2.453951334374634757e-04
5.139139643184954549e-04
2.237376496021095196e-04
1.899836264938751292e-04
1.778103786397748143e-04
1.743140930257589829e-04
1.765247246968196498e-04
1.767500269417121941e-04
1.686779287758450761e-04
1.759528406702954738e-04
1.745416124349616935e-04
1.588959073151117488e-06
1.947885814012402273e-06
-2.854940930576643942e-06
3.199524212551363158e-06
3.608810704627823301e-06
-1.168154324738141783e-06
-1.106913818821647035e-06
-2.813350036601953759e-06
-5.596744233849511336e-06
2.302576392495474150e-06
-1.664192030243941446e-06
4.310829679701890532e-06
1.832198500653482265e-05
1.063005309893043943e-05
1.512777250626899639e-04
-7.781013439712902084e-05
3.570931882437883054e-05
-1.410203308777374691e-05
-4.536255507949235040e-07
3.150658460673225435e-07
5.640890595474282060e-06
4.548123216799573755e-07
7.023652502006272333e-06
-4.353490026112231273e-07
-6.929016433438207269e-07
2.135555208761807113e-06
1.664675325926554607e-06
-3.683811914719251474e-07
-4.821093674182920173e-06
2.765962484875138914e-06
1.351780517199675174e-06
3.510622806402664045e-06
2.993695150968906809e-06
3.565893867474767806e-06
-2.259036636341552282e-07
-1.698448413078663399e-06
5.374046252231066551e-06
1.490812301547023859e-06
2.491808813331960370e-06
2.133713085708680970e-05
-2.648913642883671672e-05
-9.367234869757709971e-05
9.227710020013484872e-05
-6.203382200830358164e-05
3.667929426866282829e-05
-1.919985941120104836e-05
-3.177916325832733258e-06
-2.760808626880896533e-06
1.357872897682817395e-07
4.814081979879417721e-06
3.288879480644586640e-06
-2.716765187697085251e-06
1.127988407030134490e-06
7.289701548661360531e-07
-3.009131552222183324e-06
2.443062846951629301e-06
-2.195735536323435507e-07
2.595746381225515310e-06
-9.663140080653920006e-06
6.448629406152966233e-06
1.505607478137498280e-06
6.817841465702104694e-08
9.994233409127045543e-07
-5.791551487879949121e-06
1.924530907726771577e-06
-1.843935324911535417e-06
-1.526487117351954766e-06
-3.525971424386640356e-06
2.864302831206781328e-07
1.986260745734204931e-06
-9.129585549057659863e-06
1.055690054854393107e-05
4.254255217515418112e-07
4.341082923364666981e-06
4.968392099756109863e-06
-2.095682432238657373e-06
2.583739995593837708e-06
0.000000000000000000e+00
2.458118934990509835e-06
-2.043892148655789772e-06
0.000000000000000000e+00
1.142220950036649447e-06
-1.953907812137221463e-06
0.000000000000000000e+00
2.883948794567838400e-06
