1.019382303637208498e+00
1.115671375711667634e+00
9.259005145797598590e-01
6.966005478672150364e-01
9.202947256550336741e-01
9.146011578307435830e-01
7.993005385671204666e-01
1.015180908413555017e+00
1.113394347359619285e+00
1.032292560896385769e+00
1.873807184372298540e+00
1.191310976048814307e+00
1.006792545866939115e+00
4.440930914051727241e-01
1.098862869174927592e+00
9.102243209410044722e-01
1.175316277080695970e+00
8.512744193513884783e-01
1.109478707144874621e+00
9.013903162140182168e-01
1.210610525042278951e+00
8.260295140930531410e-01
1.113709261400171568e+00
9.248327914894104440e-01
1.066840937531166711e+00
1.014893998905616046e+00
1.048795829790977407e+00
1.024049786106377535e+00
1.107741133868156869e+00
1.000573076323756139e+00
1.303086206571190786e+00
1.165377410620632048e+00
1.459190803769574440e+00
1.629598661603099075e+00
1.199078780124184451e+00
1.880101655793257720e+00
1.531668575568586377e+00
1.707870445021772987e+00
2.058212175256608321e-09
1.076652278494410953e-10
5.809356130827099686e-08
4.227505654118176833e-05
4.873381143939525817e-01
1.700979475264881194e-04
1.725324884039542773e-04
1.666956279337634332e-04
1.752509631405597696e-04
1.797569437686505150e-04
1.797651944713705638e-04
1.814539202783916987e-04
1.748338543072277683e-04
1.727399877603297881e-04
1.689026546246650390e-04
1.690119804275618074e-04
1.708535258112943249e-04
1.736281955245130555e-04
1.696609497172904047e-04
1.787683118615137116e-04
1.774992575260154483e-04
1.753645498556482738e-04
1.639019649428047386e-04
1.738790634552566132e-04
2.662137548067960123e-04
3.383922153028738047e-04
2.317623521041082071e-04
1.893158866170008042e-04
1.782413372502447018e-04
1.772362273360200398e-04
1.743137713848422015e-04
1.697889582096999081e-04
1.731594746732319679e-04
1.625591604863971750e-04
-2.588620170489198991e-08
-3.085543782794500111e-06
-3.190269605866496853e-06
1.151003291303886990e-07
-1.307559017644258207e-06
3.933571540610260569e-06
2.765141092292161556e-06
2.825352224059932238e-06
-1.408670864860164642e-06
1.125667927980066557e-06
6.836636272671635058e-07
5.225293947673065864e-07
-9.653524685573248667e-06
-2.301233002238231229e-05
8.432549542588550342e-06
2.768765213420669663e-05
2.049724191074242248e-06
1.603828343536826238e-05
-2.626370888074068608e-06
2.440330357016855175e-06
6.654336191500908671e-06
8.443130795773196773e-07
6.408086889211716607e-06
-1.394405801403224865e-06
-1.706988239991526953e-06
-5.800714253351800029e-06
-3.203826621263000806e-06
-4.703508716683555386e-06
5.349056827947869195e-06
-2.821329809254255171e-06
-4.662921143643819583e-06
-3.010941745153291329e-06
-1.706785681495285101e-06
-1.069512011037831815e-06
2.781323249678995911e-06
-3.851195776517496048e-07
-6.070342356981766292e-06
-4.084594418886809305e-06
-4.360265666324209552e-07
-4.649960858991816763e-07
6.763527856727589397e-06
-5.142227258812373274e-06
-3.026009623543751303e-06
-6.268849927285997679e-06
1.560845282752148581e-05
9.679266195633274970e-06
5.854354439492352106e-06
-8.145275734171891817e-06
1.382264398903903490e-06
-6.061075887400116094e-07
-3.073962060231272327e-06
-4.480839078548646776e-07
1.576732798985257974e-06
-6.601382728080078539e-06
3.090460330004777669e-08
-7.147336400288363538e-08
-1.750652020256933725e-06
1.112191493136775358e-06
1.665327580927246392e-06
3.454153610013225536e-06
3.346927764229971995e-06
-2.094013900403166726e-06
3.579797238421491165e-06
-4.787968068709365892e-06
-3.277269394968207458e-06
5.263276422933932058e-06
-4.050197893201468134e-06
7.670337569627279860e-07
1.898890305898317007e-06
-9.185017546797026299e-07
-5.690073222580838032e-06
6.548803693818857706e-07
-2.602561466233265307e-06
2.877723985563571749e-06
-1.313056496671488467e-06
2.048834768248880827e-06
-6.908636614020416731e-07
0.000000000000000000e+00
1.649963811221376712e-06
-1.610398975034577111e-07
0.000000000000000000e+00
-3.449750812026497802e-07
3.188791866601717595e-06
0.000000000000000000e+00
-8.950363770331565085e-07
