8.946159386513838907e-01
8.823349837905345439e-01
9.527461991508012762e-01
6.449724949614112912e-01
9.712619181053503414e-01
9.203850291971489295e-01
1.434027990355202897e+00
8.946159442762736669e-01
8.823352865573452775e-01
9.527461991508012762e-01
6.449724728180104005e-01
9.712618847026934787e-01
9.203850297264719593e-01
1.434029030500568069e+00
1.015689151389854938e+00
9.860835540023888957e-01
9.196542333979569328e-01
1.087694330134437726e+00
9.289437839641174754e-01
1.076782547148945390e+00
9.611332741646880784e-01
1.040743416292309487e+00
1.015689598637595115e+00
9.860831612229803422e-01
9.196545533941944406e-01
1.087693938835417651e+00
9.289437368591815236e-01
1.076782603026094076e+00
9.611336821511389239e-01
1.040742985002796495e+00
1.015693675710032995e+00
9.860865277979108390e-01
9.196580567220414837e-01
1.087698089560793058e+00
9.289439308748455026e-01
1.076782893164743626e+00
9.611372163900269161e-01
1.040746915101514070e+00
2.930918502396001007e-09
1.102329219693224660e-10
1.177264906572679509e-06
5.413731491491967590e-05
4.489471340416056888e-01
1.793316465766198219e-04
1.821311533690573171e-04
1.411182706228211899e-04
1.308911657779374431e-04
1.143169982630000349e-04
1.573107063568195488e-04
1.871805576600574347e-04
1.940724434718645041e-04
1.841109351239696569e-04
1.922969494752576431e-04
1.817881527507472198e-04
1.835046946289229275e-04
1.837976358070684006e-04
1.872062309443419206e-04
1.814221751113679368e-04
1.922393583702991483e-04
2.044475479917140883e-04
1.682901949982228400e-04
2.457646003255494036e-04
3.758153828772718718e-04
2.086851823331088013e-04
1.841210303155720279e-04
1.768114998815742292e-04
1.913343667244377989e-04
1.797671281209993260e-04
1.750380052646647623e-04
1.783537080031879693e-04
1.880137256531412581e-04
1.917879293064855091e-04
-2.974360877814893253e-06
4.487315605503665241e-06
-1.016523337587293875e-06
-2.954591133344922374e-06
8.702529692068812779e-06
-6.681873966739914763e-06
1.847839879145972622e-06
-1.062175791400330354e-06
1.262711285039529292e-05
-5.465231654584363419e-06
-4.499780601492698664e-06
-1.272451308055590000e-05
-4.356632333994864303e-05
-3.850035607169224644e-05
1.352547973774678356e-04
-5.349331084835940657e-05
3.545684570251757852e-05
-6.914296559003105149e-06
7.711662219964919245e-06
-7.522541630868019886e-06
2.407739803484445578e-06
-4.370150866099201493e-07
8.393735034970493529e-06
-8.614503635261044559e-06
2.983403401486601419e-06
4.321494193669576630e-06
1.485460017554840803e-06
-8.992469889017295588e-07
-4.563641140480185486e-07
3.271462762860196005e-06
9.101780986580709584e-07
-1.019408174786609787e-06
-2.312034967624311089e-06
6.052898968712660659e-07
-1.310506291402998416e-07
2.518264557444195260e-06
-4.690831386722094081e-06
6.020764346018738557e-07
6.310575515019508435e-06
-1.271355106524085971e-06
2.207543480962192290e-05
-4.469786617109224405e-05
5.224820278423358345e-05
-4.542935598628510213e-05
2.274885639189043311e-05
-7.743811677564435000e-06
2.842793559488024121e-06
5.588238832027223178e-06
1.713288675256988812e-07
3.513376080456675431e-07
2.924891432251135092e-06
-1.347445958844280686e-07
5.813124845495300507e-06
-4.174585115138899132e-06
7.122535920620579385e-06
-1.263191087153911389e-06
1.276516804144712984e-06
-1.202988231874063399e-06
-4.986570350599297042e-06
-5.566568166903403122e-06
-1.611703008702949326e-06
2.558259365907332388e-06
-3.749284927893158019e-06
2.964515681210414183e-06
4.249615655404507016e-06
-1.398391491693054612e-06
8.399585415576536515e-06
3.094985172252678834e-06
5.053104768153383997e-07
7.489050359253682167e-06
3.449225603933749812e-07
1.232828220604539019e-07
-4.577654363509528398e-06
-4.602452903847664329e-06
-1.421652830964758957e-06
3.164180872364090536e-06
7.130089331503971135e-06
0.000000000000000000e+00
-1.365057077623932840e-06
1.233806935330887711e-06
0.000000000000000000e+00
-3.848615089772268612e-06
4.276927066426216187e-06
0.000000000000000000e+00
3.119516806451055770e-06
