9.096406784277830671e-01
1.043455281003190738e+00
9.290780141843971718e-01
8.758601710451645594e-01
9.082575345922074828e-01
9.035853352978296948e-01
5.168783304981616755e-01
9.049636654304267225e-01
1.050242582238948064e+00
1.077418693196934285e+00
1.375976718625844253e+00
1.112437535563317592e+00
1.061812813132384292e+00
6.723019059439050427e-01
1.094961173391063358e+00
9.132815138840353342e-01
1.110879062665992567e+00
9.002894801404490721e-01
9.755150865632804535e-01
1.025137309450772305e+00
1.183193151178687064e+00
8.464523039135412041e-01
1.099701286618677720e+00
9.177576041511500415e-01
1.066876211679784525e+00
1.038531241658073201e+00
9.676141703350753520e-01
1.134734084293108403e+00
1.086997845424325204e+00
1.003914645773819281e+00
1.286145582204961002e+00
1.059003514887252528e+00
1.335183526579869717e+00
1.828437182911515801e+00
1.181489021756886526e+00
1.941899326595853070e+00
1.343797877652039396e+00
1.952916984773085396e+00
1.924937396626610815e-09
1.088585029869577734e-10
5.140031903275112725e-09
4.387036269846328904e-05
4.297575873258255852e-01
1.808309173798928234e-04
1.769182811603123198e-04
1.785721251430354443e-04
1.783579341650433890e-04
1.744651022012878286e-04
1.833771887574931186e-04
1.756771852137446830e-04
1.794412753729823567e-04
1.734808572045128290e-04
1.736568661406995328e-04
1.769499266058815177e-04
1.764064371205070183e-04
1.702365272366335169e-04
1.720320906443111714e-04
1.773565288628313095e-04
1.655029278530819529e-04
1.889122822572214034e-04
1.681828748707236466e-04
3.182533526203890550e-04
2.312959937579289879e-04
1.785957696924949409e-04
1.765277665227563998e-04
1.833881734260534794e-04
1.754269980405573001e-04
1.816211277460144245e-04
1.743692562755926089e-04
1.722599763406421959e-04
1.771448189269215654e-04
1.760883579095008904e-04
8.880103042761973401e-07
4.869189414758604229e-06
3.986903408324296279e-06
-1.768970801572354547e-06
7.087597826362389566e-07
8.068607839560198245e-07
-1.065512093255751790e-06
2.681113647537343407e-06
-4.354142698745285435e-08
-4.865820851626078263e-07
4.564608589986707005e-06
6.861113588563518313e-06
4.911004462985030071e-05
5.745646475377685870e-06
-2.832336801225799624e-05
1.572084203676129280e-05
3.045261139901161789e-06
5.910778708470570071e-07
1.992441611204882910e-06
4.336590237143630598e-07
-1.139422912837084489e-06
-3.653667255631792314e-06
5.134311639362683935e-07
-3.806957746625232255e-06
-1.908313851480146092e-06
2.066298918347145561e-06
-2.879307718488621914e-06
7.769608329115253386e-08
2.562804944765025322e-06
-1.125175970859125309e-06
-1.972475057638246639e-07
-1.571550328476948092e-06
2.343115799407183443e-06
-4.632711256588471574e-07
-5.091418184562743249e-06
-6.530854439541733495e-06
-3.656539653084213508e-07
1.345323410986042132e-07
-5.376975926803301121e-06
-4.719560666840079578e-06
-1.726656396031824438e-05
1.788287870542436061e-05
-2.725018063918213090e-06
5.834176143488583367e-06
-3.703941834158995014e-06
4.468296418936963691e-06
-5.533206519881407085e-07
-9.014008257705053494e-06
-6.906991091453578604e-06
8.959554459763889910e-07
-4.872809574563976095e-06
-4.154958093161654069e-06
2.997439296861965840e-06
-6.830121015676972177e-06
1.695412609464155844e-06
3.178391328182203372e-06
-5.641272594681760722e-06
-3.806982927448990504e-08
1.120342965752454937e-06
3.672100088684249588e-06
2.939523642346066722e-06
-3.207753065719999937e-06
-1.791258630980871955e-06
3.870997995321401894e-06
-1.862125741342955403e-06
-1.577552440437423270e-08
-1.579663839991115053e-06
-7.214529254886480275e-07
4.058788148239894761e-06
-1.478052357257377476e-06
-1.025121319388426269e-05
-7.800728238735502279e-06
1.440680717534637734e-06
-8.495001302927495405e-07
-1.263966321300635925e-06
-2.365600628933594641e-06
5.046321439962008801e-07
0.000000000000000000e+00
-1.868552140338398576e-06
5.173378109794891706e-06
0.000000000000000000e+00
2.270457589215126363e-06
-8.914325638526886015e-07
0.000000000000000000e+00
-1.434422160535348225e-07
