1.025667625700994012e+00
1.048270127688440745e+00
9.527559055118112186e-01
1.081581430556117773e+00
8.909703712012850829e-01
9.704631423502529941e-01
1.520096632383424740e-01
1.030792796807902256e+00
1.031625230413478533e+00
1.090708474349745272e+00
1.325511847787451014e+00
1.129910103211122951e+00
1.162041605351978202e+00
-9.756492290170651338e-02
1.016996575068785935e+00
9.882596589798592346e-01
1.093393709905125633e+00
9.162124030194329638e-01
1.005865047141050406e+00
9.986881124532041021e-01
1.073139321685870895e+00
9.415086744402801910e-01
1.036081909737469164e+00
1.004108641081300934e+00
1.083857334364883407e+00
1.037313152769313795e+00
1.073151114477055135e+00
1.117886170607234275e+00
1.108834526407593835e+00
1.069978985522786807e+00
1.445217431202418634e+00
1.335659335123575264e+00
1.575679197419523447e+00
1.861850399069960638e+00
2.001413121211699231e+00
2.209331617823697247e+00
1.780517923559558291e+00
2.310341045652714698e+00
1.758297899431310196e-09
1.013830542828677182e-10
1.759241708482819392e-07
-6.668933079782047541e-13
3.913983967425881394e-01
1.775096782739295459e-04
1.787278925577464879e-04
1.729911727595977492e-04
1.817406835451202231e-04
1.633306678065132638e-04
1.633298654120949667e-04
1.795125877665625785e-04
1.767832938461047477e-04
1.793882907345365949e-04
1.751412126103091011e-04
1.808078864100295296e-04
1.801494726296531599e-04
1.844346000382083596e-04
1.754353267077309812e-04
1.875709153377013816e-04
1.596715648126870277e-04
1.989678536366256138e-04
2.274976455435492873e-04
1.886683091796590513e-04
1.800734589626336269e-04
1.759652589578221318e-04
1.839295267958086289e-04
1.773746399457597407e-04
1.812947278480720988e-04
1.744197122654650716e-04
1.753938239461479154e-04
1.773133383157876174e-04
1.821156550134601926e-04
1.745153758932934665e-04
-1.533736147733338943e-05
1.284633248066918336e-05
-3.475096221021055266e-06
5.667489017343072084e-07
-5.873139957279543250e-07
9.596564210283473265e-07
-2.998602398218950805e-06
-2.231100684063822298e-06
3.043651377952141569e-06
6.552485847456141386e-07
6.694022615219242798e-06
-3.483586261356329837e-06
1.641207779226967398e-05
-6.697694463095549743e-06
7.072036251775460895e-06
-3.980536379878916308e-06
9.208449785454596622e-08
1.104784124398445994e-06
-4.901657402546346699e-06
1.735632478582709037e-07
1.984832539620926414e-06
6.894918091003926341e-06
1.263656355004065883e-05
-9.114538254367943278e-07
-2.418158754301324572e-09
2.610734904557370265e-07
4.078931227802571692e-11
-2.247337815685388270e-06
-1.338398130196844276e-06
1.641723353022385175e-06
-2.277932489193581591e-07
-1.315958519649523459e-07
2.096003476899169504e-07
-1.630795532261030577e-06
-6.951586905533802813e-07
-3.423346119612960490e-06
-1.497345605864463732e-05
-6.213152060073795444e-06
1.920970594905423758e-05
-1.221162034203633559e-05
6.409585199661047168e-06
-1.524576859743252775e-06
1.103387093597183868e-10
-1.375128390652060404e-06
-3.439987895712482526e-06
-3.154391089318160819e-06
1.634490071480975655e-06
-1.254727648601197468e-06
-1.356886888647132493e-07
1.666711270202623914e-06
2.644866726101406865e-06
-5.665946016042786721e-08
1.056530941960405885e-05
-3.795351075499610833e-07
2.276290212730189978e-07
1.092475218242516138e-06
-2.431345447418707151e-06
-1.473210372949262909e-06
-2.323273887858923268e-07
-3.707072335956657395e-07
5.161409768781381228e-07
2.790834180496966862e-06
1.863085618531664716e-06
-4.192843780477367280e-11
-7.206736654488290933e-06
-2.282492854474354838e-06
4.120426957547854800e-06
-3.794807608542268941e-06
-1.071337937015608585e-06
6.319364909822190829e-06
9.190315658525513764e-12
-1.636362277998557795e-07
-3.666055063086866277e-07
-8.013606233330407942e-06
-2.011600914839713015e-07
2.484710705885080273e-06
2.525316336333039968e-06
0.000000000000000000e+00
4.317998185541163924e-06
5.680966476844647123e-06
0.000000000000000000e+00
1.094323528921700868e-06
2.568544625427611499e-06
0.000000000000000000e+00
7.456806034511999004e-07
