9.278061448329759653e-01
1.065789047066417528e+00
9.006396005062080601e-01
9.344156885257035583e-01
8.728250471589267256e-01
8.924866639942476976e-01
8.313680221393665581e-02
9.174158747872148689e-01
1.125279976068526366e+00
1.125439903984247092e+00
1.718106269064098912e+00
1.100855127485877105e+00
1.170983123823287730e+00
1.071010309923167703e-02
1.167900124655750993e+00
8.565010113431129612e-01
1.119183519620273515e+00
8.947055420585885432e-01
9.780950217381617628e-01
1.023559565059490417e+00
1.152848184253477015e+00
8.689159426532840902e-01
1.239939168894616639e+00
8.389255983522250215e-01
1.155073346406142676e+00
9.628545517590523239e-01
1.132353712201850104e+00
1.174166647878811309e+00
1.211007277759615475e+00
9.630559728034512323e-01
1.639391966599863304e+00
1.051012171593397992e+00
2.196070000782964993e+00
1.403080912487164156e+00
2.571734688505738387e+00
2.129509551196782535e+00
2.494599953876811327e+00
1.513994263183301658e+00
2.326131100254238148e-09
1.278788385685637476e-10
4.968243054362084124e-08
3.341619920969693565e-05
4.882769580866656023e-01
1.749892521039911808e-04
1.781340909153534104e-04
1.786037324099890456e-04
1.789972252761669368e-04
1.750043081635237587e-04
1.898414054932217915e-04
1.981728223086784652e-04
1.914653778297357436e-04
1.870245975213161074e-04
1.784095785410652938e-04
1.771826765111352096e-04
1.779045575606254866e-04
1.764413953172477953e-04
1.679088420594430399e-04
1.816654967774986300e-04
1.821237757391439189e-04
1.779142503099682190e-04
1.940272326426970896e-04
1.681136159402669516e-04
2.360942508749920381e-04
2.438927400137779324e-04
3.113137381798793298e-04
2.664253756147506045e-04
2.019591900739797037e-04
1.841937158872655137e-04
1.793817617060024130e-04
1.763746301958505572e-04
1.766345328133420611e-04
1.706885441198152339e-04
-3.303688803134730289e-06
1.466820525207719690e-06
2.767164468041730156e-06
-7.498282156773502784e-06
-8.052195509898804740e-06
8.406224844248031997e-07
-2.316876397466987089e-07
-7.720459831678705164e-07
-3.794868417528756051e-06
-2.745635866296688854e-06
1.174244828276162495e-06
1.786510559089848852e-06
1.708073132241993872e-06
2.402698038131361434e-06
7.280088954317800337e-06
-6.931698174205308715e-07
3.573536102154798293e-06
-2.505638350668511204e-06
7.537703483955458551e-07
1.181424041102620472e-06
-1.535750884574256046e-06
6.377133646935799221e-06
1.432543040830247321e-05
-2.173021132193474385e-06
-9.126892016398119108e-07
-6.264964455410596328e-06
-1.417035585109642023e-06
-1.940399856828147492e-06
2.207944641109775163e-07
5.877705965678940532e-07
4.470164726202231808e-06
7.125277263674106505e-07
-2.837798504529104040e-06
-2.850716021136528229e-06
4.011020270918044225e-06
4.838492270354189837e-07
-7.084683904913026306e-06
2.665042711566298628e-06
-1.567827518723957287e-06
1.538387030310131716e-06
3.190499495080716479e-06
-4.657549789752432987e-07
-6.074311722185388805e-06
-3.808312827942154401e-06
4.393925869538284470e-06
-1.728742865761899383e-06
-1.862105048600640406e-06
7.436058576777102250e-06
-3.652824545409787325e-06
-1.953082036361919010e-06
-4.106821320834209346e-06
-8.816982692386153778e-06
1.161239992095303966e-05
-4.656070292630477542e-06
-5.832118784802967737e-07
-2.867155679293758334e-06
1.313220565322379404e-06
1.998793953507668574e-06
2.200483994479636328e-06
5.214480274480294388e-07
2.420754819924662966e-06
1.199009017983807244e-06
1.738749821347018772e-06
-1.404161809742814536e-06
-1.985105112901677342e-06
2.166115529600845155e-06
-5.758186485711420625e-06
2.422654817297000676e-06
-5.366029660361457942e-07
-2.049923913211697550e-06
-3.362182482642210592e-06
-6.631978299806185143e-06
1.221302727294411821e-06
-7.467175214711842607e-06
2.344325481645694594e-11
-2.551908881635071002e-06
1.323780001958755868e-06
0.000000000000000000e+00
-1.136556113294829924e-08
9.413547760782468057e-06
0.000000000000000000e+00
-4.188757728386562543e-06
2.820349772031416921e-06
0.000000000000000000e+00
-1.272403742002408386e-07
