9.621186671146814140e-01
1.016190089636498151e+00
7.375078157415101421e-01
9.049225347251275142e-01
7.091551538094142959e-01
7.040046624121162333e-01
4.423766241623707796e-01
9.591675171706763869e-01
9.971507600641833502e-01
8.345999518935532935e-01
2.733194246331516641e+00
8.175715887608827614e-01
8.133284343647370074e-01
-8.349040994797617132e-02
1.033351894010066108e+00
9.695037693523103073e-01
1.350659172516574191e+00
7.458004857066122817e-01
1.403419268044004298e+00
7.714191718965313083e-01
1.546646056504529909e+00
7.341706730375735512e-01
1.049983152952113308e+00
9.806724733269023275e-01
1.430886838755237811e+00
8.538563439222270901e-01
1.452171314724671758e+00
8.766171217159065554e-01
1.605446797451760332e+00
8.342198103765363637e-01
1.297841536015844621e+00
1.140605037316164250e+00
2.191541593111338226e+00
1.484539870652064941e+00
2.492806797512386208e+00
1.685397974896060580e+00
2.762704096412337940e+00
1.501439579960692328e+00
1.649179569119427188e-09
7.790500693086456646e-11
7.207018884748177200e-08
-3.893853410125963752e-05
3.071575993303686802e-01
1.215177205539150868e-04
1.453989974589493730e-04
8.903270917004556077e-05
2.272994219951731196e-05
-3.291091092046811962e-05
7.553097773098333767e-05
1.755487730737771202e-04
1.766128110325978335e-04
1.753249615573881600e-04
1.723450225435499980e-04
1.770991002956214238e-04
1.733378960106879516e-04
1.809759334546404282e-04
1.629209959128246937e-04
1.870760745686478560e-04
2.028845205068263247e-04
1.793850627139705230e-04
1.850600751846499760e-04
1.795373001814576657e-04
1.725705340029882139e-04
1.789301525287235886e-04
1.776093108511594422e-04
1.778816729138013000e-04
1.742948178679654863e-04
1.801046174854383192e-04
1.760032468670700689e-04
1.287257534891133866e-04
1.270153497066477707e-04
1.278154426989017698e-04
-2.636951208475504338e-05
6.877979243248420606e-06
-1.766753043515534734e-06
7.256239762020400902e-06
-1.046033604513605364e-06
2.331180678784284129e-06
2.229359368258502792e-06
-1.883245345931454055e-06
1.423711208516818869e-06
-1.085261107252639498e-05
4.764211342304851301e-06
-1.300141938800044572e-06
2.441475780545363077e-06
4.413505932974576726e-06
-1.390380274954853546e-06
3.618465700080032167e-06
2.192386022135933411e-06
-2.747687146366986056e-06
1.623586326707800380e-06
6.628498397288896837e-06
5.363132895535108778e-06
-4.746223355793375626e-06
4.206487386903448968e-05
-1.566784364756192990e-05
1.860369688886744984e-06
6.249788218173591041e-06
-2.633676842787685096e-06
5.197567522281456063e-06
4.170051428427658664e-07
-3.109088270335835461e-06
-1.432795119611263492e-06
6.152832013327372056e-07
-1.392560858512781159e-05
9.470900074695648977e-06
-2.279071624081202402e-06
-1.805316041337712414e-06
3.771774999849104876e-06
-1.118527857283499837e-05
-1.914382138419389776e-06
1.547863724599037530e-06
-2.893926287150553017e-06
-5.839109072561216511e-06
-8.964419493570282268e-07
2.807753912636017699e-06
-2.611043121611803539e-06
3.494925725387594467e-06
-2.474811932424026901e-06
-2.266716951035486884e-06
-5.065990980593814318e-06
1.013455829333461288e-06
-1.581578050521911234e-06
-3.775717587929828372e-06
2.233684131972874545e-05
-9.392215355339329395e-06
-4.507461513430320775e-06
-7.609818134761734505e-06
1.399842810634487601e-06
-5.848029511603881726e-06
-7.275862470465164128e-07
7.309973944758542598e-07
-4.444392597871376144e-06
-1.653781009297861237e-06
-4.356836426501399612e-06
5.562666273675279296e-06
-2.515767539930626418e-06
4.069290638823969375e-06
1.980598281739270608e-06
4.135066698665328837e-06
-5.577676447746105355e-06
1.515360985806686185e-06
3.635670015532186511e-07
-4.848144497199048674e-06
-9.609510393305975375e-07
4.157004612603639269e-06
2.734864940399950474e-06
1.037339903841451439e-06
1.407096100961712529e-05
0.000000000000000000e+00
-7.279249303455224652e-06
1.098184443040137171e-05
0.000000000000000000e+00
-1.338145609799822833e-06
9.021394444414329870e-06
0.000000000000000000e+00
1.521613129997707667e-06
