8.692547321002033200e-01
9.610875764637407670e-01
9.066625183341482375e-01
1.647338280151184886e+00
9.583775885319316679e-01
9.227032302312068168e-01
7.607815197971570242e-01
8.446219088988764501e-01
9.971182518060321964e-01
1.086634299275418103e+00
2.627709399035662585e+00
1.196833395791629950e+00
1.110796958124343536e+00
8.355861227324654639e-01
1.208455049657930491e+00
8.275603703076401807e-01
1.066478484555640094e+00
9.384755803864842649e-01
8.519907252816359966e-01
1.174695722773589912e+00
1.055040912537296816e+00
9.480222061361018859e-01
1.256739221923361516e+00
8.191552168521566424e-01
9.946035837058299078e-01
1.066605724125341048e+00
8.644930305247082725e-01
1.267706346341480828e+00
9.887295971578162757e-01
1.074561673746455837e+00
1.565961250658129078e+00
1.018914076228994547e+00
1.276416975585145330e+00
1.534567327803085579e+00
1.069551700413531536e+00
2.122111971961160304e+00
1.313931693874817785e+00
1.665570284706157533e+00
1.983236949519737414e-09
1.178773413047997391e-10
-8.403528591347699554e-07
-1.600160253887151720e-05
4.621771217712177249e-01
1.744951577452605817e-04
1.686428889498658556e-04
1.674083782936047413e-04
1.804424745013308642e-04
1.702646119925626872e-04
1.727464691548988383e-04
1.850921913344752640e-04
1.837866580438717989e-04
1.781424621142694610e-04
1.750756859212389564e-04
1.811188692326338924e-04
1.764389065188754348e-04
1.779125953038687138e-04
1.819008328098246593e-04
1.869493882352350864e-04
1.838246491479291974e-04
1.787436304434676464e-04
1.747666285565624574e-04
2.242909586566605470e-04
3.283010617084644285e-04
2.398199273824777795e-04
2.110636924532636690e-04
1.837178542440124035e-04
1.855545378299382924e-04
1.806161361588180868e-04
1.733088720607531470e-04
1.780035585641173050e-04
1.758423692898604114e-04
1.721257604663122324e-04
-6.981470123263443475e-06
4.808722189603399519e-07
2.034981819622725715e-06
-1.467153226403827042e-06
-6.693206345749814920e-06
1.850140577934681797e-06
-4.129033581991262682e-06
3.813713059081324111e-06
-1.374707685088025331e-06
-8.534141050218198648e-09
3.063713697050613626e-06
1.360391811559750049e-06
-4.055099449559589300e-06
9.820694716212963296e-06
1.682919073493828487e-05
-2.248260037746049761e-05
1.213283499881334668e-05
-8.115074502755553884e-06
6.334614000741125295e-06
-7.578977014101839230e-06
-2.314723547025039584e-06
2.564186842944555099e-06
1.687377307221955757e-07
-6.093832993532904570e-06
4.544825578332975765e-06
5.303263705744135023e-06
-1.468649673130436606e-06
9.641629430420718693e-07
-1.400673238621169178e-06
-5.170793951109189621e-07
-3.160218644699773850e-06
-4.583163101041132653e-07
1.744424083176033339e-06
5.551304060425558262e-06
-3.936372396200190671e-06
2.219951844084897413e-06
1.821388812258163054e-06
1.016124863454226693e-06
1.259521942550442821e-06
1.176845323209718076e-05
4.770138312256889352e-06
-2.176242153631187286e-06
-1.576059792726977420e-05
-3.190532598984304877e-07
-1.830304242162133548e-06
1.328548771591165533e-06
-2.969104484332985425e-06
1.217039974782395555e-06
-1.067178191576697201e-06
1.735996170938571226e-06
1.059605693582034445e-06
3.361074204303111074e-06
-2.530041370172956355e-06
-7.349201762313358267e-06
2.819382801284494896e-06
-4.435993836487177403e-06
4.165661021985012647e-06
-3.051343473077335329e-06
3.742415650345721758e-06
2.645231892520939408e-06
6.940428959130395838e-07
9.116754035599112464e-08
3.413014966606106762e-06
4.810924269771392710e-06
-2.811224665666290388e-06
3.274473849683041073e-06
7.310852177888018983e-07
-6.120421044003502042e-07
-2.804633830461197487e-06
-5.634150396647989777e-06
4.976750112802112906e-06
5.574409736410645914e-06
-1.598082275072357334e-06
-1.116723994749320670e-05
-9.109103083046313241e-07
-3.593852841129176700e-06
4.578857658845431885e-06
0.000000000000000000e+00
-9.946804147455913055e-07
7.105259053066131235e-06
0.000000000000000000e+00
-1.289111559270206234e-06
3.101719772061780072e-06
0.000000000000000000e+00
1.048208668932598177e-06
