8.470510334772100025e-01
1.128984808704796894e+00
9.858156028368794122e-01
1.961396106860244126e+00
1.042247747661232626e+00
9.663667183777600034e-01
7.507385252570888401e-01
8.442756613691129175e-01
1.129828141894242435e+04
1.072397196057521152e+00
1.604736783393942169e+05
1.245859414169472767e+00
1.155351114521435907e+00
-1.932197946332148586e+00
1.406840021222715675e+00
7.110662369993843157e-01
1.135649346625337897e+00
8.805537994579283323e-01
7.501660473009941210e-01
1.333588380814070717e+00
1.118455201275921462e+00
8.941503983307467207e-01
1.591212629702454069e+04
6.588006298371924530e-01
1.800866045385364487e+04
9.153016731171588205e-01
9.368441715215641841e-01
1.371621252538616664e+00
1.712004729956789379e+04
9.791469240671244467e-01
7.423813543374948495e+04
1.107829802373840433e+00
9.571143345573489205e+04
1.666475222038313664e+00
1.353060017497851764e+00
2.169541408612244204e+00
8.878809938790183514e+04
1.905516990462305715e+00
2.197139868920919899e-09
1.285943709533452961e-10
-3.684542062488445731e-07
-4.135635602925833636e-05
2.924672350171777513e-01
1.901226684779259068e-04
1.887535473036889145e-04
1.836169461696595740e-04
1.918146595296964848e-04
1.778642402618120901e-04
2.221956939953812458e-04
2.237661357920666630e-04
2.121022130085331581e-04
1.958674212548654225e-04
1.941953601444885655e-04
1.855275625329923835e-04
1.878966507832399106e-04
1.822386190666191606e-04
1.914518383928545241e-04
1.977840203959645691e-04
1.777070076466605243e-04
2.055656402839441924e-04
1.637986860401414633e-04
2.470915570962922301e-04
2.271812254526879235e-04
2.009094530914144142e-04
1.897721888091567571e-04
1.793017450350322946e-04
1.913367905421058568e-04
1.853244345790429207e-04
1.920811923057842859e-04
1.909718417144562843e-04
1.876378353869401986e-04
1.841269925046954325e-04
-6.412386096536832722e-06
4.641551327909140683e-06
-7.648798363735017530e-06
1.054538952096378243e-06
2.871397809007055933e-06
1.750366693644760623e-06
-1.263074293370998792e-06
3.839345924118906448e-06
-5.263330797889916406e-06
3.110547819836033424e-06
1.135455082413050407e-07
2.273603503865036453e-06
9.010431521700503496e-06
-1.961577212287934024e-05
5.305864787267867128e-06
1.964285298336366324e-06
-1.249615919001119045e-06
-4.542573613377305137e-06
-6.158947267653713833e-07
6.461446303939465016e-06
-9.097698508270049177e-07
7.151642925202913542e-06
2.176510846553410668e-05
8.798543215535657151e-07
2.750207763402013106e-06
1.259564289052226918e-06
5.144258447305538932e-07
-4.671781135503849677e-06
-6.653811325170147993e-07
-7.864342848096351300e-07
-2.503189759366262800e-06
3.368582010388185026e-06
5.098495693023725308e-06
5.533027260363682491e-06
9.308704200664436318e-08
1.141246229713324837e-06
-9.045712760997986262e-06
-1.170222558933816470e-06
-5.330554237013722100e-06
-7.336705645269661549e-08
-1.220898251019918127e-05
8.502248168605529370e-06
-1.098261562989412665e-05
3.630778912813443202e-06
1.729792288264677806e-06
-1.333186646940348924e-06
2.414148815975967499e-06
9.809827315764793417e-07
1.471123251880335260e-06
1.786343045107645316e-06
4.146398791245332267e-06
-1.067659132366311409e-06
1.678971126887913651e-05
-9.764447387819346941e-06
1.397158180229797776e-06
-2.880130834764016734e-07
-2.969044777920565552e-06
-2.676622705734518610e-06
3.661061320235927751e-06
-1.591129880713771870e-06
-4.422764547744064727e-06
-1.871175593424561559e-06
-4.432510253870582311e-07
-2.545481238726621646e-06
6.079315867848126077e-07
3.514652916911816653e-07
-1.397492629276317404e-06
1.179757516235665913e-06
2.046474959532271821e-06
4.535884468559262123e-07
1.200046362516881727e-06
-1.162909722567857478e-06
-2.255838690706110827e-06
1.598743772759672516e-06
-2.264511088138952442e-06
-3.361665382140847784e-11
9.067481660860762473e-06
0.000000000000000000e+00
-1.997812554475049714e-06
7.089293446219944157e-06
0.000000000000000000e+00
2.195492296215434775e-06
-3.892609351286560294e-07
0.000000000000000000e+00
2.520994875015589456e-07
