5.770184226672840921e-01
7.815545758532141951e-01
8.843334400963936970e-01
6.934544583014476959e-01
7.946994741453883293e-01
8.757278823278008550e-01
3.072906592001231271e-02
5.744412395496389934e-01
7.202429291731995420e-01
8.701457591965926497e-01
1.867270760565145293e+00
8.122968234378689090e-01
8.812476689613384373e-01
2.021553688895237622e-01
1.273078479873640978e+00
7.865425564128658564e-01
8.905318162294661999e-01
1.123138402348768272e+00
6.761766873334117411e-01
1.481831523839224340e+00
9.009845280517023713e-01
1.110440080961751175e+00
1.241396782471298810e+00
6.502361867051143236e+03
7.683605352552826950e-01
6.025827921938916916e+03
6.958415786054745755e-01
1.534022832896726030e+00
7.611023974603703390e-01
5.728166009335050148e+03
1.864789327000676344e+00
4.379955500505560485e+04
1.130704828443666710e+00
3.954066748798306799e+04
1.095575960204608901e+00
2.330935623855106886e+00
1.138652951804759006e+00
3.877228072674938448e+04
2.858873624594726985e-09
1.505501324464300599e-10
-4.688720633180214399e-07
4.187055659147054883e-05
5.555502419719354767e-01
1.959016670836828417e-04
1.986371106011001531e-04
1.839600537044957054e-04
1.929069910283963494e-04
1.857829771506097800e-04
1.992496608188964319e-04
2.482713326597417620e-04
2.134236145932496848e-04
2.086132473236435969e-04
1.927173463949345645e-04
1.983878214690524048e-04
1.941027080828422577e-04
1.949784707449846079e-04
1.923093537039113118e-04
2.007393787247762208e-04
1.965066310637250853e-04
1.939879894409084486e-04
1.995180540212898113e-04
1.910520481355086674e-04
2.019906037247148423e-04
2.624130696348535166e-04
2.629766129981894783e-04
3.364446307986133011e-04
3.334199846670634357e-04
2.501506163797480049e-04
2.094808005387797229e-04
1.940645814540681931e-04
1.890041250922508431e-04
2.069130364203790578e-04
-4.341348168977533274e-06
2.508372765694248935e-07
9.963329238337307091e-08
-1.735172502252187876e-06
-5.296268519437902751e-06
-2.905330718820290629e-06
1.013041220408988908e-06
4.624586848088482427e-07
1.072407348454087025e-06
-1.092369126654782660e-06
5.154915476105885894e-07
-4.230126264194688976e-07
8.488277427497987261e-07
-3.443419508614697284e-06
-1.355133007129586320e-05
1.806888943862490780e-05
8.265334810709723130e-06
3.294940189081433480e-05
-4.290257029445524196e-06
4.632883897604929403e-06
-4.527199139518613697e-07
3.865346982962218877e-06
8.398280989084547533e-06
-5.080920937748790634e-06
5.062443291776980392e-06
2.613703698033375142e-07
2.793978604946963936e-06
-4.250068209829357442e-06
1.995309996137815678e-06
-1.679040756533634113e-06
6.034443737499291332e-07
5.223719900079421450e-06
-3.758350022087579456e-06
-4.159553141817288656e-06
2.390416813539479010e-06
-2.470381737499399003e-07
5.955130674069924739e-07
-3.054232953996066189e-07
7.387815407376989699e-07
-3.908732668909383650e-08
-4.794341904903202621e-06
2.849864559191313718e-06
5.840039092020239770e-06
-5.228963805652041017e-06
2.098958500856364071e-05
-1.628903948390611476e-07
-4.523435712036336570e-06
1.120715049765018115e-05
-1.097119470448252793e-05
-1.649568670427489812e-06
-9.481275483786928622e-06
2.376754514101193558e-06
1.534540871499631205e-05
-4.455976493402549389e-06
2.590953526024128609e-07
1.096416653295988413e-06
2.005706273774744096e-06
-1.753508154064059365e-06
1.734217550959701439e-06
3.000029043065001811e-07
-1.073434903558757402e-06
2.404673202165959186e-06
4.092278080250265920e-06
-3.213775114483435776e-06
-1.417237535669159055e-06
1.884488674947994738e-07
2.632041520533954122e-06
-3.181339092494064438e-06
-8.811815410906270045e-07
-6.787597125728812431e-07
-1.382358684831927110e-06
-5.535421157882300818e-06
-2.255638846247165633e-06
-3.820944122548268212e-06
-1.953686315906668348e-06
4.503584349022893862e-06
6.114806038584531059e-06
0.000000000000000000e+00
-4.990841901401368245e-06
6.612062913372554116e-06
0.000000000000000000e+00
1.228016794893008702e-06
6.011203542737340988e-06
0.000000000000000000e+00
8.399275600428391355e-07
