4.869294976445205370e-01
8.937083892456127998e-01
1.003448275862069305e+00
1.531395717240468635e+00
9.500428905450077899e-01
1.111008715554510529e+00
-9.115626322371145340e-02
4.382915373340670051e-01
8.974553747574041118e-01
9.158170650080326158e-01
1.906157443908915727e+00
8.632992528920644393e-01
1.016942034505272874e+00
-6.818309793921688289e-02
2.109040632090225742e+00
4.743389867229405032e-01
9.280261836749374993e-01
1.080310000228498435e+00
4.511957970195877854e-01
2.229378989242985831e+00
8.267870199832176858e-01
1.211466643367934193e+00
2.429932143870154881e+00
5.180086134892513128e-01
1.011153043843092680e+00
1.174282716581786401e+00
5.117432019811107846e-01
2.307667828633213070e+00
9.406261233879420480e-01
1.292503019168822487e+00
3.580968514841514683e+00
7.538577007175095712e-01
1.585314632137377888e+00
1.762990204757842516e+00
8.901858428987504679e-01
3.840200646415747432e+00
1.572218607598703688e+00
1.949741591130613738e+00
4.850489778574860159e-09
2.609973281543774793e-10
-4.254437719596451811e-07
-6.421931269081723888e-05
2.481231708868812669e-02
1.973075675162451253e-04
2.015119776588931619e-04
1.675092249954522941e-04
2.606754801993101459e-04
8.791556536612876488e-05
4.183792123581868893e-04
7.413039761345266302e-04
5.869112694520826814e-04
2.508760899735035027e-04
2.408262170320590737e-04
2.464345800842408611e-04
3.039338901779973330e-04
2.807504870864367978e-04
2.288601375195418162e-04
2.088430995759226545e-04
2.087223662256873068e-04
1.992618772494177766e-04
1.933396769387814242e-04
2.007186097932458580e-04
2.900531836131695594e-04
2.385229071762973163e-04
2.001667954619683700e-04
1.888951392904994497e-04
1.969288829608023962e-04
2.012515226269054585e-04
2.095625645638791502e-04
2.007182366635782051e-04
1.986608306593104045e-04
2.002169665653138390e-04
-9.901682160408901848e-05
5.670820060466288579e-05
-4.121869085199675504e-05
1.272397107417132550e-05
-1.083320668207204713e-05
6.271181287623210182e-06
-2.944007607415383962e-06
-2.076046396102367599e-06
-8.606140575353712465e-06
2.387239548659251760e-07
-1.024040966692976938e-06
2.810746533830367749e-06
8.548374593974766177e-06
7.970027061873883619e-06
2.957142665972381564e-05
-1.788909047405300428e-05
6.933436503513067695e-06
-3.846962979729354910e-06
3.500433872844926405e-06
3.149783007401305133e-07
-5.201069303753258550e-07
3.322274509484486019e-05
5.825708550697927227e-05
-5.652035932344626277e-05
2.420726016733730664e-05
5.660696207762799939e-06
7.532523367075178878e-07
-2.688738185166940990e-06
-6.174822138292344309e-06
-1.407869594465138537e-06
-2.727203563972238204e-06
-1.128870250475531897e-06
-4.375917883192534475e-06
-1.662520874097044228e-06
-5.457983366226908369e-06
-3.449399623599847524e-07
2.726000680102887143e-06
1.734687202136782525e-06
5.613905684192630984e-06
-1.047270222985239599e-06
-1.168305400131264272e-05
5.868641717064271637e-06
1.498867902705107482e-05
-8.564859651430801172e-06
-7.579194402954351196e-06
-2.337354078202526767e-06
-3.688145684095178143e-06
1.832290616363413202e-06
3.395891555002001889e-06
3.367877351625140046e-06
-1.197083877169518402e-06
8.432538922156568637e-06
5.014938401622379214e-05
-2.879094192051098315e-05
8.147840960166441633e-06
2.194143538137371011e-06
1.438035537071856228e-06
-8.276714813991647245e-07
5.031077959312593675e-07
2.892940166091532163e-06
-4.212177964875822103e-06
-2.318947876644374353e-06
2.445759457346048687e-06
2.301242225523518139e-07
-2.749096376716308714e-06
1.239757034949862078e-06
-2.454195956941504108e-06
5.690349758340565523e-06
-2.333116318904200744e-06
1.009663978618025765e-06
-2.232531342219075481e-07
2.228579150605617654e-06
-5.073566789920732146e-06
2.406276247808892393e-06
1.905658950152228320e-06
1.745530062628611579e-06
4.684412779567829663e-05
0.000000000000000000e+00
-2.531727125907696298e-05
4.676150589170193763e-05
0.000000000000000000e+00
-7.284705061828328280e-06
2.568862257152900662e-05
0.000000000000000000e+00
-7.492608867917276895e-07
