9.501591755063825140e-01
1.028860679225884533e+00
9.512176984569622462e-01
1.659563893142447455e+00
9.489381505372748160e-01
9.422099260269704013e-01
7.992746566623809557e-01
9.463741292783827141e-01
9.974935058943696919e-01
1.192247925040024192e+00
2.888476973268519821e+00
1.383343216052144165e+00
1.253329887899734318e+00
5.391020797871719505e-01
1.065248738457849953e+00
9.398687218317381964e-01
1.018525564409933137e+00
9.829374520964793138e-01
1.009586004965109751e+00
9.906258150772131454e-01
1.025735777275397442e+00
9.763767227778752389e-01
1.057436748460465870e+00
9.675128050122919765e-01
9.666587281995617786e-01
1.189033644178265181e+00
9.049861945769177574e-01
1.277650130868756007e+00
9.691265142824152523e-01
1.253290174215783814e+00
1.237889292740309344e+00
1.215191669616155767e+00
1.297654971189287521e+00
2.333471250830701393e+00
1.113338821997761574e+00
2.835559438595129489e+00
1.321201786934601330e+00
2.988399875699812469e+00
2.411396713207066701e-09
1.213614264243669614e-10
-2.147568754016799561e-07
4.425747618335514386e-05
5.021393708105486020e-01
1.818835849350720110e-04
1.841535501843634512e-04
1.772616381771885939e-04
1.912425917705773610e-04
1.755349667558149995e-04
1.885835373050278154e-04
1.927852632438580049e-04
1.859134037140183857e-04
1.833835668501574052e-04
1.796800781787688929e-04
1.903313092487289376e-04
1.885770965463661646e-04
1.851878942001884915e-04
1.858922186043881737e-04
1.897730175638838738e-04
1.841932921503152548e-04
1.783823500765060468e-04
1.794423567895099992e-04
1.951166882136804955e-04
1.676111449884281289e-04
2.906859308770368567e-04
3.012158724880580605e-04
2.168686595183984148e-04
1.971157621997687533e-04
1.892233817368736931e-04
1.844665259493529364e-04
1.832812680222461977e-04
1.830686896964213287e-04
1.823880859012019394e-04
-5.155097888422059530e-06
-2.541608817306839858e-06
-2.182071086017745525e-06
3.798449129442674393e-06
-2.663873809484480178e-06
-5.355187067139628067e-06
3.518463439696351612e-06
-2.682540300248901705e-06
2.511977508001724120e-06
-2.075338713260247052e-06
-1.107190135720327476e-06
4.940883477961915268e-07
-2.302397983952675650e-07
-8.401625010215738488e-06
-8.247942874425624461e-06
-3.559305220265202799e-05
2.967571419915598859e-05
-4.548710310239732015e-06
4.786744905938789484e-06
-3.028669839483399453e-06
-5.145912161050763641e-07
3.448699355406032020e-06
6.740712333930663322e-06
5.460133996082801395e-07
2.193446490010853367e-06
-5.101778893621383789e-06
-4.841908019163736489e-07
-3.938234052943549925e-09
1.112011559773947987e-06
3.046941145439903666e-06
-9.497897593812206551e-06
1.334375836072768069e-08
-4.086763070895875052e-06
6.678469093234122128e-07
4.237738963374601894e-07
-9.692895133331432194e-08
5.798851715688287058e-06
1.500590780900145397e-06
6.769606300898402887e-06
1.512219625619400718e-06
3.477509817046796969e-06
-5.574339615681658617e-06
3.801587669018655693e-06
3.853017152727233438e-06
-1.752323142784300612e-05
2.548669204190861108e-05
-8.938624730514986699e-06
-1.490235255132473440e-06
-3.610261660232336713e-06
1.004696962558256209e-06
-7.999448104677701768e-06
-8.123394319401482024e-06
3.636910305280175492e-06
6.372467375161221180e-06
4.371242188455609607e-06
-1.897251745993793266e-06
-6.776521127615855130e-06
-6.328074998537915649e-06
7.086956792760848658e-07
1.352102847854696049e-06
-2.330676682723543475e-06
-3.094797813984445414e-06
-2.083029618683628727e-06
4.633162121822046410e-07
-1.533345877864067073e-06
7.070676752386628473e-06
2.957814546500721741e-06
4.297545748342059194e-07
-1.612137176264592084e-06
-5.213112903839093934e-07
3.671622512259596174e-06
1.227431312632522457e-06
-7.324772400896305265e-06
2.756105258113631989e-06
6.876972068812018592e-06
1.989226234089860484e-06
4.035208516537054361e-06
0.000000000000000000e+00
9.403020212503235889e-07
1.107752657525919905e-06
0.000000000000000000e+00
2.751982658309627557e-07
-2.687365369057948004e-06
0.000000000000000000e+00
1.307498558738644320e-06
