7.255355774580910522e-01
1.010059516352937781e+00
1.000240432779002209e+00
5.826869212924593588e-01
1.020898115436592146e+00
9.962567506669506301e-01
2.999776176675315598e-01
7.331044253065337468e-01
9.974845542551853406e-01
1.096307691900192616e+00
1.111253925670219855e+00
1.178199033802242113e+00
1.096460348691937314e+00
4.204467722464426127e-01
1.336657550554769092e+00
7.483126832794666505e-01
9.733594008206756243e-01
1.027372877458067268e+00
7.285189200750844529e-01
1.373044482698464464e+00
9.804704442182845536e-01
1.020394582472186285e+00
1.375486276757977855e+00
7.462133826215167076e-01
9.954644185932275402e-01
1.193686719816904107e+00
7.130651998595233243e-01
1.582667127267382234e+00
1.036513772169701531e+00
1.191342657835999796e+00
1.625492738602633214e+00
8.953057254328313785e-01
1.457319067276836577e+00
1.799190133513316248e+00
9.602378080829740981e-01
2.471167530207835306e+00
1.583448931251908220e+00
1.909432029047679613e+00
1.950379000511559646e-09
1.113518834084452073e-10
-4.970243759648054419e-07
3.750234944534213668e-05
4.835607687450985126e-01
1.781936942929106184e-04
1.758819043321845684e-04
1.791831764189115114e-04
1.788103145289778452e-04
1.792097176795483834e-04
1.913081298874475368e-04
1.823442188596761243e-04
1.863512189038910179e-04
1.908526123706883999e-04
1.871137352863605074e-04
1.925146074416124659e-04
1.894558935903981772e-04
1.900881253916240183e-04
1.916973291495636749e-04
1.927397800251890109e-04
1.883922514047978668e-04
1.862270888774582810e-04
1.841120456595606340e-04
1.931204635730967060e-04
1.827144809690768481e-04
2.113240987053664017e-04
1.994636237670678212e-04
1.988210030555682896e-04
1.879696804006560800e-04
1.833069991442943961e-04
1.796492013927793391e-04
1.809759680041049816e-04
1.725942036544885990e-04
1.784663445490095577e-04
-3.009452766141509473e-07
4.338035999059723920e-06
-2.141160089558326739e-06
3.605446707706247549e-06
3.306588078041345353e-06
3.064390212216883535e-06
-4.214382632688866843e-07
5.744870775743619770e-06
-5.271776778733384326e-07
-2.729709135669853231e-06
3.774430843798204030e-06
3.010286281138347056e-06
-1.246482155779231570e-06
-3.162795769840270478e-07
4.676548123992899013e-06
-5.604143141765648281e-06
-1.166193795380316090e-06
-3.534272341689121148e-07
9.906594364712361099e-07
9.350030523530579029e-06
4.266384126573246219e-06
1.400644675268923794e-06
9.515414999926221501e-06
-2.618196454671556765e-06
3.354880306922659629e-06
-3.950726704420798790e-06
2.084769861198063168e-06
2.068305087167088778e-07
2.367410387450614827e-06
4.025898780036980704e-06
-3.430030017877890489e-07
-5.202670698321003865e-07
-4.703469087918352420e-06
-4.754859260687400289e-06
9.734975732482078241e-07
-2.452928376893746252e-06
-1.770971238990821369e-06
9.008167501226456962e-06
-3.095053379778441694e-06
1.714655219820570100e-06
1.271128818869967557e-07
-2.120469610754501317e-07
4.581718488519802781e-06
7.983106758997329216e-07
-3.284503229518945558e-06
4.476721077496982993e-06
-9.355149822002705535e-06
2.231691445957065434e-07
-1.052978256887788172e-06
1.130431798091255256e-07
2.209591654094744440e-07
-1.300822867618862118e-06
7.693652388034020445e-06
-7.042095682598818512e-06
3.819044041697706304e-06
-9.766940946117588202e-07
-3.358051425853713030e-06
1.120951149531486362e-06
-4.568556489330169000e-06
7.969009648593812567e-07
-5.674609256437580572e-07
4.062534928783854591e-06
-7.292885390101119460e-06
-5.075131625990406577e-06
5.120178850298272333e-06
-1.622340582847189808e-06
1.562557533018411619e-06
-4.188690954285057320e-06
-3.587624551726511784e-07
-1.247784365054940964e-07
1.922131399250424616e-07
7.914803670782661605e-07
-9.944021430472009131e-06
8.207191945675385388e-07
2.331935927939246516e-06
-7.038036659390930580e-06
1.667124118850016327e-06
0.000000000000000000e+00
-1.382031335446127720e-06
-4.280599088323747232e-06
0.000000000000000000e+00
5.580675339178378787e-07
4.920853411323216186e-06
0.000000000000000000e+00
-2.081461452232522222e-07
