9.928740453054751836e-01
9.499225281442075230e-01
9.637779655413100111e-01
8.351375864369796620e-01
9.617167373148283183e-01
9.603166266519554961e-01
5.401779637860733008e-01
9.842704956540305750e-01
9.435973293503168158e-01
1.474409732472418799e+00
1.255367063310330433e+00
1.734436026951374332e+00
1.725222165809079611e+00
2.382615465145169753e-01
9.439099051940527119e-01
1.059424428357442993e+00
9.077832930064086980e-01
1.101830149690902427e+00
1.027726665370049197e+00
9.735968699923653880e-01
9.150904587781646393e-01
1.093500746970489379e+00
9.519868917562220867e-01
1.061883299993399588e+00
8.145821364754414207e-01
1.366124549319092996e+00
8.750344704123803607e-01
1.466199895420296606e+00
7.907117600244089051e-01
1.569528452330853696e+00
1.126758940061140857e+00
1.224669732565382807e+00
1.037632230353713547e+00
2.510159290195641546e+00
1.079859664172065248e+00
3.111768081795013074e+00
1.051376777595764977e+00
3.390265272729026336e+00
3.407730922871496845e-09
1.479562230085593252e-10
-3.757172250391494104e-07
5.829958888103878626e-05
5.030857415816063494e-01
1.840632569081352712e-04
1.858483736005711747e-04
1.832287179467999533e-04
1.847839634923788938e-04
1.765428283892199772e-04
1.937821139283022668e-04
2.111406458298220362e-04
1.951904329928233245e-04
1.994797427439671525e-04
1.842914145162300170e-04
1.859656395543400826e-04
1.908584895949559071e-04
1.798184403229985948e-04
1.883837544555499294e-04
1.813884202953303776e-04
1.850395106812819453e-04
1.961131583018977244e-04
1.670916140313288378e-04
2.337873544647127932e-04
1.468291468354731286e-04
4.147163133830124434e-04
4.057736555432532588e-04
2.892328838564711376e-04
2.198799379759977350e-04
2.031490132271584527e-04
1.968045811042349572e-04
1.886153703957588732e-04
1.815855806663585058e-04
1.897687245943760806e-04
-2.481839554607802697e-06
-4.453710415037717959e-06
-6.893218147788897895e-06
9.313208975965408436e-06
-1.873702020568176226e-06
7.044191786283264647e-06
-5.536839227852657427e-06
-1.138091387925358029e-06
7.736820780527414568e-07
-4.235418132704591921e-06
3.453319923774800513e-06
3.566269515935750872e-06
3.345018817377523136e-06
5.741422157351414917e-06
8.075516680978749495e-06
-1.269241780372983301e-04
1.274757465545240263e-05
-1.193450013923958456e-05
6.836235585997849381e-06
-2.827798801428354350e-06
3.264924299895722962e-06
2.423297385135181685e-06
6.508677358485994753e-07
1.548908454828995454e-07
9.938898227343441645e-06
7.954215577366304561e-07
-5.876946662649872133e-06
2.512946194907946234e-06
4.320579966715085691e-06
2.621172478964437538e-06
-3.397507492249874450e-06
-2.894424206681801076e-06
-1.971558471706596280e-06
1.919356664931622870e-06
-3.774504502613220146e-06
-4.465204931324277704e-07
-9.139662556492500576e-07
4.264861482525293263e-07
-5.307722157621590503e-07
4.229771749262864441e-06
-6.487470650543987619e-07
2.770304776762761571e-06
-1.619073252875012739e-05
-4.703816740250881250e-05
-2.035421058965960410e-05
2.814085743685541219e-05
-3.873662563886158273e-05
2.778343542629863608e-05
-1.151056177896353937e-05
-6.846561291552374004e-06
-2.113782074677615742e-06
2.557938849547570591e-07
9.673191415990910674e-06
-5.039112715697040589e-06
-3.726562225104327046e-06
-1.512934772290277643e-06
6.235903457643878052e-07
1.540016981242786062e-06
-2.906025857813066809e-06
3.404819596348053813e-06
-3.211817813242829554e-06
1.418074254265807004e-06
6.512509057274833645e-07
-1.234694682447427993e-06
-1.541117707687457147e-06
-1.499343380689348033e-06
-5.434252152261843160e-06
-1.636772803315809738e-07
3.783644960478428042e-06
-3.773732271590769730e-06
2.034333876652392622e-06
4.810583142928037451e-06
5.156746322122437985e-06
-1.386896599522055139e-05
-1.086957347363385921e-05
1.321125231937210282e-06
-1.143569427108930874e-06
0.000000000000000000e+00
-8.223034805673575662e-07
-2.818660916492822300e-07
0.000000000000000000e+00
-6.298879801969395167e-07
3.905464469323325914e-06
0.000000000000000000e+00
-2.808520765851110697e-06
