9.790511694692130007e-01
9.549979281985074842e-01
9.554140127388535131e-01
8.172482355004166976e-01
9.696369824501569479e-01
9.788566223048529302e-01
8.544919610168131285e-01
3.841400813996696861e+00
1.055769844211638338e+04
9.391487176713935181e-01
1.726017724831142696e+05
9.248335917556733676e-01
9.413276654666665744e-01
3.848585228504195584e+03
9.824299594775466327e-01
1.021436480227079002e+00
9.728725409468459429e-01
1.027888423800543016e+00
1.015669726332700806e+00
9.846445799990855008e-01
9.802338271332182718e-01
1.020198099887397181e+00
4.605113549936478421e+02
8.911342008112237423e-01
1.498279504432048452e+04
8.852776035757216055e-01
4.977818894733118782e+00
8.535434772322200159e-01
1.606996162059916605e+04
8.786552018932014541e-01
3.094879834296533318e+03
1.219418281939528059e+00
9.943679523311342928e+04
1.173938701916250160e+00
2.882428318596486605e+01
1.045038579992591643e+00
1.124836146696012001e+05
1.152438868930016236e+00
4.211522578128866444e-09
1.640198126721314882e-10
-6.026822095164437306e-07
6.289219688449248103e-05
4.744074473164053840e-01
1.948160885110070898e-04
1.988244349919081138e-04
1.869460795493406479e-04
2.004772265715091791e-04
1.741420201153110153e-04
2.258520725802875564e-04
2.233503071243974822e-04
2.151244823697997524e-04
1.949436407842293278e-04
1.955078269319232836e-04
2.054077629154694670e-04
2.064179083361118922e-04
1.956837721267993364e-04
1.921745521126102759e-04
1.920170115727994422e-04
2.058055589318432581e-04
1.870458416472709699e-04
2.160240092945396834e-04
1.809956180536721087e-04
3.733191449124923737e-04
4.349476771325162718e-04
2.470040400133110192e-04
2.136313204834102515e-04
2.116546496885883316e-04
2.011768862847758887e-04
1.974586535127785796e-04
1.973392526249684320e-04
1.913612884101726697e-04
1.905263319498598778e-04
-2.678394105588533056e-06
-1.726140877391434070e-07
-5.422156751072712559e-06
1.454735204729043410e-06
-5.197086748166031555e-06
4.820498814619747735e-06
-9.282146834341856663e-07
2.305491739572142792e-06
5.596607881628153726e-06
-2.352568146455207788e-06
-4.216725395793152028e-06
-3.257006662020058092e-07
5.108511062336956466e-06
6.811044084538795037e-06
-4.159964085411155759e-05
1.309970409484993313e-05
-1.305641302473437488e-05
8.360092758300240144e-06
-4.646763875376614203e-06
5.414848620479602331e-07
-3.218947091462383471e-06
6.707069972218405370e-06
7.370095579738223217e-06
-7.364936857936029606e-06
7.515730997879071536e-07
5.276368718061088254e-06
-8.831996505881061670e-07
-2.290422025792814241e-06
2.590839801067654742e-06
5.633601040808108509e-07
-4.044375708757720473e-07
-3.801219902498420982e-06
4.393817298019492808e-06
-4.135215457413372703e-06
3.824369621079910770e-06
3.313439728244469401e-06
-4.359231163169241612e-06
1.071538275940894853e-06
3.666030730124317768e-06
-4.036689353923335852e-06
-1.619052319308789491e-06
1.633965104559975925e-05
-1.006058378285532424e-05
-1.194857528861190377e-05
7.002965822317055886e-06
-2.780110869180638888e-06
7.118447075385762611e-06
1.008763582430054309e-06
1.826152805550674318e-06
2.322373811794805707e-06
6.697022486780130092e-06
-3.423202552791463609e-07
1.279840620144538780e-05
-1.175441397258536745e-05
4.076662921697388416e-06
-1.430781954166282625e-06
-3.487589421209770172e-06
1.713382586518989280e-07
-2.294869693959149517e-06
-1.661358321265009285e-06
-3.363178446338980677e-07
5.945724000806147002e-06
2.219765333546706234e-06
-3.891822469435785568e-06
4.568729433848288591e-06
-2.294448593086927590e-06
1.666033255773850835e-06
-2.059958694372847868e-06
9.245480449158759758e-06
1.419697491007938861e-06
-8.131187288783749226e-07
-3.752747031643919225e-06
-4.355651717762685986e-06
-2.835575574236611582e-06
1.758523976109069385e-06
1.870492100925191070e-06
8.403163038436105325e-06
0.000000000000000000e+00
9.745532725159627734e-07
9.659327429217750435e-06
0.000000000000000000e+00
-1.416909229430956450e-06
6.998867476982145071e-06
0.000000000000000000e+00
-8.784087845604675382e-07
