1.686790476043860398e-01
6.220858049877920903e-01
7.579468150896722101e-01
2.787804492000338086e-01
7.080407285293699449e-01
6.082535259242509706e-01
-1.325620332801510093e-01
2.818790256732009447e-01
2.659376926566780094e+04
7.202234462283684246e-01
5.778636759810448857e+05
5.689170840518288363e-01
6.082535259242509706e-01
-1.325620332801510093e-01
3.687985045106553450e+00
1.871182398624400548e+03
7.205454287988093398e-01
2.787317959787157452e+04
1.968316070096423898e-01
5.118324116294285631e+00
6.172076210102792615e-01
1.309385007497380138e+04
5.689170109836552001e+04
1.871182398624400548e+03
4.296374337963957078e+04
2.341162256437305405e+04
4.104639789068929012e-01
5.111315353498656400e+00
8.317697932968432724e+04
1.099796959096972387e+04
1.108974773998973396e+05
3.742364790556870048e+03
1.130441246517475811e+05
4.236168808560534671e+04
7.564835106398507536e-01
5.909743254727160888e+00
1.730659991935181315e+05
1.990005869215722123e+04
9.767555617163289613e-10
5.695422225049650922e-11
-4.531773390408280147e-07
-3.104989914725816145e-05
1.196233138203105055e-02
1.222537165599557770e-04
1.293196936687788839e-04
7.733160109957900197e-05
1.099323871562918656e-04
4.015672214007371120e-05
1.522655919229867066e-04
2.138992154027377266e-04
1.826205451465398176e-04
1.177511829823159361e-04
1.291929038125236892e-04
1.366710716822520325e-04
1.251562042537426010e-04
1.243457615390380368e-04
1.241537604938121049e-04
1.220587746264365517e-04
1.248022953675570750e-04
1.280938589348874302e-04
1.172868678016006681e-04
1.284321237899436747e-04
6.777807520112247004e-05
1.458267369447349411e-04
1.536722741576497498e-04
1.214056048618984631e-04
1.376272334135153789e-04
1.265496500021887083e-04
1.274182903615351820e-04
1.368681585059268945e-04
1.291681924961766124e-04
7.153306218340861730e-05
-2.352206063158788119e-05
9.361293991311447625e-06
-2.172509535988394617e-05
1.922683796131438669e-06
-8.509587357271462415e-07
6.276357458841657045e-06
-1.373020485430241817e-06
7.264376565437543415e-07
-2.306067702412313912e-07
-2.048909949763536220e-06
3.544841005388833295e-11
1.545705407042088330e-07
8.058894478723623337e-07
-2.488126177934751384e-11
1.087280245962170612e-05
5.471235828161401462e-06
-6.693123636675103155e-06
4.261261370736537098e-06
-1.577986442952097982e-06
2.595650323270945918e-11
6.131028812129742314e-07
1.371155006045945930e-05
4.366336247548828291e-05
-2.725675833372021858e-05
5.723375246728545222e-06
-3.287243538378515958e-06
-5.942398547853070284e-08
2.328341422563702888e-06
-1.605001257370511156e-06
-2.788384167873722808e-11
1.209153245305628033e-06
2.679148532530093310e-06
3.418397410338051444e-11
5.966494698023110025e-07
-5.042391810859248280e-11
1.916385596223316248e-06
-8.302634636227858846e-07
4.464395138038288208e-11
-5.805608627627816967e-11
-1.302906401489254855e-11
-4.460600014075459063e-11
1.825840693635273139e-11
3.417550531168400225e-11
-4.896065042129631241e-06
-3.943132589777189092e-06
-8.275378015524770943e-11
3.275774996216766082e-07
-2.878013065361205140e-12
-8.779628782464530005e-06
-7.941316885719863277e-07
9.795625076075705007e-11
-2.052839799943694775e-06
2.423112524417874561e-05
-1.752529325412050996e-05
-5.661199598249156640e-11
-7.992331436110371302e-11
3.267781423280840050e-06
3.362287916846439563e-11
-6.671575985817018890e-11
3.490782663064154664e-11
-2.546463362929295145e-11
-2.968450906716292181e-06
6.943410191356132145e-11
-1.319258022994583264e-10
-2.516420160678657225e-06
1.273443695997755613e-10
2.698302806456601896e-11
-7.799993376022639935e-11
2.178266767394069593e-06
-1.911230793922154440e-11
-5.081553368108896262e-06
-4.396123694137912452e-11
-1.605534164201603974e-06
2.440481137438814360e-07
1.097773519389214467e-06
-2.873355457939708685e-11
1.896840483806935370e-05
0.000000000000000000e+00
-7.164768666117686802e-06
1.283638228170885226e-05
0.000000000000000000e+00
-7.576087404946207167e-11
6.083398562466544619e-06
0.000000000000000000e+00
8.713740392155811007e-11
