8.263737361656275926e-01
7.067665916242875657e-01
9.181286549707603495e-01
1.060182167392622166e+00
8.866135645189584524e-01
8.974106085037094616e-01
4.878454314447959739e-01
8.136960440997731414e-01
7.386303874152708726e-01
9.949842921807070528e-01
2.148577662478506678e+00
9.946736962721098863e-01
9.694575418741435691e-01
6.650833002014403528e-01
8.698642087667994849e-01
1.154509758712292111e+00
7.669591779580564594e-01
1.308960811116063105e+00
8.979222864069871246e-01
1.113685758605901910e+00
7.666764769647562705e-01
1.310334456979710627e+00
8.920700823706793070e-01
1.189598754192332297e+00
7.582391828249830379e-01
1.385954457119526140e+00
8.708651397305241515e-01
1.219908546365276347e+00
7.783600014138158940e-01
1.361340801500848574e+00
1.291749824354351706e+00
1.653900670921593097e+00
9.541774044308273250e-01
1.826425056590607054e+00
9.850643341515032958e-01
1.602644014040393028e+00
9.383346037898248060e-01
1.767678721619067916e+00
7.102045889857304302e-09
2.436982325762894009e-10
-9.618279411803503341e-07
-8.157225851297714928e-05
5.349599185647029298e-01
1.993740785930458006e-04
2.078645404819460239e-04
1.723044096304712758e-04
2.260166146352434163e-04
1.300133285266163964e-04
3.063296718886955464e-04
4.247762062566145169e-04
3.112598670186005057e-04
2.170648265569681003e-04
1.933604873667173283e-04
2.082465182979199208e-04
1.977358800621920834e-04
2.108555288054735034e-04
2.065216810733583384e-04
2.078755900017966026e-04
1.985273806504133623e-04
2.138799755408194478e-04
1.957928195854075147e-04
2.359058729714856389e-04
1.532716055019413552e-04
3.658563096418826792e-04
6.836085877119200830e-04
6.372745365283053560e-04
2.982828055080248390e-04
2.350431024288715293e-04
2.216181896651529728e-04
2.089870141798240866e-04
1.927797431582783699e-04
1.999297698622553286e-04
-3.710868721822152213e-05
8.498357186044698923e-06
-9.161338637881132941e-06
1.367198449522719108e-05
-9.310964103825327090e-06
-4.991825972129431702e-06
2.250246688460499229e-06
-2.672832291921973325e-06
5.187868921197447764e-06
5.838522085179845899e-06
4.659948348912706479e-06
2.745026343983194691e-06
5.632803019609770687e-07
1.359011471114202733e-05
4.083089691862154080e-05
-5.688744695316272576e-05
-8.445365561058888835e-05
2.395676717751174317e-05
-3.167873834666374053e-05
1.105216820376399047e-05
-1.012041051894240881e-05
2.728613828004673790e-05
5.207570372550420569e-05
-2.453497410863982945e-05
1.190294003983355927e-05
8.674667376340031594e-06
-1.839724931561187232e-07
2.119434716857995805e-06
-4.177013708109178474e-06
-3.722606543174118911e-06
5.047899251170104882e-06
-4.702131493867901346e-06
5.945822508438307164e-06
-7.435736158377063383e-06
1.341729084592387153e-06
-1.748728320703389828e-06
8.611472021735601200e-06
-1.804501596497926317e-06
-7.667396750222639776e-07
3.206755568153205939e-06
-1.641489762545686365e-06
3.586853033927351686e-06
-6.875127059068531789e-07
2.742805738956792832e-06
-2.705233387057712801e-05
1.699666597579406815e-05
-1.191011716853858349e-05
-2.047481197535774009e-05
5.280376998784583830e-06
3.961737730945226911e-06
2.734781432113993735e-06
-3.361978342096890570e-06
5.223132261937239463e-05
-2.401376099561762129e-05
-7.929699769586534718e-08
-2.661442326235451503e-06
-1.139122918029381822e-06
-8.384261848912802531e-07
1.385400120282450670e-07
-4.987289059006851544e-06
9.456908514008984272e-07
8.666494620666564657e-07
-4.293823117980149021e-07
6.545181108696883762e-06
8.140922430047262430e-06
4.023185120607860167e-07
3.176543752818793179e-06
4.758161481266269847e-06
1.771171049095974541e-06
-4.354620321098654893e-06
-2.780580568948793716e-06
2.082075078254913671e-06
-3.209091793968774125e-07
2.757082898146318847e-06
-1.889979181862742742e-07
-5.564530422059850786e-06
3.472933133597007333e-05
0.000000000000000000e+00
-1.097128330970140322e-05
2.016929539226697163e-05
0.000000000000000000e+00
-2.819249532423925318e-06
1.144266404936432758e-05
0.000000000000000000e+00
1.748523186289248523e-06
