8.834001496482805915e-02
9.464044409504628330e-01
3.984962406015037373e-01
2.316619766622808552e+00
2.700509203486910481e-01
3.236997896710095413e-01
-1.999540041436840498e+00
8.834001496482805915e-02
9.464044409504628330e-01
3.984962406015037373e-01
2.316619766622808552e+00
2.700509203486910481e-01
3.236997896710095413e-01
-1.999540041436840498e+00
1.071320218054374251e+01
9.334277307079119623e-02
2.374939446158708556e+00
4.210633671597088790e-01
2.216834337796628751e-01
4.510936983202483930e+00
2.923710398182018277e+00
3.420311398221268506e-01
1.071320218054374251e+01
9.334277307079119623e-02
2.374939446158708556e+00
4.210633671597088790e-01
2.216834337796628751e-01
4.510936983202483930e+00
2.923710398182018277e+00
3.420311398221268506e-01
1.071320218054374251e+01
9.334277307079119623e-02
2.374939446158708556e+00
4.210633671597088790e-01
2.216834337796628751e-01
4.510936983202483930e+00
2.923710398182018277e+00
3.420311398221268506e-01
9.069511400733006011e-08
5.310974776779171391e-09
1.329130919498240598e-05
-3.011562949820741552e-04
7.634559104211731438e-04
1.107650847427242726e-04
1.359918185567125033e-04
1.456327396437668924e-04
2.264428830308386469e-04
1.343295227742561293e-04
1.555752241103178690e-04
1.421686395100782462e-04
1.436795505013935660e-04
1.476414057509247530e-04
1.589444523176248441e-04
2.000113992197771566e-04
1.601894933808746557e-04
1.434335669654134677e-04
1.744026545044343346e-04
1.788698677108716993e-04
1.742996008873983708e-04
1.979526444109749579e-04
2.186484803857036531e-04
1.730189778205858564e-04
1.933249917134839376e-04
1.653628157620790149e-04
1.389611624671529579e-04
1.639985776734247721e-04
1.094545458948866532e-04
1.147227754879377037e-04
1.471916756451691738e-04
1.474477369159209574e-04
1.171009459947854227e-04
1.163348824994945706e-04
-3.726542923684903408e-06
5.714660975039382053e-06
-7.400054719909370607e-06
-1.032971668913471916e-05
-2.293109793863731740e-06
3.155972586979847945e-05
-8.248375540217736047e-06
-2.576229314409245400e-05
-1.303056347650819720e-05
-4.686721276184622741e-06
2.164449505670799407e-05
2.044624106204674361e-06
2.795640549974073396e-05
-2.055080228829104356e-05
-1.014270439681737129e-05
-1.261293033613016092e-05
1.927438661580353516e-05
-5.278051814150811920e-06
1.038515189440426033e-05
1.410986995721800041e-05
-1.758741176537102305e-05
6.325425906812289550e-06
-2.438080925351825202e-05
8.367874091086774393e-06
2.244691758696306823e-05
-2.267279610621502107e-05
-8.744090320039883704e-06
-4.940606079271027650e-05
1.440954992626286980e-05
1.019212246524614171e-05
2.575728906045572108e-05
-1.154865641670573212e-05
-2.032194996709291176e-05
3.224154574076170865e-06
1.989031889576294671e-05
1.027162066648929859e-06
1.389856081976794937e-05
9.511316363420529895e-06
-1.886728288957807272e-05
3.655913828270597834e-05
-1.410248999484424112e-05
-2.923596291503999811e-05
2.025450883904952198e-05
2.159085716701606523e-05
1.812484891193155896e-05
-2.304992371282662178e-05
-2.405668695080687245e-06
1.382144576880570656e-05
-4.348860345386677767e-06
-4.434947837790692002e-06
1.389240328480978279e-05
5.655734213012707431e-06
-1.602567035753842039e-05
5.796966643031950883e-06
2.007473967025356223e-05
2.318243635966612919e-06
-4.833310077805495703e-07
1.036838140078201807e-05
-1.978266937435636667e-05
-1.777050696482009709e-05
1.002316630768782621e-05
6.363741921594569351e-06
4.023350093135573981e-06
-2.272219276750754005e-05
-7.144031791072894106e-07
-3.961602825400758777e-05
-3.290836447897721597e-05
8.641496815227074461e-06
2.489662095621385040e-05
-8.881457126907001310e-06
4.132715240889306814e-05
-4.777427657298392815e-06
1.783679740556735438e-05
-2.405782893898105899e-05
-2.488250641282190419e-05
-1.711274276426886073e-06
-7.272681821627228605e-06
0.000000000000000000e+00
-2.098739111475265290e-05
1.394367027799802893e-06
0.000000000000000000e+00
-2.834959200463316710e-05
-2.481960938434824879e-06
0.000000000000000000e+00
4.185123711579744182e-06
