9.483604585422820143e-01
1.000649659049667850e+00
9.654469507101086645e-01
8.023122645358164995e-01
9.296837311496706224e-01
9.755131004916492987e-01
6.548726996647122878e-01
9.322296030418737445e-01
9.789646392724924429e-01
1.021910743016464007e+00
1.868759551742555924e+00
9.939277481249315649e-01
1.042618133341105979e+00
1.088621162912313922e+00
1.103929228541514096e+00
9.062901394114942777e-01
9.754049726395463971e-01
1.025275523635997388e+00
9.565143639671678244e-01
1.045469220457779791e+00
1.000994380541423423e+00
9.990381531962673201e-01
1.055458387109305729e+00
9.901465146931736072e-01
9.752389710244224741e-01
1.061498336052728142e+00
9.299852884204575787e-01
1.117867811108815834e+00
9.754756002780166080e-01
1.100448760408686777e+00
1.330180419926855873e+00
1.412743892486901354e+00
1.326624491844464515e+00
1.516652413064373484e+00
1.039985982831491462e+00
1.336637893123937104e+00
1.383036216271245067e+00
1.603094678925888639e+00
2.408394310924702479e-09
1.273269913364382039e-10
-2.483163060264967620e-07
-4.405826884323387280e-05
5.288688161858416947e-01
1.955396040200312025e-04
1.959831522872422754e-04
1.953715031627981666e-04
1.909801665204788204e-04
1.893162852119689254e-04
1.977443115800650488e-04
1.950023537480488666e-04
1.967892812409348401e-04
1.918164738830433554e-04
1.887117434186554824e-04
1.908519507092258823e-04
1.959713115765201433e-04
1.978417620096986455e-04
1.952404928235703719e-04
1.977382300090892858e-04
1.930724425029646334e-04
1.879979615470750583e-04
1.930237085871200895e-04
1.855233370531606560e-04
2.051358475129865552e-04
1.640199902288868466e-04
3.066756522940806886e-04
2.824942706686001050e-04
2.144785882248643138e-04
1.936746708320045724e-04
1.954458113154956172e-04
1.895707701124048523e-04
1.955094666189611499e-04
1.974346875580543486e-04
2.225367635253818000e-06
6.598522650748452936e-06
-5.425194895869069322e-06
2.012048675931320804e-06
-2.611969135078292203e-06
-7.970667370093053966e-07
7.575547193470862358e-06
2.481052446434708668e-06
3.333306145136204671e-06
2.834889990831837242e-06
-8.729712104312269183e-07
5.611051741241644640e-06
-5.231226775694237335e-07
3.022703436775843274e-06
4.659658278184400022e-06
-2.854398987194946295e-06
-1.138137548578642001e-05
-7.998476694051340259e-07
-1.231665122637592938e-07
3.966044104611582902e-06
-5.016772315441692559e-06
3.649155293320700298e-06
-1.859067804202483873e-06
8.974065817161211720e-07
-5.572303065481292163e-06
1.076081981501605418e-06
3.406855985825172981e-06
-1.683439332392865743e-06
-1.794404942047108433e-06
5.759640822477251338e-06
-1.426502725068063392e-07
-5.213324239417114669e-06
-1.202501237932634588e-06
2.341224117453671113e-06
-1.824757438026472810e-06
1.535307263374231358e-06
3.988561805064751922e-06
1.751764892625836667e-06
-8.266505113539091140e-07
2.465294370707953147e-06
-4.135258329250089825e-06
-5.338503491616080378e-07
7.686963614859495118e-06
1.954975267587576257e-06
-5.436043711035993798e-06
-3.063431241730376504e-06
8.213668807664974917e-06
-1.654920521581249333e-05
4.071207735202827843e-06
3.198803807963237949e-06
-5.026504642973128805e-06
2.038376905252042927e-06
2.292723975765441147e-06
-1.179586106926641444e-06
3.153831351361210102e-06
-3.557849038931351964e-06
-2.539202596754017579e-06
-8.371707589361506286e-08
9.639205501844962712e-07
-1.395592127189999606e-07
1.144638645720442516e-06
-5.810246781713318686e-06
1.022818516509136906e-06
-1.246373893228659611e-06
2.022685146639522405e-06
-9.813605096034597702e-07
2.448254688352479931e-06
1.176740080010621171e-06
-8.194279170594618061e-08
-5.924302571945444073e-06
1.859336516726744144e-06
2.109445246427112651e-06
4.227560625290521054e-06
1.267833564089643987e-06
3.217956919490660820e-06
1.812414583501660414e-06
4.097329874377907438e-06
0.000000000000000000e+00
-5.143795822243238297e-06
-6.576968936878109589e-06
0.000000000000000000e+00
-3.097884051456822525e-06
5.858322449372299674e-06
0.000000000000000000e+00
1.336506730005409038e-06
