5.851596154305189756e-01
9.362405349826419254e-01
9.421700932886514224e-01
5.800164365986418824e-01
9.733786575825684739e-01
9.865025411963247448e-01
7.604108008000829422e-01
5.671897307290689749e-01
9.952690296065154207e-01
9.671356586610823092e-01
1.168537336276681771e+00
1.014798002750385342e+00
1.038681422197048843e+00
1.490719085131384958e+00
1.857776829227902216e+00
5.383407001504546541e-01
9.559967487696298116e-01
1.046032060086370397e+00
6.172972255066955238e-01
1.620509610491918995e+00
9.490695953853561795e-01
1.054395447196224911e+00
1.796622268033772896e+00
5.630392543273412542e-01
9.621159686163587299e-01
1.089342079022706411e+00
5.506338707185308712e-01
1.821093325160265231e+00
9.397558779284291841e-01
1.101092226924029305e+00
1.965280239406421714e+00
6.596895758718498426e-01
1.152409679752650185e+00
1.317425089230622959e+00
6.277323854358810573e-01
2.697716830361794216e+00
1.081268931328634553e+00
1.378827629605159588e+00
2.772184367647372671e-09
1.360106966063379860e-10
1.268872424140950529e-07
5.260130889957943833e-05
5.538216575104588646e-01
1.878338779809553423e-04
1.953393176040484427e-04
1.946609708543131851e-04
1.961648457859488468e-04
1.814379050278507890e-04
1.813666664718101653e-04
2.102352392276459077e-04
2.119575567844584946e-04
2.028480794694436870e-04
1.922465627759516291e-04
2.010255952314357489e-04
1.939823897688636287e-04
1.837661730154947282e-04
1.889368333884180714e-04
1.953352221382565596e-04
1.982371503080120555e-04
1.907066429781158862e-04
2.003500536122643585e-04
1.900504296674691233e-04
1.845091641959449992e-04
2.051074122115098259e-04
2.512770372499634761e-04
3.952611041211189489e-04
2.524744241419042516e-04
2.051012193531241115e-04
2.106103658605794804e-04
1.995565668273116349e-04
1.852228908354431962e-04
1.939363911919218678e-04
-3.953373979685943239e-06
-2.874187189923452211e-06
1.555824344278257628e-07
3.955265963059676377e-06
4.195598235911881537e-06
2.463253744442328771e-06
3.233217470542374543e-06
4.326794774082288100e-06
-4.447854281985142383e-06
-3.183462586086777794e-06
1.653612369972096104e-06
-1.720695198453121381e-06
-1.134761394987437637e-07
1.443761594870362423e-06
-1.174412169396102468e-05
-4.534590778519185423e-06
5.440141076257158339e-05
5.140288634709446803e-05
-3.907007193443609973e-05
2.073783062494096130e-05
-8.731911784996730525e-06
5.396866100775871386e-06
5.503170630870348872e-06
-1.861127549215292845e-06
-8.464823109187343478e-07
2.715789671425009176e-06
-1.947398982265526718e-06
2.172351923057913265e-06
5.328692330672578287e-06
-4.301421494119267592e-06
-9.649052622612856240e-06
-9.171415449786629341e-07
-4.649060013978206152e-07
4.967651270739006962e-06
-3.040152424186623726e-06
-2.519484063317988954e-06
-2.153050228366958872e-06
2.952809594908410429e-06
8.679256069827488137e-07
1.101070690021623600e-06
2.823817040837257710e-07
9.342159104034580951e-07
-2.714025723101388580e-07
1.081310735993602051e-06
-1.870849702414083734e-06
6.083335140142407252e-07
1.602435604904060715e-05
-1.707250167079387733e-05
4.680763014776828337e-06
-4.857331000691205004e-06
1.178057316390585057e-05
-1.972456819610015470e-07
-9.574197057580997237e-07
-5.301941143338517424e-06
-1.609342478364500008e-06
8.504497413186630467e-06
-1.800137258625669970e-06
5.764658523423836275e-06
-3.909522964133961949e-06
-1.151382309056042018e-06
9.386147671982284665e-07
-5.844269042786947428e-07
7.935763781715509180e-06
3.761850135171192975e-06
-6.704351225349025981e-06
3.688542563917896941e-07
-3.194636434201964954e-06
2.002459679391600536e-07
-5.252025547733978076e-06
-3.474891734195361637e-06
9.972872845816943706e-07
-4.547857584541761835e-06
-1.640175199651874136e-06
-3.792388434985748645e-06
-1.867908994082073422e-06
-3.733057822634632221e-06
4.084606141719294419e-06
0.000000000000000000e+00
-5.842168873504522261e-06
-1.576521410690112276e-06
0.000000000000000000e+00
3.040772271623620347e-07
3.587148227324306956e-06
0.000000000000000000e+00
-1.046893551636182402e-06
