1.041022712291454599e+00
9.944341455501555238e-01
1.026230359693546257e+00
1.011998824388125495e+00
1.031600805299116352e+00
1.027156311447329884e+00
6.853948540464902539e-01
1.029267603755155580e+00
1.002630622735379617e+00
1.031619270224646279e+00
1.695061609738889974e+00
1.053384030672882998e+00
1.059939703512610354e+00
9.513044026906357642e-01
1.011154100196676620e+00
9.891704650497186169e-01
9.663980152145801306e-01
1.034879041939342770e+00
1.028148935605321501e+00
9.728057614411240728e-01
9.497668662134672868e-01
1.053856666905367945e+00
9.843597735606351984e-01
1.065958925288208459e+00
9.735874731636486867e-01
1.080859701456478028e+00
1.000667211621717900e+00
1.001133737627220022e+00
9.576900666684156072e-01
1.086193688879411923e+00
1.177146847940201413e+00
1.303900619151697082e+00
1.153585714288248631e+00
1.345567318159953674e+00
1.066113624528161274e+00
1.090578978163425417e+00
1.137870279153361253e+00
1.396303772865092885e+00
2.627699636186342085e-09
1.134928127318597132e-10
-9.734587256999630039e-07
-4.784549936333474732e-05
4.811108679749527273e-01
1.498604526325865004e-04
1.612040822638740407e-04
1.601312237113919562e-04
1.472319480454256115e-04
1.375860743080092972e-04
1.717596928977940525e-04
1.859288525169703742e-04
1.793733534493916404e-04
1.836124047890016781e-04
1.817767081000092673e-04
1.827766165332538658e-04
1.859337538010530410e-04
1.851462718032300075e-04
1.917960357001084965e-04
1.786934971497510048e-04
1.861259605607255081e-04
1.883027611355666837e-04
1.860412017701340104e-04
1.622590832814666765e-04
1.909140098195335686e-04
3.794592181162559190e-04
2.032653871273883595e-04
1.912648770623695256e-04
1.836312338030018790e-04
1.618142729309619897e-04
1.407997383852263801e-04
1.424726079060046290e-04
1.526617382012852907e-04
1.455715853660715254e-04
-2.698993483335422597e-06
1.248378435725745452e-06
-6.656570898716108789e-06
4.876603716230195986e-06
-3.787941378949006548e-06
3.837543493677885771e-06
2.536953444740809208e-06
1.070566530245667185e-06
4.233645994121304630e-06
-8.978311398642544928e-07
6.778506791911467750e-06
-3.971491822678554058e-06
-1.798425700961054445e-06
-1.512216709594421684e-05
-4.013953577940783903e-06
1.066395616530926800e-04
-4.607364960800246488e-05
1.826020949645415178e-05
-1.711919761110751415e-05
4.999626753482510958e-06
-2.710689624454586272e-06
9.426949252995124427e-07
3.416649787128562562e-06
-4.542111938342273304e-06
2.923716013567292714e-06
1.183419439729191892e-06
-6.830434597838306918e-07
4.941633858880879158e-07
-1.216085768332960956e-06
-4.873749316827642441e-07
7.127162461611801326e-07
1.530792379429510726e-06
1.141262119162313600e-05
-3.158302028960604027e-06
-5.888983732880283789e-07
2.699049071316176789e-06
2.366930710079561342e-06
2.482096676157681255e-06
-2.324095390187481338e-06
-2.371632534844886509e-06
-2.021632592703109672e-06
4.531866434860864754e-06
-1.898289668245182051e-06
-4.969620402710118974e-05
4.150392491585434693e-05
-3.561551740821035578e-05
1.511042520609944204e-05
-5.053900138921740707e-06
1.315882783920149346e-06
2.108771523088806079e-07
-8.434199336406091516e-07
6.397335222166297775e-07
2.786641074620910569e-06
-2.054598977672744255e-06
1.771789190256017811e-07
-9.087656464060549812e-07
4.545983100204846735e-06
1.293999269357292912e-06
1.877792592593365440e-07
1.219812858231174568e-06
3.837228984034038420e-06
2.835641310453746801e-06
6.407114578740667818e-06
-6.176036321244410690e-08
-7.765336760554149650e-06
2.346542043037523606e-06
2.399807118112097261e-06
3.629851646614080997e-06
-5.407979957314658942e-06
1.592861967628421181e-06
-2.564860516066641295e-06
-1.596981719169911407e-06
-4.016832951300962679e-06
-1.502668829150848027e-06
2.210721617451315911e-06
2.978507058398035952e-06
7.183592046080060789e-07
0.000000000000000000e+00
-2.288109279264318799e-06
2.689286856141198267e-06
0.000000000000000000e+00
3.226974527588043737e-07
0.000000000000000000e+00
0.000000000000000000e+00
-2.040787827639718250e-06
