2.607619798293669966e-01
4.731123282627121007e-01
1.013338668800853881e+00
5.900634003224980439e-01
1.033888409440136158e+00
1.007270253798593806e+00
2.404599673340773458e-01
2.634198737812715185e-01
4.007618646582939426e-01
1.010404612235281885e+00
7.539690249999617677e-01
1.094413771218142095e+00
1.046011534545403521e+00
2.723127837356448255e-01
1.543057246745656697e+00
6.484381621348800362e-01
4.835282356758602851e-01
2.068258789131409259e+00
2.712521184101807648e-01
3.709534912680717333e+00
4.589334018796185632e-01
2.179010128197391261e+00
1.401990869137855089e+00
4.269230302099285836e+03
4.062072617644386652e-01
1.419120051071758644e+04
2.533523601418865567e-01
4.152378313222911288e+00
3.939620768530758266e-01
1.389693510476717165e+04
1.953153366941617675e+00
1.807914796029746503e+04
5.431130035341449336e-01
6.682634802915116597e+04
3.350309316515259761e-01
5.640281206028459948e+00
5.393962447682572048e-01
6.619525659670808818e+04
4.077343112069186412e-09
1.322227227025888764e-10
-4.468128633557096579e-07
6.243099599271371568e-05
4.564338570602666234e-01
1.671293932181740780e-04
1.463491806778897139e-04
1.546316132552096794e-04
1.636595238864076976e-04
1.284541709057041535e-04
1.775611966863452872e-04
2.537097287628904945e-04
2.103900863515200878e-04
2.060588659029972112e-04
1.912686855968031782e-04
1.741371409473606519e-04
1.883269354565924496e-04
1.924167090902302677e-04
1.845222607687086347e-04
1.836687551682519100e-04
1.845103530993614973e-04
1.799991702316691700e-04
1.968755709472807202e-04
1.253066770390940006e-04
4.668483169334539952e-04
3.371123302358097610e-04
2.026023766303632859e-04
1.796061119741121804e-04
1.446185583927753269e-04
1.479984743416369207e-04
1.416382010443144172e-04
1.556694302738078110e-04
1.526407492598679102e-04
1.428973814980499856e-04
-1.492150044667866346e-05
-1.849608793525630603e-06
-7.372320738708026972e-07
-2.187260701707651414e-06
2.526553248455290061e-07
-4.355341123876783953e-06
-4.669176737869588495e-06
1.019208811527820965e-06
2.030845815268170595e-06
-1.660978742256605115e-07
2.633077975466347201e-07
-6.360494549687905895e-06
-3.158557751604944449e-06
3.534016340538953454e-06
-7.486614899087584449e-06
-2.461050528860971021e-05
1.016419380490104146e-05
1.280293316537595450e-06
-2.849320724859152486e-06
-1.383392282014588364e-06
-3.002183658463051354e-06
2.019238540059524941e-06
1.210828769616739745e-05
-5.428560584199632279e-06
5.911745485730741478e-06
-2.449824313757904572e-06
-3.454882487333871853e-06
2.611878055191410862e-06
8.445225636538697580e-07
-8.121132817454470429e-07
4.520468872536895026e-07
2.529494540333820957e-06
1.156414562949745587e-06
5.140842433642072209e-06
8.516982035894351695e-06
2.819024647365150579e-06
-3.955181481750615931e-06
2.531926579011017589e-06
-2.700996982129698443e-07
7.403996974119737425e-06
-7.435345402162234697e-07
-2.591713227177161596e-05
-2.528364182699811097e-06
2.280975603598802030e-05
-2.382431931453091292e-05
7.791472565847964016e-07
-1.971057354235346575e-06
-1.236845324150955505e-06
5.710908671242932900e-06
-2.806327891708276440e-06
2.867128776915376468e-06
-9.985531912484099739e-07
6.870119860075532602e-06
-2.256509544630346052e-06
-1.905031393248747984e-06
4.762865405043452089e-07
-1.686498424663189391e-06
-1.071565912934229748e-06
7.523860732434981425e-06
9.574948077765077664e-07
3.499185309194298200e-07
5.100040291137273571e-06
-3.598683576354399945e-06
-4.365647507433967837e-06
4.154648259265584468e-06
9.257903316256022142e-06
6.649458349467297945e-07
5.128618637870379571e-07
6.293345312467004413e-06
3.133108701854924569e-07
-6.420067758371064265e-07
7.132736477782198917e-06
1.616582198577530059e-06
-3.211528871964200784e-06
-2.529811010567232796e-06
4.858723497335429031e-06
3.743750132665492186e-06
0.000000000000000000e+00
5.013824923521479279e-06
7.151159488564810709e-06
0.000000000000000000e+00
-1.537265492303936021e-06
1.558630016376493684e-06
0.000000000000000000e+00
-3.102593181181987029e-06
