6.430781273400720810e-01
7.899390992933784661e-01
9.740248787687120213e-01
4.350141705957387139e-01
9.651137118266025494e-01
1.002251523602611938e+00
2.346497152996342428e-01
5.760816030853638248e-01
7.001417968811636250e-01
1.002806716840752177e+00
8.805795440538199959e-01
1.057568320546440344e+00
1.024250435108779778e+00
6.481412325017214815e-02
1.254894903660577210e+00
7.983387978462845869e-01
7.752724266636537021e-01
1.298020524758412897e+00
6.470183634075866719e-01
1.548015292101676099e+00
7.687843168857930731e-01
1.310257414543264831e+00
1.066497149910263342e+00
3.134484819126037110e+03
6.877205345281948157e-01
1.337248022466737166e+04
5.620367865955404607e-01
2.051152634432668709e+00
6.751526539273120520e-01
1.286969152196058349e+04
1.472674966971310617e+00
1.880362123312252879e+04
1.065209616068636178e+00
7.454272929808338813e+04
7.188129613244690352e-01
3.996963073462482807e+00
1.038662464376185701e+00
7.064747588701354107e+04
2.361660110065727942e-09
1.235871877967996852e-10
-7.722997533141400134e-08
4.385684141468525606e-05
4.728009744308170337e-01
1.781167754861161050e-04
1.864601411179186204e-04
1.921538499082789018e-04
1.877803944947562193e-04
1.792329794042058833e-04
1.918841932893190338e-04
1.872227523030490842e-04
1.814788961245994382e-04
1.970859211528621594e-04
1.939152829459992204e-04
1.809961901195840568e-04
1.823691002710084441e-04
1.805578481154442472e-04
1.811910578546892811e-04
1.846957405461741801e-04
1.880359134394839888e-04
1.768654034301064143e-04
2.044591266635779436e-04
1.512302261488328151e-04
2.863350762797110382e-04
2.840411585771609646e-04
2.199637747679299279e-04
1.912157359471399853e-04
1.837182045180613729e-04
1.856129713288682604e-04
1.791498573846756013e-04
1.828955966777610226e-04
1.896489979768607617e-04
1.821915972645536826e-04
-1.723926942039237773e-06
-5.453196612559792361e-08
6.169074640444566362e-06
5.073484670868845189e-06
-2.840437769325838377e-06
-2.668332316744907722e-06
3.134576392472206828e-06
-5.196486080845098788e-06
7.656084217189267058e-06
-2.370469349384658934e-06
-7.574326297434934104e-06
3.388511170387080830e-06
-5.866923893886528249e-06
4.199148736133053555e-06
-4.784431955032089449e-05
1.355462392078793138e-05
-1.071910490806844028e-05
-5.649226924863880533e-07
-9.723918415816384090e-07
-2.566367509566808495e-06
-1.696711516194778665e-06
3.093606764018048459e-06
9.518541406180910214e-06
-5.472629440050907510e-06
6.565360610115613973e-07
-3.129088776006053086e-06
-9.024749134047337182e-07
2.335078948622348741e-06
-3.297489732749539246e-06
-1.081735191561467458e-06
2.895235746236121132e-06
5.030768104277882387e-06
1.574348300641839626e-06
1.655305124792239668e-06
-2.093646961601388467e-06
-1.212408771523789058e-06
1.643340384867054861e-06
3.761851680400498127e-07
2.758969096636446042e-06
-1.787248740863919609e-06
6.625205281931688701e-07
-8.388909616576820542e-06
1.302750875867634565e-05
-9.308069028851038317e-06
-9.775995163635893475e-06
-2.860580266848342852e-06
-3.101870267549674974e-06
-2.332298443748491738e-06
4.823027923023450100e-06
8.693755042368504922e-10
-1.602383070240846088e-06
-3.185536508365795957e-06
4.735897531053875835e-06
-2.715384968388453520e-06
5.509653786305568217e-07
1.642935577965119891e-06
-3.961036091773068349e-07
2.885441558114988662e-06
-9.572095950132155070e-07
1.231742459797449084e-06
1.910750300342629602e-06
8.204528574437512492e-07
3.693418585406960841e-07
-2.995786601332566065e-06
9.978902245711758257e-07
3.682545254688076991e-06
1.503478791328699522e-06
3.921654148400320668e-06
-2.663867847944929166e-06
-6.510662523462986391e-06
1.012113745146201071e-07
-4.431409736107387892e-06
-2.671605481840431011e-06
5.723898104987448623e-07
-7.807673642729033114e-07
3.027902811774057228e-06
4.791899209141177321e-06
0.000000000000000000e+00
-7.947833598325811714e-07
5.024141786604336470e-06
0.000000000000000000e+00
8.258971401527521271e-07
4.711905462307398693e-07
0.000000000000000000e+00
1.174581757719803881e-06
