8.145139703268979847e-01
9.873234656046252500e-01
1.048661683144441747e+00
8.562064008851578700e-01
1.105948722073119228e+00
1.092983263465904686e+00
2.005897233315337980e-01
8.084598262074745856e-01
1.008406699229452252e+00
1.166346713655931344e+00
1.534721578824733923e+00
1.338358673029788282e+00
1.232294511636207401e+00
1.460725804930756155e-01
1.244542362386964918e+00
8.236198033151632680e-01
8.444028441291995257e-01
1.218998196754263574e+00
7.593243269192392342e-01
1.352079818128370192e+00
8.242663956954974225e-01
1.214339271967998179e+00
1.264827383179725873e+00
8.310146277458123620e-01
9.815324161571751249e-01
1.194519290726904215e+00
8.403123717618774524e-01
1.289815501645137807e+00
9.384720371677202078e-01
1.290718655017018435e+00
1.540759069028531769e+00
1.093548449360389085e+00
1.228065021702379633e+00
1.552832950630697262e+00
1.341232684657263974e+00
1.748007233805579208e+00
1.269753901876170543e+00
1.778932700539161527e+00
1.901043386931449325e-09
1.146628399694465131e-10
-5.870335751318220777e-08
-1.831252001739690406e-05
4.065921566502525564e-01
1.794961821644404777e-04
1.775066268760439850e-04
1.749232643858948557e-04
1.855833945689297092e-04
1.744591907588276432e-04
1.886528869169735480e-04
1.841184209252018540e-04
1.869018133663914694e-04
1.807511841047226690e-04
1.789024898444137182e-04
1.842907054337775672e-04
1.823635043677630514e-04
1.870939874041979483e-04
1.907612676289781816e-04
1.853258149440554809e-04
1.952645134809599062e-04
1.868706792669107362e-04
1.822435376545490388e-04
1.839651986999650828e-04
2.526132120034334195e-04
2.144121160392752274e-04
1.835696879189182174e-04
1.852770286839743258e-04
1.894559377545739116e-04
1.842649828306416426e-04
1.822704655286090441e-04
1.791935855579638150e-04
1.802679210716271862e-04
1.786252143364214597e-04
-1.696903032946037753e-06
2.299309153798792738e-07
-2.349893664036225095e-06
1.737961423171878926e-06
3.696016324288036291e-06
9.039882067930611072e-07
2.806940528519498670e-06
8.506703424398654302e-06
3.617828407295446927e-06
-2.052930299677674400e-06
-1.685884676180386175e-06
5.783871469039540727e-06
-5.233982820617459205e-06
1.206515906570120539e-05
1.030032914333597205e-05
-1.201216230555226115e-05
6.132769116703293315e-06
3.343720402410902309e-07
2.909235358325184808e-07
2.178573826551852461e-06
1.119241587969384734e-07
2.048791402660956876e-06
2.165218601229641712e-06
-3.894403122974906581e-06
3.526676539701847017e-06
-2.817439853143677068e-06
-1.771986727974260220e-06
-4.241245808275205542e-06
-3.284411067341419360e-06
-4.435976067697469026e-06
1.726156399822949266e-06
4.535161623336090416e-06
8.198076506590064774e-06
3.229888359796146598e-06
4.377493117433856558e-08
-5.184263762074120581e-06
1.012686852414148726e-07
-4.277287466440127386e-06
4.858829799162845642e-06
5.993224309652065069e-07
4.374025254839707265e-06
-2.616195517395457427e-06
-3.995590543094503907e-06
-2.229216724385574348e-06
2.140282080944142601e-06
4.038745467715766397e-06
-4.610451183923529126e-06
-3.961441006428996543e-06
-4.927143363327045857e-06
3.717583272510571639e-06
-9.759340558730868570e-07
3.193983590901311470e-06
4.234074336822525651e-06
1.362144821878275663e-06
1.505892835997081876e-06
-3.708482025583680410e-07
7.633739405381174113e-06
-2.092400345718375793e-06
-4.259269458662340790e-06
2.782801495489195283e-08
1.080407396686596438e-05
-1.987174337005602893e-06
4.117383506235457213e-06
4.889335432008093954e-06
-3.707144559198191319e-06
-4.008034694409213751e-06
6.034911827846668977e-06
2.478379804174701252e-06
-7.142009687937290518e-07
3.194798565568514197e-06
-1.917776995230235800e-08
-2.232175589411187758e-06
5.826026810449020900e-06
-1.815870666138794555e-06
-9.979080409065054110e-07
-3.435939234063204985e-06
3.634089575645447204e-06
0.000000000000000000e+00
3.187938065297417745e-06
5.362261429214487427e-06
0.000000000000000000e+00
-1.008059659085862270e-06
-2.433577893433962975e-06
0.000000000000000000e+00
-2.458964571982526880e-06
