9.900328252345109714e-01
9.405195442305200881e-01
9.568896512292739409e-01
6.894893377291297920e-01
9.326504315823435087e-01
9.389798113636441679e-01
4.487148502088545987e-01
9.901360470688245208e-01
9.514432762208859806e-01
9.600810934371863947e-01
2.739913392616202259e+00
9.676606577308414225e-01
9.457413985893456942e-01
4.420294628361967071e-01
9.765167038997381033e-01
1.024048477966000181e+00
9.905033482697591651e-01
1.010228983031700167e+00
1.045913631241223829e+00
9.562767428939162873e-01
9.698154438999555538e-01
1.033562464826374594e+00
9.649780467057891276e-01
1.091235189528323657e+00
1.021134275562859184e+00
1.072737508721561372e+00
1.054100305834060114e+00
9.496809102117638179e-01
1.054550574246658101e+00
1.055259854573610045e+00
1.256479313918770657e+00
1.459406750649055118e+00
1.205589272597098027e+00
1.577732637197003518e+00
1.141921239065812665e+00
1.217681880537603067e+00
1.253069435465588466e+00
1.450675278095858278e+00
2.489549095883089907e-09
1.224025159773644516e-10
-3.341264238112894104e-09
4.774022339431799805e-05
4.923493685871822567e-01
1.914028779609504359e-04
1.897213685796493945e-04
1.920007554017384265e-04
1.920583031945889523e-04
1.829943167227162672e-04
1.907415621625610719e-04
1.947141043434872938e-04
1.906487802094082779e-04
1.896347444327918259e-04
1.911267117974175156e-04
1.933464657889885988e-04
1.878937483204201273e-04
1.897118226633062515e-04
1.917794910988336859e-04
1.951159462123230035e-04
1.924194119397183277e-04
1.802255199248228162e-04
1.927480552349783937e-04
1.883223410453492867e-04
2.131240656715788803e-04
2.992187356561642076e-04
2.650442083333308710e-04
2.140745560378550796e-04
1.952754757976170341e-04
1.980029359573676185e-04
1.942066220487036611e-04
1.925481572980476479e-04
1.895820563529001992e-04
1.935286249295036475e-04
-1.203597127640107098e-05
4.625484418457197074e-07
-1.109502149561280866e-06
4.450411190276440135e-06
1.267962425606796128e-06
-4.548321107507399575e-06
1.439852842008789454e-06
-1.319889237030896037e-06
1.108446183848084936e-06
3.662961210369919637e-06
-1.257661006463300178e-06
-1.391265148515312947e-06
-1.189706803670546883e-06
2.700002010727524509e-06
1.524104698345934017e-07
1.440542291723329594e-05
1.587923171301012172e-06
1.249509743721140072e-05
-1.876150603882681591e-07
1.668912465530321639e-06
-4.727798301155541879e-06
1.397586673866665276e-06
-1.962422542051395288e-06
-2.311543638158495031e-06
-3.643661676162885120e-06
3.710756657084968005e-08
-2.677352832275939173e-06
-8.714159765049695410e-06
3.972633252396713607e-06
4.363315022591366930e-06
4.986897996448384928e-06
1.977386702574348214e-06
-1.987842770778350626e-06
1.129279381853179855e-06
-6.415703089345819755e-06
6.022686411395067493e-07
-4.099287858166402667e-06
7.217080703644916796e-07
2.955702175871481156e-06
2.672527352339388360e-07
9.220780833299948041e-06
1.848997293181719723e-06
2.113212024484489232e-06
1.116647337827935944e-05
4.222165981662526454e-06
3.988076498412054493e-06
-2.508858365039177265e-06
3.004052883217281777e-06
-5.201221542434473551e-06
3.871960206350651533e-06
-7.606263775961927580e-07
6.482260211087006320e-07
-8.791390551535164247e-06
-2.144600894944383966e-06
1.278997695805212768e-06
-2.670046462730068325e-06
3.534502485088987812e-06
5.008058046188290367e-06
6.051073355663604979e-07
-1.042076246416563775e-06
2.898479808174811814e-07
3.921353185351890690e-06
-6.311237204581605527e-06
4.061172795838040279e-07
-2.087301350453471724e-06
2.738935474424969009e-06
-1.356758947665788357e-06
-6.753979547647779110e-06
-2.842194249846147238e-06
-5.438696721809508097e-06
-2.795326023664573478e-07
-2.032408958216789935e-06
-4.148175740821208637e-06
-1.078675833350957857e-05
-3.892654717721829590e-06
-2.268426379436489456e-06
-1.709590249856039661e-06
0.000000000000000000e+00
3.671086311888733112e-06
-3.527096322316176300e-06
0.000000000000000000e+00
3.972990026294998644e-06
-1.939178853603972025e-06
0.000000000000000000e+00
-3.891368208060361899e-07
