8.276586048381784355e-01
8.257187910764763883e-01
1.164406311582187881e+00
1.439740729180233325e+00
1.170226353569089328e+00
1.099578835773106222e+00
2.383218794132081070e-02
8.185227337746547871e-01
8.465309705231974791e-01
1.175206778571205923e+00
3.744505154711093464e+00
1.140050007572533275e+00
1.146088014434513802e+00
-2.628263908245864200e-01
1.025094117219143008e+00
9.805535598752708193e-01
7.824325205522777438e-01
1.387651381038559562e+00
7.109184892383424437e-01
1.431881270428091213e+00
8.737904305171706465e-01
1.292646590539729967e+00
1.045468606432347292e+00
9.693870930124499630e-01
9.270422599013480314e-01
1.417216536325970555e+00
8.086621929633874828e-01
1.452122860025934159e+00
9.823859959606184855e-01
1.372427162367546805e+00
1.290462253060861819e+00
1.169828903411958887e+00
1.416175182310042580e+00
2.328282419675812509e+00
1.484539821589013764e+00
2.250692333236648857e+00
1.706379493876551967e+00
2.101482842133977957e+00
2.478585993690078296e-09
1.252322671951913474e-10
-5.316281654480269773e-07
-1.041248113939193329e-07
4.367563784437233920e-01
1.862773617963534207e-04
1.901245911362605583e-04
1.835442977602358503e-04
1.986939917593799187e-04
1.918601340371221364e-04
1.990321130778753794e-04
2.144506292359882739e-04
2.016236862456418863e-04
1.971040769324094197e-04
1.910629790063587095e-04
1.881112286651940679e-04
1.895643380447460343e-04
1.994499002592484767e-04
1.849844956323114405e-04
1.903374017292376618e-04
1.950011109628716345e-04
1.969438547761206948e-04
1.795058077012976600e-04
2.775341943261701349e-04
3.068749063551940250e-04
2.237086539314703682e-04
1.995984312451808368e-04
1.965471001813437035e-04
1.889093354608102702e-04
1.879213939623447808e-04
1.828757648972864462e-04
1.934837342985690971e-04
2.006230961835813701e-04
1.909081016685167543e-04
4.628594045897390253e-06
-1.875463452405794071e-06
-4.062237416753673010e-06
-3.311475421367314213e-07
3.184293104691010032e-06
3.188211437035373483e-06
1.086109011522815585e-05
-9.026260679482574644e-07
-3.042994582380144957e-07
-1.021096945804665299e-06
4.422477942766934374e-06
1.922099439555913192e-06
1.431563811030355222e-06
-2.511169175856672647e-05
9.185119361022169162e-06
3.077911591085388556e-07
2.701298802229514983e-06
-3.187561769424983007e-07
-3.010241292851651040e-08
-2.492245878708240057e-07
-2.716311676777340923e-07
-1.157817794933034154e-07
8.865760790281671655e-06
-1.518103951986813666e-06
4.124147606043390254e-06
-3.966890161454788794e-07
-4.790164779491338116e-06
-2.597983684190379387e-07
2.706567707785880255e-07
7.259745212630664340e-07
3.188423775670708846e-06
2.713875569709014189e-06
-1.357156084232616893e-06
3.078676875537462658e-06
-2.708197291370789292e-06
-3.392781858534265489e-07
6.742856276985031826e-07
-1.076797171458224934e-07
-4.718453309386719399e-06
7.798806007455279851e-08
-3.360346175424070154e-06
-1.083342061081677134e-05
-1.016021679425361128e-05
1.869956087263575838e-06
4.220491734165752865e-06
-1.560550192454906763e-06
2.236013974337603972e-06
-2.792848341869808911e-06
4.424176927009360751e-07
4.471660274114331232e-06
-4.257026893354332625e-06
-2.530628259627286853e-06
8.619085887800665872e-06
2.352121184586279441e-06
-2.197313181469347281e-06
-2.078506534728464927e-07
3.459677118968373271e-06
1.764246701287487094e-06
-1.519568495462047778e-06
2.619652797657745082e-06
1.091227744695990012e-07
-2.622547915356470158e-06
-1.485409866979238910e-06
-2.307429904273900153e-06
4.758779889016951109e-06
2.829719136997372983e-06
4.899108342009395932e-07
1.003400014029215910e-06
3.955623529827213213e-06
-1.759872738205801346e-06
-9.223158073581523173e-07
-4.193556274250796670e-06
4.035837925835762118e-06
2.034597928413453797e-06
3.702840203969109325e-07
-9.691600388755532445e-07
4.365978130314707755e-06
0.000000000000000000e+00
-2.359185733632492231e-06
9.329778527806911272e-07
0.000000000000000000e+00
2.038616220546040133e-07
3.634744021166751594e-06
0.000000000000000000e+00
1.004360019536458991e-06
