9.631253041447171981e-01
9.507841731655939377e-01
8.738800187986637269e-01
6.221181123233812116e-01
8.386844210765065366e-01
8.544063757545266036e-01
7.254014368492117670e-01
9.610275591037171772e-01
9.559311968179844410e-01
8.813793291867948465e-01
8.697120600748392549e-01
8.330037674115864377e-01
8.599553050130355203e-01
5.193040839941981401e-01
1.015163706343353400e+00
9.854474944042197482e-01
1.050075496167748756e+00
9.527137770411706619e-01
1.095036933430653114e+00
9.132118456692024377e-01
1.079641295468893203e+00
9.262388653650728276e-01
9.870916507872633527e-01
1.027715595157895345e+00
1.078372296614890313e+00
9.501284553008043643e-01
1.097822682920934323e+00
9.192766447066166302e-01
1.097567145759398954e+00
9.244819039173334252e-01
1.180169297382727356e+00
1.235092314929119528e+00
1.296937426207352528e+00
1.112900202651777803e+00
1.150411255913880382e+00
1.001594070658179403e+00
1.373315231289510940e+00
1.087346672254668078e+00
2.989766675609459521e-09
1.450766437989118046e-10
-4.844811855558055947e-08
5.326683352366761635e-05
4.946159658577451990e-01
1.930003273218702938e-04
1.993986498065530117e-04
1.937252749717563623e-04
1.883102620720786833e-04
1.885747432618947402e-04
1.994875990708582783e-04
2.043232436204764552e-04
1.896623680520430539e-04
1.966636448365335866e-04
1.928882139020987791e-04
1.983616804176921943e-04
1.987388965943742182e-04
2.037942698444297404e-04
1.975694914808140054e-04
2.063135174179415424e-04
1.809356608354459502e-04
2.104242843934851239e-04
1.719120126242998565e-04
2.701224436545931248e-04
2.937174680002740393e-04
4.386868270862064154e-04
3.269084618553393410e-04
2.457437095668611412e-04
1.993653931615332095e-04
1.925657948827987531e-04
1.974974978359872880e-04
1.995668682466763307e-04
1.955094404823671487e-04
1.847592020377548233e-04
3.572208399944696110e-07
-4.657228806272742548e-07
8.460265957745796613e-06
3.717376421662594163e-06
-5.118914799081766870e-06
2.321945251174423660e-06
2.389555234218593780e-06
2.831912606295252956e-06
2.090836866044259232e-06
2.943072179806242400e-07
5.061944455444164368e-07
1.445203667926081123e-05
4.285369619065626263e-05
4.700461290989407445e-05
5.680901001638385853e-05
3.034878824446969755e-06
-4.424438045673561307e-05
1.780424223776427226e-05
-2.319613412771932616e-06
-2.497727679186970622e-06
1.339987193521969554e-06
-4.911465636183787275e-06
4.777762718144310580e-06
-4.395493732784466666e-08
-2.265291654398467322e-07
-4.052497409219203632e-07
-4.358637476508098716e-06
5.425784052594567113e-06
2.780758957753209015e-06
5.513345953713802655e-07
-4.636904181674769576e-06
-2.939819498985591022e-06
2.723058276032775595e-06
6.917805675586358993e-06
1.454261773047822553e-06
-3.940608102909013707e-06
-4.432015976496981777e-06
4.319386631157246150e-07
2.408670738147741034e-06
1.439832413880414424e-05
-4.154755062178933436e-05
9.336310967936713780e-06
5.177737660649450041e-06
3.931004944383124301e-07
-4.180593245161280029e-05
2.499043459383892946e-05
-9.172715597122864677e-07
2.980370340990244899e-06
3.892318470637788139e-06
2.162116878990429317e-06
2.214099336700538421e-06
8.240571573357007486e-07
6.426791949755535966e-07
-6.198524081443459898e-07
1.009099202776883700e-05
-2.774578558227222534e-06
3.567147628348718476e-06
2.439527825267630574e-07
2.050354918325297960e-06
-1.836489253702230540e-06
2.430238670883979600e-06
2.210502631712844892e-06
-2.954603563330480447e-06
-3.334796231808699852e-06
-5.762144671365524584e-06
3.597822407474432638e-06
-2.603698892156446938e-06
-6.318417250474762005e-06
-1.286488262201166377e-06
-1.612561062880130147e-06
-1.030425665416913581e-05
-7.248522216847095890e-06
-1.234197599603864028e-06
-1.929347544313920561e-06
3.583822192345994248e-06
6.692827798923111901e-08
-6.342820040586877287e-06
0.000000000000000000e+00
-2.943939484649167709e-06
4.884158087492196311e-06
0.000000000000000000e+00
-2.685911810273466118e-06
-3.391349106676921709e-06
0.000000000000000000e+00
2.843065602210963178e-06
