7.632799350254895199e-01
9.666952270253831303e-01
9.272727272727272485e-01
1.387867167251904510e+00
9.017874888589227922e-01
9.250022225617184901e-01
9.906200597306866751e-01
7.126170167519929599e-01
9.617673602706375835e-01
9.776122369473169149e-01
1.887174331836049213e+00
9.800537429155293800e-01
1.006795562896940055e+00
5.509107422469103899e-01
1.322836022787530208e+00
7.624845151295107648e-01
9.818742440423849915e-01
1.019813737040974999e+00
7.579943101860593391e-01
1.320240681205794520e+00
1.064142755588169731e+00
9.397474060092071424e-01
1.493865404586302681e+00
7.504364650938715187e-01
1.069195281317357082e+00
1.006872850595253555e+00
7.713322392061836563e-01
1.649476349669547037e+00
1.102780308251095853e+00
1.023421454089356475e+00
2.206248974216780123e+00
1.048128621426322349e+00
1.599124930477673789e+00
1.334108959310223774e+00
1.287985328302959420e+00
3.176685547101033791e+00
1.751938474191675255e+00
1.549763952204505024e+00
2.567249391727524702e-09
1.269800389948605593e-10
-2.980991742943739896e-07
4.958471137686368431e-05
4.980038146160137291e-01
1.867763170605986301e-04
1.828455594917885669e-04
1.887823346584720729e-04
1.820771348076142074e-04
1.844812421719743255e-04
1.905997804115079955e-04
1.925593944780025339e-04
1.960382177203220185e-04
1.886839402923418552e-04
1.828056547303548614e-04
1.913151782829016325e-04
1.890742313801796503e-04
1.906494279063379507e-04
1.876747894137140908e-04
1.792277027513587435e-04
1.828564585231113649e-04
1.905083459349728192e-04
1.768840824238751075e-04
2.103764164701001527e-04
1.493540120499390158e-04
4.027231720231947473e-04
3.512749027251591081e-04
2.193226306649823532e-04
1.907944738694789650e-04
1.875624399735172857e-04
1.855107603799301943e-04
1.872713418071325956e-04
1.888807839258066143e-04
1.881398153344635005e-04
-4.516377700541264715e-06
-1.148749190988738634e-07
-6.625469721235217756e-06
8.829459358806598638e-07
1.216618923863490647e-06
-1.720272931114072074e-06
-4.442969924073668383e-06
-2.554852733038926086e-06
-1.958093615660765072e-06
-3.933848318278737020e-06
-1.752678798759623517e-06
-1.225431844721427756e-06
-3.072909032569247210e-06
9.260590081012030222e-06
2.704653773900810520e-05
-4.592788809167624444e-05
-1.185211078967810160e-06
-3.931148568866986436e-07
-3.758839770023841827e-06
-2.072813932622822069e-06
2.612471514658827076e-07
1.070650544389872467e-06
4.629701968724670836e-06
6.372532978866448806e-07
-2.718307288535551883e-06
-2.191387948149180506e-06
-2.531640351060582741e-06
-4.212023814965342973e-06
-1.136909891598533871e-06
1.439613310810036614e-06
-5.668947957349283410e-07
-3.040381266742559220e-06
1.507924355239523488e-06
1.887840578662419762e-06
-3.995484458508188705e-06
-3.129263741724874195e-07
-7.669822300471868745e-07
4.261810954445545402e-06
3.464165404575005862e-06
1.702664048960866388e-06
-2.449349924122921886e-07
2.135292163911542304e-06
-5.553962930947312852e-06
3.294862033910259107e-06
6.542946711234304773e-06
1.319550268768645268e-05
-2.699390938672551333e-05
8.399707457235985569e-06
-6.461159669840810000e-06
1.406118989145639830e-06
-7.839767869343176783e-07
-8.574205815851507425e-07
2.201930592272729417e-06
2.598635660894710487e-06
2.795912788534424005e-07
-5.362995689825378628e-06
-2.121289872520464500e-06
-1.359766934009898217e-06
1.455811412516123007e-06
-8.188646868156172561e-08
-2.181797647169034375e-06
-2.084697040543585070e-06
-7.253956114949104830e-07
3.552292556719254171e-06
-4.199813841950032711e-06
8.172242416014748535e-08
5.332682815744490098e-06
-9.632786947165246066e-07
1.689050402092615353e-06
-2.686920749098539835e-06
1.445705541316484826e-06
-2.277950710156105811e-06
6.834878519208078821e-06
-6.550817328332127753e-06
2.057446044984283347e-06
1.708971183826310961e-06
-1.342001947593056677e-06
0.000000000000000000e+00
6.880997413107014665e-08
1.731429176870560573e-06
0.000000000000000000e+00
-9.784838943317373318e-07
-1.391651516761860017e-06
0.000000000000000000e+00
3.521307378008922581e-06
