7.169430341834244214e-01
8.875492557893862600e-01
7.063869505311347607e-01
9.813441592917552247e-01
7.399068767190365437e-01
7.218827344426230752e-01
-5.136741721503981090e-02
7.953644119907947729e-01
9.233140105345799542e-01
1.030214738888191484e+00
4.656047518382617767e+00
1.412211976367298671e+00
1.367354930279538472e+00
-7.226567768157483584e-01
1.100508397733253929e+00
9.126922955818277394e-01
1.205060524772447295e+00
8.304012536007590040e-01
8.836804143541576728e-01
1.131827083085167995e+00
1.320634945071128108e+00
7.578467988493122753e-01
1.174004302548694589e+00
8.880992814383047440e-01
1.103490109010532016e+00
1.245966503117372781e+00
1.086970591087053517e+00
1.394159915130239735e+00
1.214170853149102669e+00
1.363787158247803166e+00
1.724875597270184358e+00
1.382690745275489075e+00
1.584196801851847081e+00
2.078401478048502948e+00
1.547634967139310369e+00
2.339897622316287951e+00
1.690780584352025828e+00
3.197101280260340239e+00
1.764958133096887510e-09
9.180364338408102415e-11
3.557199226195294201e-07
-1.978614512215161398e-05
3.011245806045561579e-01
7.402480543813969461e-05
7.062420773028144235e-05
5.994640545610751593e-05
9.694386247079847074e-05
5.729322546494561806e-05
1.522054042435284460e-04
1.873973919992763634e-04
1.806077799111226905e-04
1.735455694297851096e-04
1.709634189491653403e-04
1.644049918551926436e-04
1.699660104342643656e-04
1.734458027909137594e-04
1.693161604175647331e-04
1.766396422436065233e-04
1.737940947463829228e-04
1.616086926486980156e-04
1.890907382467344085e-04
1.199342515425707835e-04
1.332877430619468792e-04
1.482371713335808785e-04
1.000532863846507884e-04
1.003536064677360766e-04
1.030107052097981415e-04
9.429214062737508546e-05
1.297021312652153985e-04
9.611024520030951915e-05
7.060198708161652750e-05
7.913912557264902894e-05
-9.613991108034263455e-06
7.434394994634746769e-06
-9.891751446992555903e-07
-5.063560628775818500e-11
-1.431717023908645501e-06
3.152077769035948925e-06
2.282376621229597232e-07
4.436209225222726346e-07
-2.136998696932628557e-06
2.335621089400264022e-06
-1.314442611871978443e-06
6.467490130396214682e-11
-4.782121285426943091e-06
2.621528801383440961e-05
-1.190268095122468695e-05
2.976655154451058145e-06
-2.105724918810831591e-06
6.849626388027240194e-07
7.155071254710677182e-07
-8.722653606866671289e-09
-9.418012220577775725e-11
6.621184267508796619e-06
1.411941000640726864e-05
-9.830697227156112364e-06
-3.767056259940628969e-06
4.243327415270567604e-11
-9.013593182642809972e-12
-1.035866608392768438e-06
-3.646234443239457303e-07
-5.656356337309134913e-06
1.928458038064643729e-06
-3.023045933219844358e-11
-1.851065966928087167e-06
9.381336845962424463e-07
-2.605060796412052767e-07
1.417387942494812998e-06
9.078473787118430323e-07
-3.073945860818954901e-06
1.377409601871523334e-11
1.554008016960483832e-06
3.353729824383724082e-06
-5.869804941121834619e-11
-1.768763444131313538e-11
1.004301546835410942e-10
1.462474811579983233e-07
-1.798087037803850269e-08
-5.970112960282284614e-09
-2.888646654806466134e-12
-5.119969088270515349e-11
-1.144310875904883556e-06
6.140486401196687930e-11
2.302750088275865712e-07
1.262375525578673876e-06
-4.960924162790409210e-06
2.284330787810119957e-06
-1.397733334750777586e-06
-1.242398356986675566e-06
-4.754525751294178662e-06
8.500928297252200299e-07
5.136642333274127194e-06
-5.463571993752771339e-07
-3.976718678355395297e-06
-1.123581133405712411e-07
1.596952315793801846e-06
-2.232043428109729269e-06
-7.181878727027718121e-07
-2.380124686666497045e-06
4.155945448343558786e-07
-2.846334353092093405e-06
3.055661282255500049e-06
3.676838265001661767e-06
-7.166708975128909921e-07
-6.487590662077137965e-11
3.461718313391864270e-11
1.026063537404085034e-10
-4.920858047443663770e-11
5.910282133772370662e-06
0.000000000000000000e+00
-3.406605763368027734e-06
7.984276190315813026e-06
0.000000000000000000e+00
6.356572092418508251e-13
2.494152782618342744e-06
0.000000000000000000e+00
-1.199750253474577651e-11
