1.012736367302778051e+00
9.837213511385960452e-01
9.588791411288707378e-01
1.170468713793818782e+00
9.708458875068937122e-01
9.619452942990398547e-01
7.457090270358869288e-01
1.116338192121335560e+00
9.853417945571334435e-01
1.334195242506354795e+00
1.927072011224394199e+00
1.467276429739919674e+00
1.371858677007528282e+00
8.398182493330623721e-01
1.013830526564959200e+00
9.865143427342477622e-01
1.004735135796830381e+00
9.955638635503489819e-01
1.020273279292375657e+00
1.003490597072540957e+00
1.018429576978838069e+00
9.827480864877996547e-01
9.923290315272037532e-01
1.139103481300388410e+00
9.377960213780018872e-01
1.277611079137472849e+00
1.059431215823723349e+00
1.287048112805347033e+00
9.499289327343466427e-01
1.366104534776027002e+00
1.369087928194372195e+00
1.734862262226320118e+00
1.396396181331621023e+00
2.329056528175536656e+00
2.372416036279889617e+00
2.407531936290634889e+00
1.431077313341243995e+00
2.572018332777024074e+00
1.304184116405456961e-09
5.963658557515598606e-11
8.917920453596714073e-13
1.144365488215683814e-05
4.852071005917160118e-01
9.270640435476745940e-05
9.232060281794325120e-05
8.706040247419863203e-05
9.470124568677735989e-05
8.819100806768594711e-05
9.024732391101006606e-05
9.453497381311392776e-05
9.008371981651980991e-05
9.656883508406128289e-05
9.865752024093969751e-05
8.842264203948254785e-05
9.081988207154130912e-05
9.196632789485977618e-05
9.629117563861880552e-05
9.272416626518052620e-05
9.022537770782233248e-05
9.019445350339329662e-05
9.978124240819330297e-05
5.996870213279127226e-05
1.188905769442702128e-04
1.802553062734599774e-04
1.149329239857688548e-04
9.399264778451910411e-05
1.051004515061269807e-04
8.946956071256895236e-05
8.826476250077837219e-05
8.687059297812470553e-05
8.591006439543690876e-05
8.392490319709402461e-05
-1.576825972756367540e-11
3.034362238079756358e-11
-6.103936399880088960e-07
-1.907632457899071253e-11
2.541155005385523108e-11
-1.450117009667643724e-06
-5.919859932933084447e-11
3.758702469418153504e-11
5.441638978871403942e-11
-3.590009083716252448e-11
-8.879468075730717164e-12
6.378727116309370378e-11
-3.894333507117482960e-11
-6.422006748279767005e-11
-1.148748650978042559e-11
4.115379352008805496e-05
-1.673065706945838350e-05
1.165565908850450287e-05
-4.078017306228650250e-06
7.005311143390679183e-11
2.686874194318779729e-07
6.325884596060964238e-12
4.996188212571660455e-11
-1.971976231710058843e-11
1.185504491312464127e-11
-3.280358617333617687e-11
3.514235071689235693e-11
3.463428137600386254e-11
1.692109883649031580e-11
5.292597352262091195e-11
-3.421442367962477895e-11
3.494467089824644424e-11
1.349100558763870721e-11
-8.408252229925126985e-12
-4.888186394536890832e-11
-8.606777811741774823e-12
8.341215524094957899e-12
-2.312140097688931785e-11
-1.134030854211179677e-10
-2.773888016616840257e-11
-2.846349764899706844e-12
7.976539879921753186e-11
-1.291979352491704146e-11
-2.900749345391953681e-06
1.769779076948186102e-05
-2.039023153014528887e-05
7.656417721053567518e-06
-2.262880012937854965e-11
9.143366424603892771e-13
-1.899225147865846356e-12
-7.933390840288089544e-11
2.023109717129434564e-11
-6.364062874632500022e-11
-2.727347013040372757e-11
-8.537411861231817106e-11
4.166883502280778916e-11
3.718431206254284405e-11
7.855947823115474376e-12
1.286619391470791425e-11
-9.691333878722859592e-11
1.844339075944135617e-11
6.053874419019061758e-11
-3.267114968624911592e-12
-2.477402910216633260e-11
2.168537080278533500e-11
-1.541832044573216641e-11
5.790945032942621961e-11
-2.455177628947771947e-11
5.131401513059017575e-11
2.908503125479434503e-07
-1.217524491799698488e-11
-1.282010998591201774e-10
3.459884583453835914e-11
-6.448370894484102022e-11
1.913873163587282882e-11
-6.723722488295191354e-11
-2.230036607408528241e-11
0.000000000000000000e+00
1.876065776973127075e-11
-8.247756384758668441e-12
0.000000000000000000e+00
-3.225065676415800839e-11
3.986206825157132187e-11
0.000000000000000000e+00
4.726641954760485264e-07
