8.597113633255109022e-01
1.040030435505959971e+00
8.735256759208854804e-01
5.552068069761548763e-01
8.567153749712913546e-01
8.532365349285953027e-01
-2.347943391216962550e-01
8.702935372364979383e-01
1.007771901370612788e+00
8.715659589911085581e-01
6.993641401573351679e-01
8.475021554730213236e-01
8.596848196632564942e-01
-2.273471349931455165e-01
1.206224963440462705e+00
8.290542051613596364e-01
1.179796125669374973e+00
8.476045783829571079e-01
9.776770366498854781e-01
1.022880213447197484e+00
1.192601297866954013e+00
8.400624073267608516e-01
1.157888748931989786e+00
8.707903030430532709e-01
1.161238344740371797e+00
8.709985153901923516e-01
1.006122364860698060e+00
9.967850434322551578e-01
1.185410160755940634e+00
8.559612199192307980e-01
1.315392295098620767e+00
9.882273246135681033e-01
1.245756418240929086e+00
1.011738430720961146e+00
1.066170122867157843e+00
1.089815412411228479e+00
1.306699233049213094e+00
9.865371324486238436e-01
3.246998799428445996e-09
1.630627643929938415e-10
-2.790958087752752722e-07
5.698008340058164744e-05
4.906476650973406461e-01
1.918648963567676777e-04
1.766236184920453862e-04
1.806426684678478166e-04
1.904024273547601925e-04
1.867785703159578639e-04
1.906322912274637893e-04
2.046463447300631315e-04
2.061567046887355695e-04
1.877592399793835492e-04
1.829286488597944610e-04
1.918454810732277529e-04
1.870887199714092546e-04
1.882810367511640647e-04
1.935877686605216820e-04
1.987851130149607677e-04
1.869091103455931455e-04
1.766255157076066071e-04
2.027236098749834992e-04
1.867729284194710022e-04
3.689612562935564799e-04
5.548176463291509906e-04
3.594954421829593422e-04
3.023240816482660300e-04
2.473537468481627017e-04
2.148758067296313991e-04
1.774191129574502544e-04
1.809004720908105688e-04
1.830058543788010248e-04
1.850443984601021926e-04
3.400455503444829453e-06
3.706366234390305912e-06
1.609184680844606301e-06
3.321576996379414092e-06
-5.853037873174758322e-06
-2.202760046569057507e-06
-3.123696380347072223e-07
-6.082924736851005503e-07
-4.523099865546070901e-06
2.639283431738752502e-06
3.860139236925973165e-06
1.845406607347766614e-06
1.844137403197390290e-05
2.380142869991874922e-05
-2.932271266947847596e-05
-1.511216751902451773e-05
-5.651722183463311574e-05
2.375270153800834486e-05
-9.475401294642108341e-06
2.693817525499706544e-07
-3.580667158148817715e-06
3.097944589422258930e-06
9.473310895771023415e-06
4.534058975620302845e-06
1.308426913149593373e-06
-1.654438764988508202e-06
-2.909772410097441978e-06
1.887713211885499580e-06
-3.171027909284836135e-06
-5.680829538000151718e-06
3.523553259884163893e-06
-1.101663307398461833e-06
3.514078172919516274e-07
-1.999649694358023824e-06
1.849888753995818129e-06
-1.754381962692230569e-06
6.734634828222789138e-07
-3.441639654626205808e-06
-3.282937119819330754e-06
3.638702451321565989e-06
-8.928760810619506234e-06
2.455478081191421865e-05
-4.926790179752718417e-05
2.337370999957340392e-05
-2.724462175908407040e-05
1.189588435414347605e-05
-9.745409124756887007e-06
3.838236057273147566e-06
3.147173749642710473e-06
-4.435129696024725149e-07
-3.259570858682594682e-06
1.942134889107600171e-07
9.561637650845935252e-06
-7.405043456594383689e-06
-8.946650221352671895e-08
3.477341632264488128e-06
-9.063001944505887829e-08
9.427275143066651830e-06
1.094392901826676494e-05
1.024298133759576356e-06
-3.308712206124508544e-07
6.372978133459712725e-07
2.141950961407415944e-06
-2.549386825772860453e-06
-3.806233895415177862e-07
-6.387767987806168141e-07
2.608394630817411450e-06
2.217346047612847177e-06
-1.453724790814795596e-06
-9.121087362326397698e-07
-8.423195928132791617e-06
-4.749928536863295351e-06
3.565985362794916156e-06
-3.029101181567328568e-06
6.909188509065317663e-06
-3.558856798467876136e-07
6.691312415598078562e-06
0.000000000000000000e+00
-3.991035853658466605e-07
6.919466152934125323e-06
0.000000000000000000e+00
-6.932428033467843240e-07
6.078534761666863647e-06
0.000000000000000000e+00
2.824505897872078782e-06
