8.426619440767364466e-01
8.400405997933515501e-01
9.537219809624073452e-01
8.210595877200903558e-01
9.742370690833337399e-01
9.439811165834568474e-01
4.259924659061042895e-01
8.375658868575628357e-01
9.082213666183380774e-01
1.133801021072806670e+00
1.523323260958050485e+00
1.121157220620519368e+00
1.128728177878351779e+00
1.017599289017680625e-01
1.061457371654246806e+00
9.421120986849447210e-01
8.565190053086426669e-01
1.175856352647002279e+00
8.483323823385409135e-01
1.179481429324793940e+00
8.563024793496808451e-01
1.169754632106667191e+00
1.108590010273716064e+00
9.274805987603491619e-01
8.538702793149739456e-01
1.296799458431013186e+00
8.008836433674091371e-01
1.356929014802191302e+00
8.955223347129290801e-01
1.294422432115627686e+00
1.334129131867924256e+00
1.161240788492323484e+00
1.129147566838836658e+00
1.945698144471748714e+00
1.150787106199927745e+00
2.075846393366289178e+00
1.190723116013830296e+00
2.099111914917359378e+00
2.613969152926934301e-09
1.233069059428463395e-10
-1.905774159385869350e-07
5.042898519211473651e-05
4.680430889852031928e-01
1.861144521503235575e-04
1.906464886150396410e-04
1.839037671108004906e-04
1.934790667170623577e-04
1.806292252409851190e-04
1.917059922562102162e-04
1.936441732935717986e-04
1.889477525662327118e-04
1.850393165953574757e-04
1.864489134182992507e-04
1.905984637709017752e-04
1.936676682398512990e-04
1.891622450718103278e-04
1.858718852446349166e-04
1.840452037772782586e-04
1.896452161191214099e-04
1.783408966129995611e-04
2.099114674974149829e-04
1.626527784045912728e-04
2.801890721570954269e-04
2.424085157266990314e-04
2.134638870903497168e-04
1.949674620914213798e-04
1.941908119477048266e-04
1.938818822605860087e-04
1.868640852487733371e-04
1.908350507501536302e-04
1.914134564716387320e-04
1.904586343464477775e-04
-3.262212459729992224e-07
-4.635777647882829047e-06
-2.764214986684698747e-06
-8.221331941449592693e-07
-2.492888140055818260e-06
6.839402288650085022e-06
8.735470459315419122e-07
3.370110086799764367e-06
1.249836400484745088e-06
-1.850285972228259531e-06
2.988328164775627999e-06
2.894363682713299945e-06
-1.445592798814123495e-06
1.973550726698149188e-05
-1.104154570299069233e-07
3.713871778188140880e-06
5.169160940890089929e-06
-2.331379546459810515e-06
2.325639601843185929e-06
-2.013183494366886922e-06
1.473105194604305568e-07
2.010660390029844112e-06
-3.538689737956671870e-07
-8.331637823172060420e-07
3.506524194968456922e-06
3.930752800369826028e-06
1.527317184600015531e-06
3.483102899972554530e-06
-2.013632089794689190e-08
1.529839710046909531e-06
3.960916995985629963e-06
-1.826614056620960190e-07
7.943439778276063416e-06
-2.229915648353109019e-06
4.878266845743362318e-07
1.875850940305135600e-07
5.150792714199810333e-06
-1.194989765591817715e-06
2.249467810086859346e-07
-5.869997833651367484e-07
-6.741637582453555781e-06
3.795925860002472219e-06
4.121798082700942317e-06
1.069020170171092140e-06
-6.043436384977109549e-06
4.881823760734480271e-06
3.247510549810803522e-06
1.066038816223759833e-05
5.281049857179790619e-07
-2.880634662793285905e-06
4.401700448484109682e-07
-2.362986691651841377e-07
-7.382671282959293047e-06
-4.693240162902237488e-06
1.510142322076064565e-06
5.594579525369190246e-06
-8.048724001312311893e-06
6.888683333910995582e-07
5.445673328497462484e-06
5.102653977486615024e-06
-2.441829426894776255e-06
5.612116037420101727e-06
-4.323325262729638542e-06
-7.995306539779180132e-07
2.525110531559407615e-06
-2.129330900856277841e-06
-6.509210588861139593e-06
-2.265941939386690412e-06
4.500013302572433634e-06
2.336572598188153671e-06
2.392707123546956791e-06
1.244456924112065979e-06
4.730272562165952860e-06
6.628480137883839904e-07
-3.024918480875385419e-06
4.590150518787267975e-06
4.509518369572666922e-06
0.000000000000000000e+00
6.678003641486865037e-07
1.624695735071262335e-07
0.000000000000000000e+00
-1.159824550128413378e-06
4.197274077031302436e-06
0.000000000000000000e+00
-1.923100254484820619e-06
