9.136388219040847414e-01
9.984173556816769990e-01
9.587574986589766368e-01
7.927026506874199629e-01
9.451588404494245532e-01
9.659753913629187672e-01
8.126837623707656721e-01
9.210265869503546643e-01
1.029099361095673792e+00
9.780609874509809121e-01
1.152310511557060213e+00
9.761281972962081444e-01
1.000590303950306570e+00
5.167553100780001296e-01
1.142293094035655265e+00
8.786460615428688392e-01
1.019823154356343409e+00
9.805625051972624018e-01
9.491178719028894317e-01
1.054747380524855949e+00
9.770275604433992234e-01
1.024234505008730256e+00
1.190730457372981554e+00
8.702676609189390344e-01
1.047023887222781724e+00
9.810307001790046222e-01
9.114401413994325241e-01
1.142783865237578800e+00
1.046678438768081199e+00
9.987284622122529765e-01
1.594960115046036409e+00
1.070383105440441351e+00
1.376571221145087565e+00
1.255542157158443750e+00
1.118442720831381187e+00
1.473149454967479066e+00
1.345030888503904176e+00
1.309700395388961436e+00
4.270235753870374178e-09
1.394684281861852064e-10
6.853454365648937836e-07
-5.360279555410965612e-05
4.370645815590306626e-01
1.863546848207812848e-04
1.885290557266794528e-04
1.855199735410510622e-04
2.018123402047190492e-04
1.685923671613380774e-04
2.286735815899882296e-04
2.442537641803453532e-04
2.242775351010865359e-04
1.990774343743637129e-04
1.920703760904702315e-04
1.900237205220559121e-04
1.971647571632740800e-04
1.850575471156850325e-04
1.939166857018043426e-04
1.967264399603204403e-04
1.768037475835547477e-04
2.270454079751121001e-04
1.106599502261829750e-04
4.175569031517958885e-04
3.457126190508609466e-04
2.001843558262370525e-04
1.869069669016577818e-04
1.862825972539580580e-04
1.933023001133555132e-04
1.891132797969252970e-04
1.836961234761068460e-04
1.892507427996399042e-04
1.881541669968116171e-04
1.921658197153010359e-04
-1.170697360551277571e-05
1.098689992282326196e-05
-1.498740062008518016e-05
1.501923888696727176e-06
-4.362537274633789496e-06
8.283425212252270706e-09
3.784614693962519097e-06
1.505844130400693848e-06
-1.042579345743854079e-06
-9.710236884795728825e-09
-2.976577888688783321e-06
1.615657836912140123e-06
-1.008878287150081171e-05
-1.296819642430594019e-04
3.582950579652759821e-05
-8.437643392941558619e-06
1.319324732980394629e-05
-5.252467957746371363e-06
-2.004661848669658887e-06
2.526385160711087996e-06
-4.824413106562221325e-06
4.382320088138347140e-06
2.016943558421548251e-05
-1.465263999216690564e-05
1.255287603374313028e-05
-9.551635872416050572e-07
7.296433661815788610e-06
-2.155133964034525363e-06
-1.487371252872630547e-06
-3.311405904975789574e-06
-9.233150417905351576e-07
7.072965149649264708e-06
-1.875508753204773147e-06
1.863234602091282365e-06
-5.982765377802407654e-06
-2.911633803160716996e-06
3.460100542717193994e-06
1.077915835429159658e-06
3.471976098141331972e-06
1.933505183500137013e-06
1.370058053440315853e-05
-8.646229201488587086e-07
-3.830983968375288313e-05
8.940998416940346122e-06
-3.598276658283347931e-06
2.920987253433214889e-06
3.217184857330018333e-06
-2.816636329561943917e-06
4.537927918082756862e-06
2.996735615642730037e-06
5.878106062543960178e-06
-7.051774334486757058e-06
1.343568751113569984e-05
-1.255505468322068376e-05
-8.384147261097931972e-07
1.485728292754936274e-06
-3.339602791625926464e-07
1.826502092269411715e-06
8.814273020770793633e-06
-6.172524656599522145e-07
-4.395397457890024817e-06
2.445549104722443675e-06
-8.727725288220989554e-07
-2.128125679265255654e-07
-2.746893056778914687e-06
-1.477372051026498554e-06
-1.509244256828622806e-06
4.135926714080896513e-06
-8.971858920936762619e-07
-5.258267905544433026e-07
-7.736913596152775278e-06
1.465241445519045548e-06
4.050008621807368949e-06
3.489304394717213761e-07
1.475777679574856640e-06
-7.919851998598404972e-06
1.269080289496181292e-05
0.000000000000000000e+00
-6.389355047154776914e-06
1.135799627305002986e-05
0.000000000000000000e+00
-2.523116475135776180e-06
9.073097227634117454e-06
0.000000000000000000e+00
1.441533586579002662e-06
