8.308058596683365327e-01
9.150430754617658868e-01
8.425814854165953882e-01
9.845516285851921845e-01
8.252125167849829745e-01
8.293875092822187156e-01
7.306084450291598920e-01
2.216005954141318846e+00
3.707120930336346646e+03
8.548034385227780696e-01
3.049695434179354379e+03
8.101340225280455609e-01
8.470696673910780294e-01
1.215428202607978125e+00
1.160338791010323778e+00
8.618303652280964178e-01
1.135135248434145039e+00
8.812105757388818406e-01
9.913887962450278479e-01
1.009157368288196466e+00
1.107955818104874979e+00
9.026321712059302005e-01
1.917203993928590080e+02
8.327189485062904684e-01
1.159597476019540045e+04
8.591947301818894100e-01
4.634919179659278576e+00
9.551447721694735771e-01
1.429348173633799706e+04
8.627959259811974757e-01
1.223591648509345077e+03
1.021391590859628717e+00
5.797568489357251383e+04
1.002908873936004142e+00
2.291798518118243067e+01
1.302038581202763279e+00
7.322840696798611316e+04
1.043523769389828271e+00
2.461211317648775205e-09
1.350492230091146374e-10
-1.864363872393020313e-08
1.581837860211735908e-05
4.728333153726650973e-01
1.842553848371434385e-04
1.860414167922145819e-04
1.825496393485484992e-04
1.900082206651372053e-04
1.716532232674668971e-04
2.149315601985719035e-04
2.280035394331274040e-04
1.918857536280231698e-04
1.876948163183520760e-04
1.839858636769261819e-04
1.935818262657784694e-04
1.969359333742569775e-04
1.797236852619152326e-04
1.926821784021422982e-04
1.852132326687452629e-04
1.862188668488247206e-04
2.000373508234455937e-04
1.678191714452238899e-04
2.013220686607494032e-04
2.416461932289987570e-04
2.095591086352538998e-04
3.124541338140406186e-04
2.430161758866561026e-04
1.943104340593972048e-04
1.905340406310098030e-04
1.977815156284016933e-04
1.847801888914476251e-04
1.846662259944568149e-04
1.890970217253214614e-04
-3.971444644089336092e-06
-5.243086992389888492e-06
-3.526362828890432448e-06
-4.886150922898344262e-08
9.907074021502493058e-07
-2.338103616528125142e-06
8.236002910677014772e-07
3.998128729594552989e-06
2.044709981418133507e-07
4.465601377445351590e-06
-5.389789464641275884e-07
-3.522366221486763270e-06
5.252489869313453535e-06
-1.322906463297487704e-05
1.479783790945133408e-05
-7.869179063143843077e-06
2.615153993582302206e-05
-6.976484465205878885e-06
2.123870833784456777e-06
-4.953006500335588652e-06
9.769170323075484209e-07
2.576919577495078922e-06
1.848380271061069450e-05
-5.224998734862953582e-06
3.320641159510928510e-06
-1.441050472751711216e-06
6.512622152101414419e-06
-5.725525222033447508e-06
3.269082044445614132e-06
3.934864049162499289e-07
2.889873149653274972e-06
6.260063858650986721e-07
-1.568570577819697498e-06
-7.302430560347476483e-07
-4.039631348420219863e-06
-1.169501764775143173e-06
5.487649432400130257e-06
3.309777578245078856e-07
-2.016299732556352366e-06
-1.868004757942770907e-06
-7.969662492892133220e-06
-7.645007511109764778e-06
3.712289277617534428e-06
-1.541448655565191383e-06
1.126195541877698732e-05
-4.242461683357419800e-11
1.513301009805922348e-06
1.682605253591912140e-05
3.722534620884609181e-06
-2.034278852751875671e-06
3.779901100714366655e-11
4.894264809143073203e-07
8.189530027629764633e-06
-9.200197183564063030e-06
5.275791224088408099e-06
1.173523551703545201e-07
3.345147748613503790e-06
-6.661295567449086471e-07
-1.276997042551166751e-06
-7.668605102030447259e-07
1.580559650259202366e-06
6.101278602820827675e-07
1.479326292653139530e-06
-6.332398178249156105e-06
-5.342101109695303682e-06
3.920056308554108909e-06
1.782730410812616603e-06
3.989725880814784778e-07
9.897481918864113313e-07
-2.135928330406755365e-08
8.229328856807003008e-07
-8.557539792435392878e-07
-1.612509733262510825e-06
-2.478253021108251869e-06
3.236002753739226987e-06
-4.386604039330904855e-06
7.302058442354380539e-06
0.000000000000000000e+00
-7.027831368400003837e-06
4.409389083304053463e-06
0.000000000000000000e+00
4.830665178111313121e-07
3.735954453071570207e-06
0.000000000000000000e+00
3.136380409567020404e-07
