6.131868583812320139e+00
3.846300038059117651e+04
8.533967083777930229e-01
1.380967847597225336e+05
8.642633890317709122e-01
8.245228594146228884e-01
2.126628914246980528e+00
1.536653238800732879e+01
4.766516425190577138e+04
8.792183075166241091e-01
8.161114849298578920e+05
8.216918775988893975e-01
8.822501963075899400e-01
1.942461650736084266e+05
1.230962890131850827e+03
4.314310084892749586e-01
4.757449477556037891e+04
2.835177117557016180e-01
4.321682976139430643e+00
3.150431060852464382e-01
4.125689881112663716e+04
2.650167544965462696e-01
2.871437092709357330e+03
4.239783253104763006e-01
6.804977132798050297e+04
4.327548356919188044e-01
1.730974625039802461e+01
5.976083357831085685e-01
6.767866869548644172e+04
4.188529264249493123e-01
5.386846894595639242e+03
9.237058587562372303e-01
1.500709710573827033e+05
9.253944204589694689e-01
4.760038638703672120e+01
1.260183527289382877e+00
1.552022675494855212e+05
9.164291219929483479e-01
2.000735847706964539e-09
7.502059770422622966e-11
-4.623539117338859754e-07
-9.350152608154554604e-06
1.688223097690484120e-01
1.455808506930415889e-04
6.794549769818930269e-05
2.698506994050239134e-05
6.713465685815185298e-05
4.825782053191875449e-06
2.078880342604355657e-04
2.482004375009422281e-04
1.477692559167641403e-04
1.305408759560862646e-04
1.405562345361383546e-04
1.483400762971219739e-04
1.415890482288023155e-04
1.344864838035166575e-04
1.384223809491963116e-04
1.310002756148454667e-04
1.295349336299824578e-04
1.245276502177082437e-04
1.303573603730510608e-04
1.039511502552721133e-04
1.958661186763950167e-04
3.263252485504272867e-04
2.174015930032521761e-04
1.692868881449497201e-04
1.341739850077834726e-04
1.285035401247903249e-04
1.311394952041587724e-04
1.352724004515256739e-04
1.406561476968265468e-04
1.318824487308243307e-04
-1.189860147813322002e-05
1.111548866077315989e-06
-6.704596901535654131e-06
3.977645185392205632e-06
-8.412394947495030310e-07
2.490620472819259652e-06
4.201543421286670879e-06
-6.108066105685811828e-11
5.411085034973502888e-06
5.840615647847834657e-11
-1.773998236604424325e-06
1.168578616918418616e-06
-8.291918944744649136e-08
-7.299746723888447716e-06
-2.571443194033834652e-05
1.627887228470156430e-05
-2.723261867402631703e-06
4.746696632782259781e-06
-2.148691480299664041e-11
1.817760200775766590e-06
-2.340052727469584570e-07
1.777613760210696901e-05
4.615539803909748549e-05
-1.958195883413446335e-05
5.623309663021484165e-06
-3.391974491703824911e-11
-2.551751420788138143e-06
1.520728074674059156e-12
3.412931976285759778e-12
-2.426925538882507959e-07
-1.123385887009708121e-06
-4.158585146832873195e-07
4.812288413109558068e-07
-3.621408163324117787e-11
-4.789729151927229472e-11
7.025040191311274406e-11
-3.369323426623494955e-07
4.632690332793968674e-12
1.613890075939204335e-06
-1.574102648459029141e-06
5.543687221942479250e-07
1.146367319558849340e-06
-1.256549019011151586e-10
2.063228560907036176e-06
-1.141554140708074994e-10
-1.218555027438441869e-07
3.264215730601732429e-07
-7.033556748611995126e-11
-7.084442518322860261e-13
2.744878248634981263e-06
2.096407943314580945e-11
1.208274191364911761e-06
3.505695470441583554e-05
-1.149027152552168321e-05
-3.474981779851366394e-08
-1.947258686057139461e-11
5.318940212011461550e-11
-4.250378788311266934e-11
-1.056551132944844234e-06
1.676731629553274337e-07
-3.049972946014494778e-06
-2.083681796551481534e-11
2.349372589898951826e-08
1.212630890812286962e-11
1.339811731678453231e-06
-1.609880994714600530e-06
-5.453491923656686393e-11
-2.730942060726511570e-07
-2.256541860532108777e-06
-7.806493952112287565e-07
-1.185635966033424713e-06
4.308531726109156199e-07
5.009418050230556360e-12
-4.679727691117478126e-11
6.818195594820462271e-07
2.096748149603102666e-08
9.063051279347546587e-06
0.000000000000000000e+00
-5.288634294024681437e-06
8.626075243573685637e-06
0.000000000000000000e+00
-1.206616959476275900e-07
7.102352352502151329e-07
0.000000000000000000e+00
-4.647199205118539520e-11
