6.179489808569434972e-01
8.674523048916849000e-01
8.354364459399912235e-01
7.866257532394098639e-01
8.501144029168559157e-01
8.279634286021319012e-01
3.663261378105908128e-01
6.425325943725226363e-01
8.561983893116827948e-01
9.296296355418163238e-01
1.589111054502990061e+00
9.366923275753130662e-01
8.912907411106758548e-01
1.059791305800305700e-01
1.443654359537045906e+00
7.022064201093582980e-01
9.469466995520436914e-01
1.056588517321627396e+00
6.762121822454714160e-01
1.495661915278412746e+00
9.871379666383635065e-01
1.013416038835083022e+00
1.480139423829795575e+00
6.979563096678494949e-01
9.648577386988763660e-01
1.178855265758397941e+00
7.040115372061910293e-01
1.606673752856242920e+00
1.025683276066354344e+00
1.131929537422070808e+00
1.872743673679300835e+00
9.192228746492250302e-01
1.335835358138124818e+00
1.556274139727310324e+00
8.933458781598520027e-01
2.287648539502347589e+00
1.463183315959240449e+00
1.568325124629268874e+00
2.479304217686992997e-09
1.339659211753501614e-10
-1.029212803810324067e-07
-2.316892940685808710e-05
4.845312196367252966e-01
1.830841492055775780e-04
1.812443862659710058e-04
1.792466073900171727e-04
1.831542865452280176e-04
1.815189365048829257e-04
1.877871726083332759e-04
1.923788227301195938e-04
1.877804174633558435e-04
1.836533217084968764e-04
1.780646672133087943e-04
1.884479064675875760e-04
1.929311073306745400e-04
1.875276451732595660e-04
1.835754269383086572e-04
1.804069117538470977e-04
1.829420305561057526e-04
1.889658612096171606e-04
1.694498958749722257e-04
2.575284021466296681e-04
2.462489543618273224e-04
3.217192267279449453e-04
3.226875680262827981e-04
2.250515466747794301e-04
1.917832596380489112e-04
1.827744039739601274e-04
1.822941520520044237e-04
1.849773397379485089e-04
1.813931344433983794e-04
1.855106549348240429e-04
1.872326375274919065e-06
7.376966548759831374e-07
3.033236787563009419e-09
3.778088576453852900e-06
-2.569162169565451023e-06
2.854819812524671738e-06
3.841340250263244359e-06
1.996859347767079299e-06
4.655600624767785483e-07
1.471488468040111567e-06
-3.049236666958505218e-06
-1.529208215487039024e-06
4.477142696458165799e-06
2.932351499934405674e-06
-2.143443508774271834e-05
-1.057719361812878169e-05
4.710241536034609902e-06
-5.080576319391913116e-06
3.581182463004815096e-06
-4.481906435314929359e-06
3.990257446861301797e-06
-2.118954267137616357e-06
-8.388621509435905202e-07
-2.216627586568745138e-07
2.772034953341670163e-06
5.623276515753218598e-06
6.755691088786917571e-07
1.406880744363717279e-06
-8.804556507897539659e-07
-2.153846163956622372e-06
-5.385554880489126336e-06
2.416656574391075008e-06
4.898063749860775482e-06
-3.717325511613822618e-06
6.447603976975120662e-08
1.309369813060808271e-06
-4.455850748878854744e-06
6.198520453676192757e-06
-1.944713082482360711e-06
-5.268731061936555827e-06
7.992305867842436007e-06
-9.210050995519325566e-06
2.648629083273772142e-06
2.285613797159974782e-05
8.477640696558089018e-06
9.042249362552060211e-06
-5.573421935681630626e-06
-2.283554703866926519e-06
-1.647127222961876997e-06
-9.399566709401025433e-07
1.072348202507646783e-06
1.239080972742146268e-06
8.534853577877660668e-06
-2.979215051649442037e-06
-2.351420778379673027e-06
1.034247368708327141e-06
2.006542744393003827e-07
1.004187454033874194e-06
5.482404004602183604e-06
1.246025302122579749e-06
-2.269815676481534383e-06
-8.747773744804408518e-07
1.668261109954743811e-06
-3.104169808687793321e-06
4.852188525889013684e-07
6.793080912697803342e-07
3.665507150360725276e-06
-1.409662924661786210e-06
1.738010352868823495e-06
2.229301450512278277e-06
5.060186036214345516e-07
2.615719541122371963e-06
9.206871962039156254e-06
-7.047588391872630288e-06
2.923272251202154428e-06
1.586199582593783776e-06
5.636659171524888510e-06
0.000000000000000000e+00
2.946339213229956642e-06
4.426227876434457573e-06
0.000000000000000000e+00
4.817214454907001118e-07
1.476468146702891481e-06
0.000000000000000000e+00
-2.697737243958297203e-06
