6.316765025321711136e-01
5.179905481128005418e-01
8.357709054370883184e-01
6.487628903883211340e-01
8.384873881410600527e-01
8.443301154440777667e-01
1.161085726535034807e-01
6.208080193634806232e-01
5.545251154694881279e-01
9.036637743187014848e-01
1.446796494142742251e+00
9.294539921011016892e-01
8.995383909910077413e-01
-4.374004073287955652e-02
8.521615241713054179e-01
1.173607254030513136e+00
5.978107798204412848e-01
1.673935471261718266e+00
7.361056341993588159e-01
1.358506806055253646e+00
6.284377182637871373e-01
1.594452954858983196e+00
8.279069473388953604e-01
1.247244903586139042e+00
6.732767692395938974e-01
1.652782770597883699e+00
7.495884152200452677e-01
1.403437056548163309e+00
6.923027647363544368e-01
1.631265453786578501e+00
1.106432372867986569e+00
1.543208749479586306e+00
9.237366112373799343e-01
2.252160336872414348e+00
1.073965885117977859e+00
1.915764906093468056e+00
1.038253465593827141e+00
2.417683467055238289e+00
6.408472367276637606e-09
2.133022429016537426e-10
-1.793489887286022395e-07
7.513389392853309871e-05
5.158498120744152704e-01
1.898912946546305307e-04
1.921484616795219008e-04
1.903986270216738560e-04
1.982684223294253712e-04
1.667746190660714220e-04
2.637967177169227382e-04
3.019070135827394471e-04
2.352479253300083150e-04
2.163621274765350783e-04
1.973159800581739836e-04
1.938151020528917044e-04
1.923829529566506045e-04
1.939552747855894873e-04
1.951088420466918572e-04
1.992542399972116116e-04
1.890993099418239150e-04
1.916251423520738770e-04
2.051290466839570683e-04
2.619848070509087860e-04
3.226600933745156973e-04
3.875059050173874854e-04
5.111206656656986681e-04
3.461025090681590878e-04
2.413103327848322756e-04
2.072349501359998679e-04
1.857357712618883626e-04
1.917320589091825857e-04
1.907700051811096558e-04
1.881871752061312661e-04
-1.763186850143603275e-05
2.010333018887354434e-06
-9.301457621461923611e-06
5.007430943655568587e-06
-8.300248000629706539e-06
1.904765114507065090e-06
2.988604202066710895e-06
1.293709107734390587e-06
1.642304916188608589e-06
-4.580190255236776743e-07
-8.265641045454911991e-07
-1.475264275028623305e-05
-6.184828679659181382e-06
-1.933406985064476381e-06
-1.575523832415221272e-05
-4.039123465738704777e-05
-3.427887727386051578e-05
5.053563605954715608e-06
-8.204130855589366109e-06
1.811765706100457119e-06
2.392730842762448498e-06
1.791231445007310415e-05
2.052259452990330620e-05
-1.253142700985155952e-05
5.183094791969525592e-06
5.415672685303794719e-06
3.207696169739113098e-06
-4.153282344764772513e-06
6.159486067939905479e-06
-5.850551263554842438e-06
-2.067164616007646860e-06
8.472931018899515409e-06
3.251940431796037716e-08
2.652497358498957847e-06
4.277462977362032868e-06
2.512930939560370113e-06
-3.495611763675702364e-06
3.097476589823931058e-06
7.204171736004476946e-06
3.361412258418795866e-07
3.520786399367014006e-06
-3.115844725125195514e-06
1.889865446058432481e-06
-2.791214374617183254e-06
2.561395008407789027e-06
-2.473402504760253918e-05
3.535923776892840485e-05
-9.135249972493432073e-06
4.769075321555144917e-06
-7.603040805578949972e-06
2.818983487999098182e-06
1.090436586330560027e-06
1.278834619962775433e-05
-8.401538550745883896e-06
-5.882563560863194513e-06
-1.892056986874283786e-08
2.005454715602915781e-06
-5.486475523794052886e-06
2.311626752168289860e-06
1.220675200995737470e-06
-2.178828325022281144e-06
1.593055965640377105e-06
4.965909389545311589e-06
9.790022499906303077e-07
5.136174498389700884e-06
-3.494071958625897058e-06
-1.222055882537026264e-06
-1.146018600648651734e-06
-3.114403064231630780e-06
4.249694213425917198e-06
-7.997142081870592877e-06
4.280001370028566388e-06
3.353210761717845919e-06
-5.659450759082858859e-06
9.130885501071238996e-08
2.941331632125125062e-06
6.429278672343951423e-06
0.000000000000000000e+00
-8.704174055397934423e-07
6.392265246804242654e-06
0.000000000000000000e+00
4.051684783059594764e-06
1.245779512079281146e-05
0.000000000000000000e+00
2.378992965066807823e-06
