8.631162075187983618e-01
8.592014978775323053e-01
1.158074708912262496e+00
5.714586811770213659e-01
1.093930066029713100e+00
1.235210477328019252e+00
4.947099874321781443e-01
1.017764359387987927e+00
8.900709391903073309e-01
1.188722617979797613e+00
1.522421593161118913e+00
1.288650996443621022e+00
1.246232784187547349e+00
7.885874068272227255e-01
9.014456702168358593e-01
1.128560554443722275e+00
6.984196551655939000e-01
1.432277494010918861e+00
7.338677910763433676e-01
1.420439350335641837e+00
6.622821466729058582e-01
1.511452082437795941e+00
8.670005568433576393e-01
1.286052354262544162e+00
7.294431929979579010e-01
1.473588389006802224e+00
9.847939850692086772e-01
1.319543437401207164e+00
7.169861912701660511e-01
1.500457799446765161e+00
1.216631147587418305e+00
1.896656351386091455e+00
1.277254582484275147e+00
2.221070430794434003e+00
2.100863307019470216e+00
1.812653028275511780e+00
1.503706709718648060e+00
2.434847957027759691e+00
1.519917128798918546e-09
7.729245706098297492e-11
-1.521963816322116813e-07
5.502223691168334245e-10
4.633223056368495074e-01
1.327557895731696486e-04
1.316935379457021720e-04
1.260150850733708118e-04
1.373474736725905829e-04
1.210559514482046858e-04
1.510840293849857155e-04
1.827854010703413863e-04
1.754697940465616674e-04
1.801619022226019383e-04
1.748145671537345365e-04
1.725214312776780909e-04
1.768102559288497913e-04
1.775055929992576918e-04
1.753465574325523179e-04
1.705619211849518141e-04
1.775713543711625255e-04
1.677367096673818881e-04
1.972345374251182584e-04
1.534538251662319569e-04
2.247335099524464994e-04
1.919239792230997810e-04
1.414744743049711610e-04
1.299974964342806420e-04
1.424781758362706472e-04
1.298363182615854970e-04
1.448551528361410358e-04
1.399522421664319721e-04
1.342410156670688294e-04
1.374100679515093560e-04
-1.589023944883865735e-06
1.565513664539864175e-06
9.433705432202321866e-07
-3.242201029820069806e-11
-2.109075827932667912e-06
2.706884861184317227e-11
-4.417868212695786717e-06
1.760185583182434809e-07
1.044959842905652293e-10
1.784330712995635494e-11
-8.876153282783041060e-07
8.602983478110930865e-06
2.697164831321668591e-06
1.494502138026683412e-06
-1.204037442550394800e-05
4.031159359761545410e-06
-5.358334497515711880e-06
5.978585665333730147e-07
-4.468188623647237857e-07
-5.385301864877571727e-11
-9.975347797018623213e-12
3.296841140004124977e-08
-1.745218299381151357e-07
-1.821315056246666601e-06
-4.992675029222393725e-11
-1.730713372458866779e-06
1.286696274656297788e-06
-6.338049591445195404e-11
1.078057153439445778e-06
-1.284858022359528061e-07
-2.319077052318501896e-06
-3.102677777192602269e-11
-4.347644576576731620e-06
-3.735006589817168048e-07
-5.044439860047235745e-07
-6.320939954013406637e-11
-2.175569269990701369e-07
2.326983490810909060e-06
3.266750144180292120e-07
1.407257428031169546e-06
-2.515718854737404758e-07
-8.727689709501957586e-07
-9.988967622675530865e-06
-5.599296144566811896e-07
6.106805357165005592e-07
-3.754603859467278543e-11
8.244660790511507193e-07
-6.373371604854693463e-07
5.627547099548711714e-11
1.519617422834708364e-11
-6.365736375717810677e-07
-3.527373731913200939e-11
2.101414444941329997e-07
-9.666454997181922163e-07
-1.912977246822191545e-11
-1.021192956112794431e-06
-9.685402107770875970e-07
7.990464386662618171e-07
-2.891182883060950699e-07
-1.518001189529758055e-07
-2.132675298546134551e-07
-4.650664503183517506e-11
2.946308517014953775e-08
3.413738627581996427e-11
-3.356445385504439411e-08
5.986365925124383332e-06
1.995000012292692501e-07
-3.194519201515861442e-06
4.541167864553966568e-07
4.171543573556276376e-06
-5.038460316563415567e-06
3.840375853317083475e-06
-1.025775809268305106e-06
5.402390219906694273e-07
2.446729723960473681e-07
5.590319202558407169e-07
1.772140713551849566e-07
0.000000000000000000e+00
-3.514515625149651464e-06
3.081302593617647981e-06
0.000000000000000000e+00
8.922066802648146804e-07
-7.072429914529941426e-07
0.000000000000000000e+00
2.667046385273324997e-07
