1.030589384004879649e+00
9.805479191329677935e-01
9.051408239267338951e-01
1.938070919308338746e+00
8.922535098041995960e-01
8.822200235624274578e-01
5.384073832238941287e-02
1.551383173382985881e+01
1.012427342659475649e+00
1.070731072335839196e+00
5.295557381363265037e+00
1.112865021130300835e+00
1.093969151004487328e+00
-7.116120365701612827e-02
9.727907666184052449e-01
1.028668971206043947e+00
1.072341802932978538e+00
9.343449993228809536e-01
1.129881952632748821e+00
8.856247471237812530e-01
1.097496923619817988e+00
9.136272777426637237e-01
9.870526836764086376e-01
1.648490655441516139e+01
1.174830163968791918e+00
9.875534275167958675e-01
1.595563020904217666e+01
9.697126047324515774e-01
1.201517835917753407e+00
1.042731227007608119e+00
1.624616570081602429e+00
1.015726127847261040e+02
1.590021019622096965e+00
1.550068216988323755e+00
9.668482736927104781e+01
2.308428153812871031e+00
1.667011844477214622e+00
1.691336732736139936e+00
2.573522757286483954e-09
1.482512694481848680e-10
-8.574610113973721991e-14
2.682293163050099039e-05
5.105936247375453263e-01
1.855173418291773289e-04
1.870044341986032334e-04
1.791636075585261996e-04
1.866220382244269363e-04
1.643868820736677232e-04
2.053839406590683334e-04
2.000096291432214496e-04
1.888055602449979688e-04
1.914035905681023253e-04
1.885088597706629945e-04
1.951979013621367388e-04
1.828707182783606338e-04
1.888033930342735312e-04
1.868322708068693365e-04
1.902474935228674804e-04
1.872437973865437527e-04
1.991235584353971244e-04
1.912887690687885950e-04
1.922674091760639156e-04
1.652585520879415752e-04
3.251250894776153144e-04
3.430991697758264567e-04
2.407334212176845119e-04
2.303192429897523309e-04
2.160478570752393933e-04
1.914896104816571788e-04
1.876477497463756479e-04
1.911152366163609471e-04
1.876622534134894183e-04
-6.474407925041114279e-11
2.152465620318943318e-07
-4.819842564668886489e-06
-8.099914845926567591e-12
1.890936593454707571e-10
-6.167055166842763685e-07
-3.950066920979230495e-07
-2.003872838305882266e-07
1.505492593671926391e-11
2.245906568542264633e-06
3.896462526367171521e-06
6.158495249908633432e-07
1.602459982818093013e-06
2.586198797014664245e-07
1.013229827123648285e-05
9.492302345798840247e-06
6.125928083677719099e-06
-4.178397913878234293e-06
3.818071414722952556e-06
-6.360370605136784711e-07
-2.345162565313435882e-11
1.647151718922770412e-07
4.553767550584497361e-06
-3.154989027009470226e-06
-5.557927919407415663e-12
3.520305841552766637e-11
4.429929764770112834e-07
-3.440076590201255818e-08
-4.864039380516452987e-07
1.691104820292121874e-06
1.494053104295413909e-06
2.957373106118796697e-06
-1.866021881070639935e-11
2.966563612972040011e-06
-3.601222039032924005e-11
-1.714369426712721580e-07
8.203980106341581785e-12
-2.942085193573619959e-07
-1.286382148919770967e-07
4.700656480955285881e-11
-8.212458836553173825e-07
9.714745024535195474e-08
7.899480046528337721e-11
-4.090308914171018892e-06
1.203712431904138174e-10
2.934251854975569412e-06
-7.358731981384437997e-06
-5.619353455122653093e-06
2.339460614431914239e-06
3.546336669988162380e-11
-1.991168395213379785e-06
4.449609609015214885e-07
5.160789546646475641e-06
-3.214107262821463081e-07
-4.072179791738738848e-07
-1.564742714146268368e-06
3.847026773546406977e-07
-8.781253157341668008e-07
2.008212730030816975e-07
3.656003826451412016e-11
9.482630675493920470e-11
-8.306054598585616840e-12
-1.498511268430271656e-10
3.523498164057942483e-06
4.252314788345380625e-11
1.523905822704894125e-06
-5.908723353465671777e-11
-4.204624123607148022e-06
-2.799231570345161039e-06
3.022861774949865787e-11
6.540545732204192567e-08
-9.548206378095362321e-07
4.725398251998369157e-06
-1.102353546827619279e-05
-7.572259546394936641e-06
9.631750621755830259e-11
3.414919207221113098e-07
0.000000000000000000e+00
2.476076370113699709e-06
1.043680971310116934e-06
0.000000000000000000e+00
-2.079820337412865843e-11
4.912874875347501647e-06
0.000000000000000000e+00
-4.024607561843089775e-07
