7.023427992567250477e-01
7.055624140792646770e-01
8.315475279350985627e-01
9.792733023138853188e-01
8.327204157119194594e-01
8.161716573529474994e-01
1.793046354771437034e+00
6.923866683375838882e-01
6.914854977974835837e-01
8.391051718339568311e-01
1.986379424977172459e+00
8.429705765223899361e-01
8.248945578855149119e-01
2.217317816993798374e+00
9.822314657112874992e-01
1.020962897702748950e+00
8.505632532421062431e-01
1.177264545033781307e+00
8.419641557063124448e-01
1.188391283481400773e+00
8.719197741746558261e-01
1.149692549010930209e+00
1.011682217285622798e+00
1.051076947571617737e+00
8.332375477777792527e-01
1.212320679925785516e+00
8.362055504978165299e-01
1.198867315115430321e+00
8.653838665577486822e-01
1.184226347082652842e+00
1.157170597639067156e+00
1.138863152670055889e+00
9.853356672132020933e-01
1.321324911684107262e+00
8.892284547582256504e-01
1.323498166096541695e+00
1.013635362092176972e+00
1.316491947668152473e+00
5.634483934209359284e-09
2.703957758083336791e-10
-1.746155068771325423e-07
7.017373803505966875e-05
4.207545969332570079e-01
1.890851834760642804e-04
1.882329150881493899e-04
1.812517466902611660e-04
1.905107880793587330e-04
1.811276622811649703e-04
2.072668979080204556e-04
2.436945147768875409e-04
2.158851690675275261e-04
1.976220329986746202e-04
1.924865879686408566e-04
1.848068342551974544e-04
1.813023522610649016e-04
2.015427619946285850e-04
1.806436014853695662e-04
2.274890706099627451e-04
1.360593484474639770e-04
3.640035966057061944e-04
7.184008823982014971e-04
6.743275246457794674e-04
7.471005040135202634e-04
6.090725432929574960e-04
3.557658088510840585e-04
2.021356394738597038e-04
1.902626231801431383e-04
1.808427319281866934e-04
1.988422892101640821e-04
1.938047775184673375e-04
1.857091603515771976e-04
1.867355071786066145e-04
-1.432408591850084016e-05
4.673466325012468268e-06
-1.153770012154167545e-06
1.092186923053187525e-06
6.086511564097471576e-08
-2.857085005676256555e-06
-3.334283022523124187e-06
3.440737587057423771e-06
-1.422629744697162377e-07
1.034125411343141959e-05
3.871964772659582240e-05
-9.004168337773871592e-05
1.581999152383539438e-04
7.644964154146136580e-05
6.314575068188863199e-06
1.051768995765387979e-06
2.720474427677594726e-06
2.585378993536858144e-06
3.937917741084797214e-06
5.626830818845775365e-07
3.608291685855334767e-07
2.883852338848708103e-06
4.991809955704313837e-07
-1.264984510842271279e-05
3.360964127494828690e-06
-6.630853904141965668e-07
-1.029347250534333072e-06
-3.709934936341645167e-06
-4.220064122132735914e-07
4.477266658422938231e-06
1.590452991913527470e-06
2.927016563070494040e-06
-5.895033108453606179e-06
-1.159437186030585375e-06
-3.629396008260145264e-06
2.319492784181220648e-05
-2.974181680369349093e-05
2.847828990576746337e-05
-2.740348809588402117e-05
-2.576428472534460385e-06
5.211700547425890688e-06
-1.676432920186255493e-05
1.716853772174217616e-05
-2.426763350508278673e-06
-9.595463150455493047e-06
-2.350655872517250636e-06
-1.815705407113276534e-06
-1.044254569307691654e-06
-1.749476720859189332e-06
3.181607906326823686e-06
-3.582435478123764481e-07
-2.450501225164000166e-06
1.732895590672472642e-06
1.457323249304986451e-06
1.618210020195585786e-06
-3.291334993848612590e-06
1.271591326394939182e-06
2.270056816129371290e-06
6.405188398886547613e-07
7.666111203172217307e-06
-2.428843171699207432e-06
1.116267941711454178e-06
-2.288321493275709762e-06
3.469169476296727487e-06
-2.360674571305790210e-06
1.535224361628213734e-06
7.048171029489957277e-06
-2.331024980676872440e-05
-4.815942709832785585e-06
-1.247370751901464219e-05
1.700026131486312970e-05
-1.865333406701619591e-05
-2.028583468217134465e-06
-1.067977418262570700e-06
1.420142734651065920e-06
6.192297497018532565e-07
1.236584119766571420e-05
0.000000000000000000e+00
-6.394444937297883686e-06
4.685287334431283619e-06
0.000000000000000000e+00
-5.407261428303175260e-07
3.040908641327846091e-06
0.000000000000000000e+00
1.372154980614701684e-07
