1.004007417172037009e+00
9.522534466301718625e-01
9.937106918238993725e-01
9.082260179853681725e-01
9.840451653487869432e-01
9.835585964061804853e-01
1.030647320909402254e+00
1.003442160676247585e+00
9.354609699411007284e-01
9.854859328681394581e-01
1.845115435526602177e+00
9.843041199514037665e-01
9.859284766120507415e-01
1.068694595515816248e+00
9.671281638237231304e-01
1.033989164695364948e+00
9.581303038846917808e-01
1.043754373629534715e+00
1.013746956352782558e+00
9.864404200999257188e-01
9.793539083848892268e-01
1.021448846126538079e+00
9.432239564092854689e-01
1.067659293132227738e+00
9.585688768863482867e-01
1.061062454217821527e+00
1.004992654841789568e+00
1.002369398443501591e+00
9.681558782889215786e-01
1.051005560478847745e+00
1.067399436036359450e+00
1.238917104773932021e+00
1.112035343551450950e+00
1.232823424761645192e+00
1.080535288989413534e+00
1.072407855053175041e+00
1.149200255173701279e+00
1.207687678935963627e+00
1.944410845686716504e-09
1.162988235858651840e-10
8.414701198207370859e-08
4.027052409640450507e-05
4.824393968314564241e-01
1.907994673670091487e-04
1.882033485541227257e-04
1.830316619980925231e-04
1.866763867053277662e-04
1.853951993231060715e-04
1.990381411095255273e-04
1.862346809687443036e-04
1.839704879690767011e-04
1.860925255745251509e-04
1.874533641254480239e-04
1.816518236510931701e-04
1.893377050014932532e-04
1.947584837681801996e-04
1.963561888384082776e-04
1.875120281071326997e-04
1.913806299916621641e-04
1.887360876586460789e-04
1.883017815293475702e-04
1.800735956674919978e-04
2.043768832338321915e-04
2.381890020546046749e-04
2.059700414343358698e-04
1.917153313444755285e-04
1.928966124287128769e-04
1.915460294843900936e-04
1.876945753578685761e-04
1.915006683324761325e-04
1.930237843597832985e-04
1.847776647783953190e-04
3.372980279337783476e-06
-9.409231854947788348e-07
2.417470007958825924e-06
5.690822791765972728e-06
1.298924185173457658e-06
-6.492635555747087942e-07
-2.083360381285148978e-06
-6.273116536745577009e-07
2.956468660137564728e-06
-8.142620675832510261e-07
-1.639983097226357653e-06
4.733736341987160675e-06
-2.938294114713384201e-06
-3.434923026775452543e-06
-5.192904967360550364e-06
2.673288176649629314e-05
-1.606164023379634166e-05
8.625971549253556880e-06
-1.141749690280844842e-06
-2.210964759118413775e-06
-7.215837357733713810e-06
-2.012040349209137628e-06
3.029436830186256341e-06
1.234088956077576075e-07
-1.572780022482479025e-06
-6.376663790190246369e-07
6.052223131324217315e-07
3.448407679862431157e-07
-1.938276902780065253e-06
-1.324861352358804428e-06
8.367766846259117086e-07
-2.397714134138321495e-06
6.008096087778044668e-06
-2.323350392738126217e-06
2.080746789326900659e-07
-2.833371164241967091e-06
9.242711448245233888e-07
2.004426374460123952e-06
5.127412631580958935e-07
2.365583212025872981e-06
1.437043284955282762e-06
2.312560774215181843e-06
4.182059513993517278e-06
6.579535093086718380e-07
-1.602032247210134320e-06
-2.752098286595778633e-06
4.903587763732650170e-06
-1.320556582785127071e-06
-5.430829900635632152e-07
4.716598221583189471e-07
2.109916955980876119e-06
-2.371287460681477285e-06
-9.736143788355977315e-07
7.837329139594248718e-07
-1.984199981309168115e-06
6.973703186279988594e-06
4.942433356491851470e-07
-1.144831039733423461e-06
1.501050525465097013e-06
-1.919616698275540260e-06
5.389261341631994005e-07
1.007099742163583849e-06
-3.905972202064379714e-06
2.398078588939869244e-06
8.715258576174638598e-07
1.777054949144007513e-06
2.928405080845299066e-06
-1.161116028471657275e-06
7.920730400228725772e-07
-2.373320309294418946e-07
-5.394699356475867331e-06
1.145183422228129544e-06
-9.181805090900578933e-07
2.381253558507723256e-06
5.013655779827334089e-06
4.817589180797093974e-06
2.754889175416505892e-06
0.000000000000000000e+00
-9.396910143206423019e-07
1.473904793087767336e-06
0.000000000000000000e+00
-2.224931336717595124e-06
-7.868127127289761223e-07
0.000000000000000000e+00
-5.150387524893096203e-06
