9.164764139899876927e-01
9.180255525291668439e-01
8.968905035352943145e-01
1.533923001344872139e+00
8.716201246018254745e-01
8.776791815484354942e-01
7.392789184468609998e-01
9.125773931467151545e-01
9.230244236549504100e-01
8.999047145596359432e-01
2.055582257753069353e+00
8.682035916819723642e-01
8.863593493711785509e-01
3.322909817686047207e-01
9.996602162942910264e-01
1.001074821161137107e+00
1.022350247997968697e+00
9.781639895388521966e-01
1.011639834649241898e+00
9.884946452420291241e-01
1.013757722136269024e+00
9.866200744618696117e-01
1.008832530398291683e+00
9.969850503749289050e-01
1.027686960741395872e+00
9.828061684472857440e-01
1.017716917288801426e+00
9.851524834457816571e-01
1.035816546303892860e+00
9.735647381311709481e-01
1.129363965848381390e+00
1.095879218745799522e+00
1.166396269192520041e+00
1.098662346177358806e+00
1.077495213825835130e+00
1.070697011132675236e+00
1.232126523658341410e+00
1.095681542771075545e+00
3.233636380331678349e-09
1.551664360754124310e-10
-8.022592511178089634e-07
5.602439271765204923e-05
4.881183540922955366e-01
1.899080657934907441e-04
2.003646681408328023e-04
1.914322053848859168e-04
2.038474302214291758e-04
1.759549944574130402e-04
2.549084087643386002e-04
2.444110449151668972e-04
2.117987529607580008e-04
1.974610663271583505e-04
1.976088634440226568e-04
2.040810989168011279e-04
2.002344736086317310e-04
1.961267746831057491e-04
2.002597497928667865e-04
2.011635673078970550e-04
1.979673286165086355e-04
2.056693817632483049e-04
1.944348860991936424e-04
2.381768215551319668e-04
2.871263100723360408e-04
4.770376521723787436e-04
3.063157288959602285e-04
2.555515409513733427e-04
2.145502269097404927e-04
2.035495866511931990e-04
1.947341896908435545e-04
1.963299310328859291e-04
1.952393751599365828e-04
1.918841990793927765e-04
-6.328294369524440710e-06
-2.465988309317347698e-06
-2.487024168380142957e-06
7.612028092274994299e-06
-1.103029130051600260e-06
-2.444535402741822926e-06
9.687656525936884259e-07
2.486488659050334382e-06
1.259330701560952059e-06
-2.059686017237643504e-06
7.053237067480360399e-07
-8.684088043470201049e-06
1.179394176074565129e-05
-1.802306623949347070e-05
4.531914465464865604e-05
1.038984048925972335e-04
-5.972853814449315471e-05
3.058313734604361801e-05
-6.961935976536734554e-06
5.474236106795411092e-07
3.715725778492458998e-06
-2.708958813531906424e-06
2.135115427054195132e-05
-1.117035482020596859e-05
5.389170249699163837e-06
-5.314569745097661791e-06
1.989428482568764565e-06
-2.017860045960254990e-06
4.631493496668822885e-06
4.623778950003997756e-06
-3.123976743492680198e-06
2.933410863606020589e-06
2.274182548282851172e-07
-5.935654023143303110e-07
-1.964297443667151229e-06
-3.876591821824248768e-06
8.912778972733777849e-07
-3.121222740790013422e-06
-1.727779912558834198e-06
-1.641025570476642979e-05
-8.160837426351763351e-06
2.597377974542297769e-05
-1.626376355111826407e-05
2.508716655915624671e-05
-4.913727608762512029e-06
-3.905400479027097915e-05
2.355040162088999046e-05
-5.099770941073150834e-06
-3.899430160266373249e-07
1.069705993673879651e-06
1.682527570913432117e-06
3.990651782958687529e-06
1.806199378930197513e-05
1.174375553058141268e-06
8.153346603028191481e-07
-1.626222306798226499e-06
2.181979822863552946e-06
2.975632798658312851e-06
-7.814097061675315332e-06
-2.713146695065237625e-06
-3.585308766902201088e-06
2.145800830330110449e-06
-1.801934210031660465e-06
-3.654419389057544067e-06
1.391508049684599994e-06
2.144861575368172664e-06
-3.111298607834048670e-07
-5.303593196956633736e-06
-1.108906988521089508e-07
-6.043285983208598690e-06
7.685000487429302423e-06
-5.425753244555031902e-06
-6.370169166975679223e-06
1.542293337190469069e-05
-2.051265439561176952e-06
-9.294669536138310480e-07
1.920434682476071829e-05
0.000000000000000000e+00
-9.853941506743350406e-06
5.667832883037022255e-06
0.000000000000000000e+00
1.387596105141699523e-06
3.240100830416649527e-06
0.000000000000000000e+00
-4.048275019862221063e-06
