7.912455958931623456e-01
1.065550506126234476e+00
7.638844336092042164e-01
2.444123043241438253e+00
7.215876594542220968e-01
6.565036777551284120e-01
5.797390988637285414e-01
4.356992006545824303e+00
2.997963364477312280e+04
8.735522062167123680e-01
3.698019008009949466e+05
9.332227533847395895e-01
8.837589940643229003e-01
-8.538684285957107204e+04
2.636068488438958024e+00
4.132806048504301666e-01
1.430547346628598504e+00
7.979633932796703633e-01
1.337865452021670620e+00
8.893699297085237987e-01
1.520340173796298489e+00
7.456247843694346900e-01
3.595102772522373016e+03
4.900357446459750466e-01
3.998190943967839848e+04
6.382514812047594965e-01
5.900565579395348870e+00
1.331992474025198714e+00
4.792422962806283613e+04
6.245900122235599206e-01
1.261172860380962084e+04
1.059180754624523324e+00
1.415818256206379156e+05
1.151289357838136684e+00
1.993276407879967138e+01
3.351372373698562335e+00
1.872118156569982530e+05
1.120564422423987239e+00
1.673516913241020937e-09
6.441094299120833217e-11
4.403950466374748042e-13
5.942729743514534594e-10
2.317419693477222598e-01
6.045993349735702199e-05
6.046520413274351642e-05
5.822198588945610271e-05
6.957339786896130768e-05
3.002432729640021011e-05
9.365880092314959643e-05
1.734009886203914837e-04
1.243742593259646858e-04
1.083888459035376389e-04
9.661262252935113714e-05
9.557587349101430690e-05
9.890692291831141366e-05
1.013564150056805199e-04
9.806276071223515801e-05
1.067454900627900398e-04
9.550874700933132603e-05
7.575880889945867493e-05
7.356326115124002399e-05
4.991068661373324441e-05
9.285774333196948605e-05
5.127194130742067927e-05
6.775237443634260655e-05
7.358955972310644899e-05
5.813284949095703447e-05
6.153440555234081190e-05
5.933937101839306677e-05
6.124758720382293806e-05
6.339252418303034761e-05
6.393918614656979619e-05
-1.260618651219364432e-06
-6.087066972129383687e-12
-7.936278823653501519e-08
2.471050529245152011e-11
-3.963741597984723017e-11
-2.970995785070621184e-11
8.962954030267948474e-11
-1.538290756203129137e-08
-4.934798907309453727e-11
1.100672269521047913e-10
-7.605471092656838260e-11
-1.278256182891768136e-10
-1.012648650310339086e-10
-2.236516622854129012e-06
-3.254216828329670260e-11
3.166140284010043572e-11
-7.963600164113748966e-11
1.771248496791051725e-06
-4.042811147150783644e-11
-5.070855966581177629e-12
5.693919382489209335e-12
6.789468691487053259e-06
2.200063567752337534e-05
-3.342546093302469528e-06
1.093742476053550409e-06
-2.105147139916996683e-11
-7.639064587098835769e-13
7.935130325941128830e-07
1.222392903632664213e-11
6.404875858060392186e-11
1.457415732804821602e-06
-9.752867928331194294e-12
-1.393023834931849131e-11
3.534641851531819254e-11
1.162226606456930357e-07
2.833498284553350902e-09
5.225320844185679983e-07
1.830265119288329632e-11
1.136700781315769962e-10
1.077472417475299501e-10
-3.419962982380872830e-11
-5.277788563220789952e-06
5.411463050807800221e-12
5.478513105442424440e-11
-1.098855614727190783e-12
5.674026384670090464e-12
-6.548225632838840084e-07
-1.441347613675766748e-11
-3.222023409353560034e-12
-6.666910796239966808e-11
-4.957173852583784442e-12
1.407921086289891536e-11
2.715187740095981813e-06
-3.607724366399911648e-06
-7.571367144008800544e-07
2.494897768256597918e-11
-2.605527381281423340e-11
-5.609716923918879275e-11
1.307941469504552590e-10
1.109457412784532465e-10
1.403542609944220977e-10
-3.621806865829791423e-11
3.195087921960980317e-11
1.148006577512455664e-10
-3.152375503186608711e-11
7.474722057692430259e-11
9.942024998376170118e-11
9.425936300978569211e-12
-2.615801365303617817e-12
-1.889620314988133896e-07
6.105370123878049150e-11
-2.597804469976831873e-08
-8.838567257261558891e-12
-2.644847823479481950e-11
-4.365295504192564184e-11
-5.043214401460790370e-11
4.724293450626697305e-11
0.000000000000000000e+00
-1.224097334430179171e-10
6.922106739340321069e-07
0.000000000000000000e+00
-2.977143988185038282e-12
0.000000000000000000e+00
0.000000000000000000e+00
-6.562320934894399556e-11
