1.220000000000000000e+03 1.000000000000000000e+00 1.000000000000000000e+00 1.000000000000000000e+00 3.993884199536613666e-01 5.770386368138851196e-01
1.220000000000000000e+03 1.023952928616636671e+00 9.939906927179937846e-01 8.866733465239680090e-01 3.993884199536613666e-01 5.770386368138851196e-01
1.221000000000000000e+03 1.000000000000000000e+00 1.000000000000000000e+00 1.000000000000000000e+00 7.276476564550324877e-01 3.256893975912710237e-01
1.221000000000000000e+03 1.047905857233273341e+00 9.879813854359876801e-01 7.733466930479360180e-01 7.276476564550324877e-01 3.256893975912710237e-01
1.222000000000000000e+03 1.000000000000000000e+00 1.000000000000000000e+00 1.000000000000000000e+00 3.743253803886929520e-01 3.358703817493144395e-01
1.222000000000000000e+03 1.071858785849910234e+00 9.819720781539815757e-01 6.600200395719040269e-01 3.743253803886929520e-01 3.358703817493144395e-01
1.223000000000000000e+03 1.000000000000000000e+00 1.000000000000000000e+00 1.000000000000000000e+00 5.284026540164631358e-01 5.370935418419916507e-01
1.223000000000000000e+03 1.095811714466546904e+00 9.759627708719753603e-01 5.466933860958720359e-01 5.284026540164631358e-01 5.370935418419916507e-01
1.224000000000000000e+03 1.000000000000000000e+00 1.000000000000000000e+00 1.000000000000000000e+00 5.172021688473815715e-01 5.644629892923735959e-01
1.224000000000000000e+03 1.023952928616636671e+00 9.939906927179937846e-01 8.866733465239680090e-01 5.172021688473815715e-01 5.644629892923735959e-01
1.225000000000000000e+03 1.000000000000000000e+00 1.000000000000000000e+00 1.000000000000000000e+00 4.415448548066729928e-01 2.809466101563603546e-01
1.225000000000000000e+03 1.047905857233273341e+00 9.879813854359876801e-01 7.733466930479360180e-01 4.415448548066729928e-01 2.809466101563603546e-01
1.226000000000000000e+03 1.000000000000000000e+00 1.000000000000000000e+00 1.000000000000000000e+00 7.963485901192726146e-01 4.209183666337002472e-01
1.226000000000000000e+03 1.071858785849910234e+00 9.819720781539815757e-01 6.600200395719040269e-01 7.963485901192726146e-01 4.209183666337002472e-01
1.227000000000000000e+03 1.000000000000000000e+00 1.000000000000000000e+00 1.000000000000000000e+00 3.582418104319933794e-01 5.378286570203543171e-01
1.227000000000000000e+03 1.095811714466546904e+00 9.759627708719753603e-01 5.466933860958720359e-01 3.582418104319933794e-01 5.378286570203543171e-01
1.228000000000000000e+03 1.000000000000000000e+00 1.000000000000000000e+00 1.000000000000000000e+00 4.465461380744566444e-01 5.923665320709153859e-01
1.228000000000000000e+03 1.023952928616636671e+00 9.939906927179937846e-01 8.866733465239680090e-01 4.465461380744566444e-01 5.923665320709153859e-01
1.229000000000000000e+03 1.000000000000000000e+00 1.000000000000000000e+00 1.000000000000000000e+00 6.335955231433418877e-01 2.691512880745935421e-01
1.229000000000000000e+03 1.047905857233273341e+00 9.879813854359876801e-01 7.733466930479360180e-01 6.335955231433418877e-01 2.691512880745935421e-01
1.230000000000000000e+03 1.000000000000000000e+00 1.000000000000000000e+00 1.000000000000000000e+00 3.383923780018390781e-01 4.064753074655573784e-01
1.230000000000000000e+03 1.071858785849910234e+00 9.819720781539815757e-01 6.600200395719040269e-01 3.383923780018390781e-01 4.064753074655573784e-01
1.231000000000000000e+03 1.000000000000000000e+00 1.000000000000000000e+00 1.000000000000000000e+00 5.231254421436698498e-01 5.133830313166440895e-01
1.231000000000000000e+03 1.095811714466546904e+00 9.759627708719753603e-01 5.466933860958720359e-01 5.231254421436698498e-01 5.133830313166440895e-01
1.232000000000000000e+03 1.000000000000000000e+00 1.000000000000000000e+00 1.000000000000000000e+00 5.275818446873088430e-01 5.242385734977881295e-01
1.232000000000000000e+03 1.023952928616636671e+00 9.939906927179937846e-01 8.866733465239680090e-01 5.275818446873088430e-01 5.242385734977881295e-01
1.233000000000000000e+03 1.000000000000000000e+00 1.000000000000000000e+00 1.000000000000000000e+00 3.522317342071413782e-01 3.701431317714246605e-01
1.233000000000000000e+03 1.047905857233273341e+00 9.879813854359876801e-01 7.733466930479360180e-01 3.522317342071413782e-01 3.701431317714246605e-01
1.234000000000000000e+03 1.000000000000000000e+00 1.000000000000000000e+00 1.000000000000000000e+00 6.826660155939690000e-01 2.921385236543664332e-01
1.234000000000000000e+03 1.071858785849910234e+00 9.819720781539815757e-01 6.600200395719040269e-01 6.826660155939690000e-01 2.921385236543664332e-01
1.235000000000000000e+03 1.000000000000000000e+00 1.000000000000000000e+00 1.000000000000000000e+00 4.229522791368182655e-01 5.876750552400837879e-01
1.235000000000000000e+03 1.095811714466546904e+00 9.759627708719753603e-01 5.466933860958720359e-01 4.229522791368182655e-01 5.876750552400837879e-01
1.236000000000000000e+03 1.000000000000000000e+00 1.000000000000000000e+00 1.000000000000000000e+00 3.436063965535637865e-01 5.100899654410386841e-01
1.236000000000000000e+03 1.023952928616636671e+00 9.939906927179937846e-01 8.866733465239680090e-01 3.436063965535637865e-01 5.100899654410386841e-01
1.237000000000000000e+03 1.000000000000000000e+00 1.000000000000000000e+00 1.000000000000000000e+00 8.160616492382115617e-01 4.796088136101842592e-01
1.237000000000000000e+03 1.047905857233273341e+00 9.879813854359876801e-01 7.733466930479360180e-01 8.160616492382115617e-01 4.796088136101842592e-01
1.238000000000000000e+03 1.000000000000000000e+00 1.000000000000000000e+00 1.000000000000000000e+00 4.847594240845728431e-01 2.637723736576761402e-01
1.238000000000000000e+03 1.071858785849910234e+00 9.819720781539815757e-01 6.600200395719040269e-01 4.847594240845728431e-01 2.637723736576761402e-01
1.239000000000000000e+03 1.000000000000000000e+00 1.000000000000000000e+00 1.000000000000000000e+00 5.049393549666499892e-01 5.765595805505485671e-01
1.239000000000000000e+03 1.095811714466546904e+00 9.759627708719753603e-01 5.466933860958720359e-01 5.049393549666499892e-01 5.765595805505485671e-01
