1.060000000000000000e+03 1.000000000000000000e+00 1.000000000000000000e+00 1.000000000000000000e+00 3.799445416188938496e-01 5.627572238030410512e-01
1.060000000000000000e+03 9.142139752207771863e-01 9.890980551464013670e-01 9.881139566057483004e-01 3.799445416188938496e-01 5.627572238030410512e-01
1.061000000000000000e+03 1.000000000000000000e+00 1.000000000000000000e+00 1.000000000000000000e+00 7.618510632049271258e-01 3.631212108286612228e-01
1.061000000000000000e+03 8.284279504415544837e-01 9.781961102928027341e-01 9.762279132114966007e-01 7.618510632049271258e-01 3.631212108286612228e-01
1.062000000000000000e+03 1.000000000000000000e+00 1.000000000000000000e+00 1.000000000000000000e+00 4.001819935128100858e-01 3.090467392069833896e-01
1.062000000000000000e+03 7.426419256623317811e-01 9.672941654392039901e-01 9.643418698172450121e-01 4.001819935128100858e-01 3.090467392069833896e-01
1.063000000000000000e+03 1.000000000000000000e+00 1.000000000000000000e+00 1.000000000000000000e+00 5.256964411188922437e-01 5.491576559691957460e-01
1.063000000000000000e+03 6.568559008831089674e-01 9.563922205856053571e-01 9.524558264229933124e-01 5.256964411188922437e-01 5.491576559691957460e-01
1.064000000000000000e+03 1.000000000000000000e+00 1.000000000000000000e+00 1.000000000000000000e+00 5.067056665464624299e-01 5.751702485211414029e-01
1.064000000000000000e+03 9.142139752207771863e-01 9.890980551464013670e-01 9.881139566057483004e-01 5.067056665464624299e-01 5.751702485211414029e-01
1.065000000000000000e+03 1.000000000000000000e+00 1.000000000000000000e+00 1.000000000000000000e+00 4.790777650403337251e-01 2.654625993346583224e-01
1.065000000000000000e+03 8.284279504415544837e-01 9.781961102928027341e-01 9.762279132114966007e-01 4.790777650403337251e-01 2.654625993346583224e-01
1.066000000000000000e+03 1.000000000000000000e+00 1.000000000000000000e+00 1.000000000000000000e+00 8.142209767374418705e-01 4.719694808337317471e-01
1.066000000000000000e+03 7.426419256623317811e-01 9.672941654392039901e-01 9.643418698172450121e-01 8.142209767374418705e-01 4.719694808337317471e-01
1.067000000000000000e+03 1.000000000000000000e+00 1.000000000000000000e+00 1.000000000000000000e+00 3.451461754067584597e-01 5.138139507530643524e-01
1.067000000000000000e+03 6.568559008831089674e-01 9.563922205856053571e-01 9.524558264229933124e-01 3.451461754067584597e-01 5.138139507530643524e-01
1.068000000000000000e+03 1.000000000000000000e+00 1.000000000000000000e+00 1.000000000000000000e+00 4.259289893022589202e-01 5.885805712375893339e-01
1.068000000000000000e+03 9.142139752207771863e-01 9.890980551464013670e-01 9.881139566057483004e-01 4.259289893022589202e-01 5.885805712375893339e-01
1.069000000000000000e+03 1.000000000000000000e+00 1.000000000000000000e+00 1.000000000000000000e+00 6.767079727471143613e-01 2.886772028526795042e-01
1.069000000000000000e+03 8.284279504415544837e-01 9.781961102928027341e-01 9.762279132114966007e-01 6.767079727471143613e-01 2.886772028526795042e-01
1.070000000000000000e+03 1.000000000000000000e+00 1.000000000000000000e+00 1.000000000000000000e+00 3.500483158075450851e-01 3.746105082775722517e-01
1.070000000000000000e+03 7.426419256623317811e-01 9.672941654392039901e-01 9.643418698172450121e-01 3.500483158075450851e-01 3.746105082775722517e-01
1.071000000000000000e+03 1.000000000000000000e+00 1.000000000000000000e+00 1.000000000000000000e+00 5.272094582827235865e-01 5.227525296730544113e-01
1.071000000000000000e+03 6.568559008831089674e-01 9.563922205856053571e-01 9.524558264229933124e-01 5.272094582827235865e-01 5.227525296730544113e-01
1.072000000000000000e+03 1.000000000000000000e+00 1.000000000000000000e+00 1.000000000000000000e+00 5.223499816099661519e-01 5.122121066404070611e-01
1.072000000000000000e+03 9.142139752207771863e-01 9.890980551464013670e-01 9.881139566057483004e-01 5.223499816099661519e-01 5.122121066404070611e-01
1.073000000000000000e+03 1.000000000000000000e+00 1.000000000000000000e+00 1.000000000000000000e+00 3.372427719568720228e-01 4.110688921339684665e-01
1.073000000000000000e+03 8.284279504415544837e-01 9.781961102928027341e-01 9.762279132114966007e-01 3.372427719568720228e-01 4.110688921339684665e-01
1.074000000000000000e+03 1.000000000000000000e+00 1.000000000000000000e+00 1.000000000000000000e+00 6.272906084788437697e-01 2.670391487402910546e-01
1.074000000000000000e+03 7.426419256623317811e-01 9.672941654392039901e-01 9.643418698172450121e-01 6.272906084788437697e-01 2.670391487402910546e-01
1.075000000000000000e+03 1.000000000000000000e+00 1.000000000000000000e+00 1.000000000000000000e+00 4.494283927467807027e-01 5.925536048265470646e-01
1.075000000000000000e+03 6.568559008831089674e-01 9.563922205856053571e-01 9.524558264229933124e-01 4.494283927467807027e-01 5.925536048265470646e-01
1.076000000000000000e+03 1.000000000000000000e+00 1.000000000000000000e+00 1.000000000000000000e+00 3.604123314563550950e-01 5.409443526888876308e-01
1.076000000000000000e+03 9.142139752207771863e-01 9.890980551464013670e-01 9.881139566057483004e-01 3.604123314563550950e-01 5.409443526888876308e-01
1.077000000000000000e+03 1.000000000000000000e+00 1.000000000000000000e+00 1.000000000000000000e+00 7.931191106367625476e-01 4.140212572429911031e-01
1.077000000000000000e+03 8.284279504415544837e-01 9.781961102928027341e-01 9.762279132114966007e-01 7.931191106367625476e-01 4.140212572429911031e-01
1.078000000000000000e+03 1.000000000000000000e+00 1.000000000000000000e+00 1.000000000000000000e+00 4.365384522770517917e-01 2.836466104097963292e-01
1.078000000000000000e+03 7.426419256623317811e-01 9.672941654392039901e-01 9.643418698172450121e-01 4.365384522770517917e-01 2.836466104097963292e-01
1.079000000000000000e+03 1.000000000000000000e+00 1.000000000000000000e+00 1.000000000000000000e+00 5.184271576548269422e-01 5.628219474970861391e-01
1.079000000000000000e+03 6.568559008831089674e-01 9.563922205856053571e-01 9.524558264229933124e-01 5.184271576548269422e-01 5.628219474970861391e-01
