3.820000000000000000e+03 1.000000000000000000e+00 1.000000000000000000e+00 1.000000000000000000e+00 4.342789934441034783e-01 5.906325079347660711e-01
3.820000000000000000e+03 9.081977469020331428e-01 9.965000586874247501e-01 9.870874976767003428e-01 4.342789934441034783e-01 5.906325079347660711e-01
3.821000000000000000e+03 1.000000000000000000e+00 1.000000000000000000e+00 1.000000000000000000e+00 6.596474695192434679e-01 2.798382692805857497e-01
3.821000000000000000e+03 8.163954938040662856e-01 9.930001173748495003e-01 9.741749953534006856e-01 6.596474695192434679e-01 2.798382692805857497e-01
3.822000000000000000e+03 1.000000000000000000e+00 1.000000000000000000e+00 1.000000000000000000e+00 3.446028806729097838e-01 3.873157619624301162e-01
3.822000000000000000e+03 7.245932407060994285e-01 9.895001760622743614e-01 9.612624930301011394e-01 3.446028806729097838e-01 3.873157619624301162e-01
3.823000000000000000e+03 1.000000000000000000e+00 1.000000000000000000e+00 1.000000000000000000e+00 5.258678965424419260e-01 5.187577750742230487e-01
3.823000000000000000e+03 6.327909876081325713e-01 9.860002347496991115e-01 9.483499907068014823e-01 5.258678965424419260e-01 5.187577750742230487e-01
3.824000000000000000e+03 1.000000000000000000e+00 1.000000000000000000e+00 1.000000000000000000e+00 5.199450313561939652e-01 5.091725362613656047e-01
3.824000000000000000e+03 9.081977469020331428e-01 9.965000586874247501e-01 9.870874976767003428e-01 5.199450313561939652e-01 5.091725362613656047e-01
3.825000000000000000e+03 1.000000000000000000e+00 1.000000000000000000e+00 1.000000000000000000e+00 3.346904696491971309e-01 4.239756692074004851e-01
3.825000000000000000e+03 8.163954938040662856e-01 9.930001173748495003e-01 9.741749953534006856e-01 3.346904696491971309e-01 4.239756692074004851e-01
3.826000000000000000e+03 1.000000000000000000e+00 1.000000000000000000e+00 1.000000000000000000e+00 6.094502280582164699e-01 2.620082201518926235e-01
3.826000000000000000e+03 7.245932407060994285e-01 9.895001760622743614e-01 9.612624930301011394e-01 6.094502280582164699e-01 2.620082201518926235e-01
3.827000000000000000e+03 1.000000000000000000e+00 1.000000000000000000e+00 1.000000000000000000e+00 4.574015664730174402e-01 5.926272808534983616e-01
3.827000000000000000e+03 6.327909876081325713e-01 9.860002347496991115e-01 9.483499907068014823e-01 4.574015664730174402e-01 5.926272808534983616e-01
3.828000000000000000e+03 1.000000000000000000e+00 1.000000000000000000e+00 1.000000000000000000e+00 3.668660853131670563e-01 5.492549536333627413e-01
3.828000000000000000e+03 9.081977469020331428e-01 9.965000586874247501e-01 9.870874976767003428e-01 3.668660853131670563e-01 5.492549536333627413e-01
3.829000000000000000e+03 1.000000000000000000e+00 1.000000000000000000e+00 1.000000000000000000e+00 7.831934949172312255e-01 3.952281806312893941e-01
3.829000000000000000e+03 8.163954938040662856e-01 9.930001173748495003e-01 9.741749953534006856e-01 7.831934949172312255e-01 3.952281806312893941e-01
3.830000000000000000e+03 1.000000000000000000e+00 1.000000000000000000e+00 1.000000000000000000e+00 4.229866134989633264e-01 2.918362951979678876e-01
3.830000000000000000e+03 7.245932407060994285e-01 9.895001760622743614e-01 9.612624930301011394e-01 4.229866134989633264e-01 2.918362951979678876e-01
3.831000000000000000e+03 1.000000000000000000e+00 1.000000000000000000e+00 1.000000000000000000e+00 5.214965207656888646e-01 5.581041245716337196e-01
3.831000000000000000e+03 6.327909876081325713e-01 9.860002347496991115e-01 9.483499907068014823e-01 5.214965207656888646e-01 5.581041245716337196e-01
3.832000000000000000e+03 1.000000000000000000e+00 1.000000000000000000e+00 1.000000000000000000e+00 5.285061549832780203e-01 5.307809003334040820e-01
3.832000000000000000e+03 9.081977469020331428e-01 9.965000586874247501e-01 9.870874976767003428e-01 5.285061549832780203e-01 5.307809003334040820e-01
3.833000000000000000e+03 1.000000000000000000e+00 1.000000000000000000e+00 1.000000000000000000e+00 3.627776338328235206e-01 3.518275095682502629e-01
3.833000000000000000e+03 8.163954938040662856e-01 9.930001173748495003e-01 9.741749953534006856e-01 3.627776338328235206e-01 3.518275095682502629e-01
3.834000000000000000e+03 1.000000000000000000e+00 1.000000000000000000e+00 1.000000000000000000e+00 7.068682854809225091e-01 3.084195282408741523e-01
3.834000000000000000e+03 7.245932407060994285e-01 9.895001760622743614e-01 9.612624930301011394e-01 7.068682854809225091e-01 3.084195282408741523e-01
3.835000000000000000e+03 1.000000000000000000e+00 1.000000000000000000e+00 1.000000000000000000e+00 4.105233046174230349e-01 5.828642605752272221e-01
3.835000000000000000e+03 6.327909876081325713e-01 9.860002347496991115e-01 9.483499907068014823e-01 4.105233046174230349e-01 5.828642605752272221e-01
3.836000000000000000e+03 1.000000000000000000e+00 1.000000000000000000e+00 1.000000000000000000e+00 4.968579073225111720e-01 5.818928687424717028e-01
3.836000000000000000e+03 9.081977469020331428e-01 9.965000586874247501e-01 9.870874976767003428e-01 4.968579073225111720e-01 5.818928687424717028e-01
3.837000000000000000e+03 1.000000000000000000e+00 1.000000000000000000e+00 1.000000000000000000e+00 5.092765119372570926e-01 2.582247716916731273e-01
3.837000000000000000e+03 8.163954938040662856e-01 9.930001173748495003e-01 9.741749953534006856e-01 5.092765119372570926e-01 2.582247716916731273e-01
3.838000000000000000e+03 1.000000000000000000e+00 1.000000000000000000e+00 1.000000000000000000e+00 3.381659514746007678e-01 4.937906976926270119e-01
3.838000000000000000e+03 7.245932407060994285e-01 9.895001760622743614e-01 9.612624930301011394e-01 3.381659514746007678e-01 4.937906976926270119e-01
3.839000000000000000e+03 1.000000000000000000e+00 1.000000000000000000e+00 1.000000000000000000e+00 5.019516889595441178e-01 5.000748830476046125e-01
3.839000000000000000e+03 6.327909876081325713e-01 9.860002347496991115e-01 9.483499907068014823e-01 5.019516889595441178e-01 5.000748830476046125e-01
