3.420000000000000000e+03 1.000000000000000000e+00 1.000000000000000000e+00 1.000000000000000000e+00 4.622459185241567514e-01 5.923461383250865353e-01
3.420000000000000000e+03 1.004739865883054195e+00 1.001452460890010610e+00 9.043570840206848205e-01 4.622459185241567514e-01 5.923461383250865353e-01
3.421000000000000000e+03 1.000000000000000000e+00 1.000000000000000000e+00 1.000000000000000000e+00 5.983025222452457159e-01 2.595529287933338036e-01
3.421000000000000000e+03 1.009479731766108390e+00 1.002904921780021219e+00 8.087141680413696410e-01 5.983025222452457159e-01 2.595529287933338036e-01
3.422000000000000000e+03 1.000000000000000000e+00 1.000000000000000000e+00 1.000000000000000000e+00 3.336033952341236342e-01 4.319716981394555178e-01
3.422000000000000000e+03 1.014219597649162363e+00 1.004357382670032051e+00 7.130712520620544614e-01 3.336033952341236342e-01 4.319716981394555178e-01
3.423000000000000000e+03 1.000000000000000000e+00 1.000000000000000000e+00 1.000000000000000000e+00 5.182956718842967048e-01 5.074798610911419594e-01
3.423000000000000000e+03 1.018959463532216558e+00 1.005809843560042660e+00 6.174283360827392819e-01 5.182956718842967048e-01 5.074798610911419594e-01
3.424000000000000000e+03 1.000000000000000000e+00 1.000000000000000000e+00 1.000000000000000000e+00 5.141493974606340389e-01 5.042211649033920828e-01
3.424000000000000000e+03 1.004739865883054195e+00 1.001452460890010610e+00 9.043570840206848205e-01 5.141493974606340389e-01 5.042211649033920828e-01
3.425000000000000000e+03 1.000000000000000000e+00 1.000000000000000000e+00 1.000000000000000000e+00 3.325280311140831335e-01 4.500383815402750898e-01
3.425000000000000000e+03 1.009479731766108390e+00 1.002904921780021219e+00 8.087141680413696410e-01 3.325280311140831335e-01 4.500383815402750898e-01
3.426000000000000000e+03 1.000000000000000000e+00 1.000000000000000000e+00 1.000000000000000000e+00 5.728318452378914349e-01 2.558667454014417197e-01
3.426000000000000000e+03 1.014219597649162363e+00 1.004357382670032051e+00 7.130712520620544614e-01 5.728318452378914349e-01 2.558667454014417197e-01
3.427000000000000000e+03 1.000000000000000000e+00 1.000000000000000000e+00 1.000000000000000000e+00 4.729086083184415035e-01 5.908106831732754527e-01
3.427000000000000000e+03 1.018959463532216558e+00 1.005809843560042660e+00 6.174283360827392819e-01 4.729086083184415035e-01 5.908106831732754527e-01
3.428000000000000000e+03 1.000000000000000000e+00 1.000000000000000000e+00 1.000000000000000000e+00 3.814409396421811205e-01 5.640743543760815548e-01
3.428000000000000000e+03 1.004739865883054195e+00 1.001452460890010610e+00 9.043570840206848205e-01 3.814409396421811205e-01 5.640743543760815548e-01
3.429000000000000000e+03 1.000000000000000000e+00 1.000000000000000000e+00 1.000000000000000000e+00 7.593178752058264980e-01 3.598536005443735419e-01
3.429000000000000000e+03 1.009479731766108390e+00 1.002904921780021219e+00 8.087141680413696410e-01 7.593178752058264980e-01 3.598536005443735419e-01
3.430000000000000000e+03 1.000000000000000000e+00 1.000000000000000000e+00 1.000000000000000000e+00 3.978896230841459936e-01 3.110615322181772835e-01
3.430000000000000000e+03 1.014219597649162363e+00 1.004357382670032051e+00 7.130712520620544614e-01 3.978896230841459936e-01 3.110615322181772835e-01
3.431000000000000000e+03 1.000000000000000000e+00 1.000000000000000000e+00 1.000000000000000000e+00 5.260383318363091032e-01 5.481796529338150981e-01
3.431000000000000000e+03 1.018959463532216558e+00 1.005809843560042660e+00 6.174283360827392819e-01 5.260383318363091032e-01 5.481796529338150981e-01
3.432000000000000000e+03 1.000000000000000000e+00 1.000000000000000000e+00 1.000000000000000000e+00 5.076706442698806221e-01 5.743710958513156273e-01
3.432000000000000000e+03 1.004739865883054195e+00 1.001452460890010610e+00 9.043570840206848205e-01 5.076706442698806221e-01 5.743710958513156273e-01
3.433000000000000000e+03 1.000000000000000000e+00 1.000000000000000000e+00 1.000000000000000000e+00 4.759140166865295507e-01 2.664732047719922670e-01
3.433000000000000000e+03 1.009479731766108390e+00 1.002904921780021219e+00 8.087141680413696410e-01 4.759140166865295507e-01 2.664732047719922670e-01
3.434000000000000000e+03 1.000000000000000000e+00 1.000000000000000000e+00 1.000000000000000000e+00 8.131046449163537027e-01 4.677063471647345816e-01
3.434000000000000000e+03 1.014219597649162363e+00 1.004357382670032051e+00 7.130712520620544614e-01 8.131046449163537027e-01 4.677063471647345816e-01
3.435000000000000000e+03 1.000000000000000000e+00 1.000000000000000000e+00 1.000000000000000000e+00 3.460510544603383476e-01 5.158783137916754802e-01
3.435000000000000000e+03 1.018959463532216558e+00 1.005809843560042660e+00 6.174283360827392819e-01 3.460510544603383476e-01 5.158783137916754802e-01
3.436000000000000000e+03 1.000000000000000000e+00 1.000000000000000000e+00 1.000000000000000000e+00 4.276024891934253613e-01 5.890491387417785552e-01
3.436000000000000000e+03 1.004739865883054195e+00 1.001452460890010610e+00 9.043570840206848205e-01 4.276024891934253613e-01 5.890491387417785552e-01
3.437000000000000000e+03 1.000000000000000000e+00 1.000000000000000000e+00 1.000000000000000000e+00 6.733301875471224829e-01 2.868033894112761439e-01
3.437000000000000000e+03 1.009479731766108390e+00 1.002904921780021219e+00 8.087141680413696410e-01 6.733301875471224829e-01 2.868033894112761439e-01
3.438000000000000000e+03 1.000000000000000000e+00 1.000000000000000000e+00 1.000000000000000000e+00 3.488771253347487944e-01 3.771361508231514392e-01
3.438000000000000000e+03 1.014219597649162363e+00 1.004357382670032051e+00 7.130712520620544614e-01 3.488771253347487944e-01 3.771361508231514392e-01
3.439000000000000000e+03 1.000000000000000000e+00 1.000000000000000000e+00 1.000000000000000000e+00 5.269754028183060157e-01 5.219311724363007166e-01
3.439000000000000000e+03 1.018959463532216558e+00 1.005809843560042660e+00 6.174283360827392819e-01 5.269754028183060157e-01 5.219311724363007166e-01
