4.520000000000000000e+03 1.000000000000000000e+00 1.000000000000000000e+00 1.000000000000000000e+00 5.026999591482876895e-01 5.781955889125641734e-01
4.520000000000000000e+03 1.013180987954459322e+00 9.785824955662674185e-01 8.841126520553268531e-01 5.026999591482876895e-01 5.781955889125641734e-01
4.521000000000000000e+03 1.000000000000000000e+00 1.000000000000000000e+00 1.000000000000000000e+00 4.917788063677450139e-01 2.618997020580483559e-01
4.521000000000000000e+03 1.026361975908918867e+00 9.571649911325348370e-01 7.682253041106537061e-01 4.917788063677450139e-01 2.618997020580483559e-01
4.522000000000000000e+03 1.000000000000000000e+00 1.000000000000000000e+00 1.000000000000000000e+00 8.180526524566453794e-01 4.890181891257613378e-01
4.522000000000000000e+03 1.039542963863378411e+00 9.357474866988023665e-01 6.523379561659806702e-01 8.180526524566453794e-01 4.890181891257613378e-01
4.523000000000000000e+03 1.000000000000000000e+00 1.000000000000000000e+00 1.000000000000000000e+00 3.418520565727420912e-01 5.054605763902714211e-01
4.523000000000000000e+03 1.052723951817837733e+00 9.143299822650697850e-01 5.364506082213075233e-01 3.418520565727420912e-01 5.054605763902714211e-01
4.524000000000000000e+03 1.000000000000000000e+00 1.000000000000000000e+00 1.000000000000000000e+00 4.193251278051793318e-01 5.864452422122496955e-01
4.524000000000000000e+03 1.013180987954459322e+00 9.785824955662674185e-01 8.841126520553268531e-01 4.193251278051793318e-01 5.864452422122496955e-01
4.525000000000000000e+03 1.000000000000000000e+00 1.000000000000000000e+00 1.000000000000000000e+00 6.898404739490280324e-01 2.965809513452745128e-01
4.525000000000000000e+03 1.026361975908918867e+00 9.571649911325348370e-01 7.682253041106537061e-01 6.898404739490280324e-01 2.965809513452745128e-01
4.526000000000000000e+03 1.000000000000000000e+00 1.000000000000000000e+00 1.000000000000000000e+00 3.550678545665123531e-01 3.647423269280757330e-01
4.526000000000000000e+03 1.039542963863378411e+00 9.357474866988023665e-01 6.523379561659806702e-01 3.550678545665123531e-01 3.647423269280757330e-01
4.527000000000000000e+03 1.000000000000000000e+00 1.000000000000000000e+00 1.000000000000000000e+00 5.279583389910117441e-01 5.260920713177170693e-01
4.527000000000000000e+03 1.052723951817837733e+00 9.143299822650697850e-01 5.364506082213075233e-01 5.279583389910117441e-01 5.260920713177170693e-01
4.528000000000000000e+03 1.000000000000000000e+00 1.000000000000000000e+00 1.000000000000000000e+00 5.240099791954223596e-01 5.148708457668198513e-01
4.528000000000000000e+03 1.013180987954459322e+00 9.785824955662674185e-01 8.841126520553268531e-01 5.240099791954223596e-01 5.148708457668198513e-01
4.529000000000000000e+03 1.000000000000000000e+00 1.000000000000000000e+00 1.000000000000000000e+00 3.399666808537480378e-01 4.008815964726074599e-01
4.529000000000000000e+03 1.026361975908918867e+00 9.571649911325348370e-01 7.682253041106537061e-01 3.399666808537480378e-01 4.008815964726074599e-01
4.530000000000000000e+03 1.000000000000000000e+00 1.000000000000000000e+00 1.000000000000000000e+00 6.412421824076788290e-01 2.719550108783331810e-01
4.530000000000000000e+03 1.039542963863378411e+00 9.357474866988023665e-01 6.523379561659806702e-01 6.412421824076788290e-01 2.719550108783331810e-01
4.531000000000000000e+03 1.000000000000000000e+00 1.000000000000000000e+00 1.000000000000000000e+00 4.430053753528938043e-01 5.920216491708371054e-01
4.531000000000000000e+03 1.052723951817837733e+00 9.143299822650697850e-01 5.364506082213075233e-01 4.430053753528938043e-01 5.920216491708371054e-01
4.532000000000000000e+03 1.000000000000000000e+00 1.000000000000000000e+00 1.000000000000000000e+00 3.556908209087356054e-01 5.339205982375097026e-01
4.532000000000000000e+03 1.013180987954459322e+00 9.785824955662674185e-01 8.841126520553268531e-01 3.556908209087356054e-01 5.339205982375097026e-01
4.533000000000000000e+03 1.000000000000000000e+00 1.000000000000000000e+00 1.000000000000000000e+00 8.000642245610453118e-01 4.294683950745218914e-01
4.533000000000000000e+03 1.026361975908918867e+00 9.571649911325348370e-01 7.682253041106537061e-01 8.000642245610453118e-01 4.294683950745218914e-01
4.534000000000000000e+03 1.000000000000000000e+00 1.000000000000000000e+00 1.000000000000000000e+00 4.477738984185060667e-01 2.778132981738451468e-01
4.534000000000000000e+03 1.039542963863378411e+00 9.357474866988023665e-01 6.523379561659806702e-01 4.477738984185060667e-01 2.778132981738451468e-01
4.535000000000000000e+03 1.000000000000000000e+00 1.000000000000000000e+00 1.000000000000000000e+00 5.156150948935255274e-01 5.664316563563738249e-01
4.535000000000000000e+03 1.052723951817837733e+00 9.143299822650697850e-01 5.364506082213075233e-01 5.156150948935255274e-01 5.664316563563738249e-01
4.536000000000000000e+03 1.000000000000000000e+00 1.000000000000000000e+00 1.000000000000000000e+00 5.281701314484795740e-01 5.391631503962658334e-01
4.536000000000000000e+03 1.013180987954459322e+00 9.785824955662674185e-01 8.841126520553268531e-01 5.281701314484795740e-01 5.391631503962658334e-01
4.537000000000000000e+03 1.000000000000000000e+00 1.000000000000000000e+00 1.000000000000000000e+00 3.784008333993161832e-01 3.309483767105316776e-01
4.537000000000000000e+03 1.026361975908918867e+00 9.571649911325348370e-01 7.682253041106537061e-01 3.784008333993161832e-01 3.309483767105316776e-01
4.538000000000000000e+03 1.000000000000000000e+00 1.000000000000000000e+00 1.000000000000000000e+00 7.339958597360695114e-01 3.316863158232140063e-01
4.538000000000000000e+03 1.039542963863378411e+00 9.357474866988023665e-01 6.523379561659806702e-01 7.339958597360695114e-01 3.316863158232140063e-01
4.539000000000000000e+03 1.000000000000000000e+00 1.000000000000000000e+00 1.000000000000000000e+00 3.958926131571328666e-01 5.748846490245815843e-01
4.539000000000000000e+03 1.052723951817837733e+00 9.143299822650697850e-01 5.364506082213075233e-01 3.958926131571328666e-01 5.748846490245815843e-01
