3.480000000000000000e+03 1.000000000000000000e+00 1.000000000000000000e+00 1.000000000000000000e+00 5.265917561391030288e-01 5.464413676002236597e-01
3.480000000000000000e+03 1.003631314113997863e+00 9.847699520524486605e-01 8.899840138683670077e-01 5.265917561391030288e-01 5.464413676002236597e-01
3.481000000000000000e+03 1.000000000000000000e+00 1.000000000000000000e+00 1.000000000000000000e+00 3.939047160172722828e-01 3.147091129176478042e-01
3.481000000000000000e+03 1.007262628227995949e+00 9.695399041048973210e-01 7.799680277367340153e-01 3.939047160172722828e-01 3.147091129176478042e-01
3.482000000000000000e+03 1.000000000000000000e+00 1.000000000000000000e+00 1.000000000000000000e+00 7.547156468234164084e-01 3.541529520954599386e-01
3.482000000000000000e+03 1.010893942341994034e+00 9.543098561573459815e-01 6.699520416051009120e-01 7.547156468234164084e-01 3.541529520954599386e-01
3.483000000000000000e+03 1.000000000000000000e+00 1.000000000000000000e+00 1.000000000000000000e+00 3.841338726587121277e-01 5.663435200609153730e-01
3.483000000000000000e+03 1.014525256455991897e+00 9.390798082097946420e-01 5.599360554734679196e-01 3.841338726587121277e-01 5.663435200609153730e-01
3.484000000000000000e+03 1.000000000000000000e+00 1.000000000000000000e+00 1.000000000000000000e+00 4.754732168509668289e-01 5.902419471615109048e-01
3.484000000000000000e+03 1.003631314113997863e+00 9.847699520524486605e-01 8.899840138683670077e-01 4.754732168509668289e-01 5.902419471615109048e-01
3.485000000000000000e+03 1.000000000000000000e+00 1.000000000000000000e+00 1.000000000000000000e+00 5.664907362728593965e-01 2.553591323817018255e-01
3.485000000000000000e+03 1.007262628227995949e+00 9.695399041048973210e-01 7.799680277367340153e-01 5.664907362728593965e-01 2.553591323817018255e-01
3.486000000000000000e+03 1.000000000000000000e+00 1.000000000000000000e+00 1.000000000000000000e+00 3.325585926100954604e-01 4.544912402890537440e-01
3.486000000000000000e+03 1.010893942341994034e+00 9.543098561573459815e-01 6.699520416051009120e-01 3.325585926100954604e-01 4.544912402890537440e-01
3.487000000000000000e+03 1.000000000000000000e+00 1.000000000000000000e+00 1.000000000000000000e+00 5.130424869331172699e-01 5.035448065871200862e-01
3.487000000000000000e+03 1.014525256455991897e+00 9.390798082097946420e-01 5.599360554734679196e-01 5.130424869331172699e-01 5.035448065871200862e-01
3.488000000000000000e+03 1.000000000000000000e+00 1.000000000000000000e+00 1.000000000000000000e+00 5.173054276380675276e-01 5.065841129550026078e-01
3.488000000000000000e+03 1.003631314113997863e+00 9.847699520524486605e-01 8.899840138683670077e-01 5.173054276380675276e-01 5.065841129550026078e-01
3.489000000000000000e+03 1.000000000000000000e+00 1.000000000000000000e+00 1.000000000000000000e+00 3.331523115907835120e-01 4.365202611722319714e-01
3.489000000000000000e+03 1.007262628227995949e+00 9.695399041048973210e-01 7.799680277367340153e-01 3.331523115907835120e-01 4.365202611722319714e-01
3.490000000000000000e+03 1.000000000000000000e+00 1.000000000000000000e+00 1.000000000000000000e+00 5.919275517641506834e-01 2.583811812052090318e-01
3.490000000000000000e+03 1.010893942341994034e+00 9.543098561573459815e-01 6.699520416051009120e-01 5.919275517641506834e-01 2.583811812052090318e-01
3.491000000000000000e+03 1.000000000000000000e+00 1.000000000000000000e+00 1.000000000000000000e+00 4.649680741086146263e-01 5.920765580236420078e-01
3.491000000000000000e+03 1.014525256455991897e+00 9.390798082097946420e-01 5.599360554734679196e-01 4.649680741086146263e-01 5.920765580236420078e-01
3.492000000000000000e+03 1.000000000000000000e+00 1.000000000000000000e+00 1.000000000000000000e+00 3.736273216924100860e-01 5.567144121587009886e-01
3.492000000000000000e+03 1.003631314113997863e+00 9.847699520524486605e-01 8.899840138683670077e-01 3.736273216924100860e-01 5.567144121587009886e-01
3.493000000000000000e+03 1.000000000000000000e+00 1.000000000000000000e+00 1.000000000000000000e+00 7.723463078473216115e-01 3.777745240505377411e-01
3.493000000000000000e+03 1.007262628227995949e+00 9.695399041048973210e-01 7.799680277367340153e-01 7.723463078473216115e-01 3.777745240505377411e-01
3.494000000000000000e+03 1.000000000000000000e+00 1.000000000000000000e+00 1.000000000000000000e+00 4.105300559459183485e-01 3.006405069225442372e-01
3.494000000000000000e+03 1.010893942341994034e+00 9.543098561573459815e-01 6.699520416051009120e-01 4.105300559459183485e-01 3.006405069225442372e-01
3.495000000000000000e+03 1.000000000000000000e+00 1.000000000000000000e+00 1.000000000000000000e+00 5.239588802633203812e-01 5.533858635377241209e-01
3.495000000000000000e+03 1.014525256455991897e+00 9.390798082097946420e-01 5.599360554734679196e-01 5.239588802633203812e-01 5.533858635377241209e-01
3.496000000000000000e+03 1.000000000000000000e+00 1.000000000000000000e+00 1.000000000000000000e+00 5.022880637740636534e-01 5.784822791036705603e-01
3.496000000000000000e+03 1.003631314113997863e+00 9.847699520524486605e-01 8.899840138683670077e-01 5.022880637740636534e-01 5.784822791036705603e-01
3.497000000000000000e+03 1.000000000000000000e+00 1.000000000000000000e+00 1.000000000000000000e+00 4.930492948236652184e-01 2.615856735288495383e-01
3.497000000000000000e+03 1.007262628227995949e+00 9.695399041048973210e-01 7.799680277367340153e-01 4.930492948236652184e-01 2.615856735288495383e-01
3.498000000000000000e+03 1.000000000000000000e+00 1.000000000000000000e+00 1.000000000000000000e+00 8.183803501548903014e-01 4.907179741225296543e-01
3.498000000000000000e+03 1.010893942341994034e+00 9.543098561573459815e-01 6.699520416051009120e-01 8.183803501548903014e-01 4.907179741225296543e-01
3.499000000000000000e+03 1.000000000000000000e+00 1.000000000000000000e+00 1.000000000000000000e+00 3.415516972125894890e-01 5.046193844751991620e-01
3.499000000000000000e+03 1.014525256455991897e+00 9.390798082097946420e-01 5.599360554734679196e-01 3.415516972125894890e-01 5.046193844751991620e-01
