8.600000000000000000e+02 1.000000000000000000e+00 1.000000000000000000e+00 1.000000000000000000e+00 4.637814624049645951e-01 5.922041020818867851e-01
8.600000000000000000e+02 1.001947634856962699e+00 9.990002993034318157e-01 8.935691731473338617e-01 4.637814624049645951e-01 5.922041020818867851e-01
8.610000000000000000e+02 1.000000000000000000e+00 1.000000000000000000e+00 1.000000000000000000e+00 5.947166172437992060e-01 2.588731841454757765e-01
8.610000000000000000e+02 1.003895269713925398e+00 9.980005986068636314e-01 7.871383462946678344e-01 5.947166172437992060e-01 2.588731841454757765e-01
8.620000000000000000e+02 1.000000000000000000e+00 1.000000000000000000e+00 1.000000000000000000e+00 3.333345410317944402e-01 4.345324225805827223e-01
8.620000000000000000e+02 1.005842904570887875e+00 9.970008979102953361e-01 6.807075194420018072e-01 3.333345410317944402e-01 4.345324225805827223e-01
8.630000000000000000e+02 1.000000000000000000e+00 1.000000000000000000e+00 1.000000000000000000e+00 5.177427451955681770e-01 5.069694977706534766e-01
8.630000000000000000e+02 1.007790539427850574e+00 9.960011972137271519e-01 5.742766925893356689e-01 5.177427451955681770e-01 5.069694977706534766e-01
8.640000000000000000e+02 1.000000000000000000e+00 1.000000000000000000e+00 1.000000000000000000e+00 5.135298322475333466e-01 5.038337378110149256e-01
8.640000000000000000e+02 1.001947634856962699e+00 9.990002993034318157e-01 8.935691731473338617e-01 5.135298322475333466e-01 5.038337378110149256e-01
8.650000000000000000e+02 1.000000000000000000e+00 1.000000000000000000e+00 1.000000000000000000e+00 3.325307430694199318e-01 4.525468453169932403e-01
8.650000000000000000e+02 1.003895269713925398e+00 9.980005986068636314e-01 7.871383462946678344e-01 3.325307430694199318e-01 4.525468453169932403e-01
8.660000000000000000e+02 1.000000000000000000e+00 1.000000000000000000e+00 1.000000000000000000e+00 5.692628631190025379e-01 2.555610307278965987e-01
8.660000000000000000e+02 1.005842904570887875e+00 9.970008979102953361e-01 6.807075194420018072e-01 5.692628631190025379e-01 2.555610307278965987e-01
8.670000000000000000e+02 1.000000000000000000e+00 1.000000000000000000e+00 1.000000000000000000e+00 4.743565537529891851e-01 5.904995445890567352e-01
8.670000000000000000e+02 1.007790539427850574e+00 9.960011972137271519e-01 5.742766925893356689e-01 4.743565537529891851e-01 5.904995445890567352e-01
8.680000000000000000e+02 1.000000000000000000e+00 1.000000000000000000e+00 1.000000000000000000e+00 3.829507044557979856e-01 5.653621933448996772e-01
8.680000000000000000e+02 1.001947634856962699e+00 9.990002993034318157e-01 8.935691731473338617e-01 3.829507044557979856e-01 5.653621933448996772e-01
8.690000000000000000e+02 1.000000000000000000e+00 1.000000000000000000e+00 1.000000000000000000e+00 7.567444920911283734e-01 3.566297810313504568e-01
8.690000000000000000e+02 1.003895269713925398e+00 9.980005986068636314e-01 7.871383462946678344e-01 7.567444920911283734e-01 3.566297810313504568e-01
8.700000000000000000e+02 1.000000000000000000e+00 1.000000000000000000e+00 1.000000000000000000e+00 3.956337938432253343e-01 3.131031061823348338e-01
8.700000000000000000e+02 1.005842904570887875e+00 9.970008979102953361e-01 6.807075194420018072e-01 3.956337938432253343e-01 3.131031061823348338e-01
8.710000000000000000e+02 1.000000000000000000e+00 1.000000000000000000e+00 1.000000000000000000e+00 5.263581805330248553e-01 5.472016972707387517e-01
8.710000000000000000e+02 1.007790539427850574e+00 9.960011972137271519e-01 5.742766925893356689e-01 5.263581805330248553e-01 5.472016972707387517e-01
8.720000000000000000e+02 1.000000000000000000e+00 1.000000000000000000e+00 1.000000000000000000e+00 5.086148486019129722e-01 5.735597599902019228e-01
8.720000000000000000e+02 1.001947634856962699e+00 9.990002993034318157e-01 8.935691731473338617e-01 5.086148486019129722e-01 5.735597599902019228e-01
8.730000000000000000e+02 1.000000000000000000e+00 1.000000000000000000e+00 1.000000000000000000e+00 4.727741704521822852e-01 2.675263281322308728e-01
8.730000000000000000e+02 1.003895269713925398e+00 9.980005986068636314e-01 7.871383462946678344e-01 4.727741704521822852e-01 2.675263281322308728e-01
8.740000000000000000e+02 1.000000000000000000e+00 1.000000000000000000e+00 1.000000000000000000e+00 8.119306278065526739e-01 4.634686799792299139e-01
8.740000000000000000e+02 1.005842904570887875e+00 9.970008979102953361e-01 6.807075194420018072e-01 8.119306278065526739e-01 4.634686799792299139e-01
8.750000000000000000e+02 1.000000000000000000e+00 1.000000000000000000e+00 1.000000000000000000e+00 3.469832840710144750e-01 5.179203390748653435e-01
8.750000000000000000e+02 1.007790539427850574e+00 9.960011972137271519e-01 5.742766925893356689e-01 3.469832840710144750e-01 5.179203390748653435e-01
8.760000000000000000e+02 1.000000000000000000e+00 1.000000000000000000e+00 1.000000000000000000e+00 4.292747242832498089e-01 5.894884868630577701e-01
8.760000000000000000e+02 1.001947634856962699e+00 9.990002993034318157e-01 8.935691731473338617e-01 4.292747242832498089e-01 5.894884868630577701e-01
8.770000000000000000e+02 1.000000000000000000e+00 1.000000000000000000e+00 1.000000000000000000e+00 6.699344295988763909e-01 2.849824575920502090e-01
8.770000000000000000e+02 1.003895269713925398e+00 9.980005986068636314e-01 7.871383462946678344e-01 6.699344295988763909e-01 2.849824575920502090e-01
8.780000000000000000e+02 1.000000000000000000e+00 1.000000000000000000e+00 1.000000000000000000e+00 3.477469853644962194e-01 3.796701473421866813e-01
8.780000000000000000e+02 1.005842904570887875e+00 9.970008979102953361e-01 6.807075194420018072e-01 3.477469853644962194e-01 3.796701473421866813e-01
8.790000000000000000e+02 1.000000000000000000e+00 1.000000000000000000e+00 1.000000000000000000e+00 5.267239590906117597e-01 5.211206987756870079e-01
8.790000000000000000e+02 1.007790539427850574e+00 9.960011972137271519e-01 5.742766925893356689e-01 5.267239590906117597e-01 5.211206987756870079e-01
