6.600000000000000000e+02 1.000000000000000000e+00 1.000000000000000000e+00 1.000000000000000000e+00 3.461532929645448897e-01 5.161063152395833908e-01
6.600000000000000000e+02 9.203931968117772255e-01 1.018107315591065376e+00 1.005998345752040724e+00 3.461532929645448897e-01 5.161063152395833908e-01
6.610000000000000000e+02 1.000000000000000000e+00 1.000000000000000000e+00 1.000000000000000000e+00 8.129770383529359989e-01 4.672342233408876555e-01
6.610000000000000000e+02 8.407863936235544511e-01 1.036214631182130752e+00 1.011996691504081225e+00 8.129770383529359989e-01 4.672342233408876555e-01
6.620000000000000000e+02 1.000000000000000000e+00 1.000000000000000000e+00 1.000000000000000000e+00 4.755639540506521046e-01 2.665881273058044454e-01
6.620000000000000000e+02 7.611795904353316766e-01 1.054321946773195906e+00 1.017995037256121726e+00 4.755639540506521046e-01 2.665881273058044454e-01
6.630000000000000000e+02 1.000000000000000000e+00 1.000000000000000000e+00 1.000000000000000000e+00 5.077765845298191083e-01 5.742815413767147215e-01
6.630000000000000000e+02 6.815727872471089022e-01 1.072429262364261282e+00 1.023993383008162450e+00 5.077765845298191083e-01 5.742815413767147215e-01
6.640000000000000000e+02 1.000000000000000000e+00 1.000000000000000000e+00 1.000000000000000000e+00 5.260749578940879800e-01 5.480709811328159375e-01
6.640000000000000000e+02 9.203931968117772255e-01 1.018107315591065376e+00 1.005998345752040724e+00 5.260749578940879800e-01 5.480709811328159375e-01
6.650000000000000000e+02 1.000000000000000000e+00 1.000000000000000000e+00 1.000000000000000000e+00 3.976371652957805258e-01 3.112870626386027295e-01
6.650000000000000000e+02 8.407863936235544511e-01 1.036214631182130752e+00 1.011996691504081225e+00 3.976371652957805258e-01 3.112870626386027295e-01
6.660000000000000000e+02 1.000000000000000000e+00 1.000000000000000000e+00 1.000000000000000000e+00 7.590339154756878814e-01 3.594932268907147233e-01
6.660000000000000000e+02 7.611795904353316766e-01 1.054321946773195906e+00 1.017995037256121726e+00 7.590339154756878814e-01 3.594932268907147233e-01
6.670000000000000000e+02 1.000000000000000000e+00 1.000000000000000000e+00 1.000000000000000000e+00 3.816080407528933960e-01 5.642188962991536716e-01
6.670000000000000000e+02 6.815727872471089022e-01 1.072429262364261282e+00 1.023993383008162450e+00 3.816080407528933960e-01 5.642188962991536716e-01
6.680000000000000000e+02 1.000000000000000000e+00 1.000000000000000000e+00 1.000000000000000000e+00 4.730701613203077138e-01 5.907772352792028947e-01
6.680000000000000000e+02 9.203931968117772255e-01 1.018107315591065376e+00 1.005998345752040724e+00 4.730701613203077138e-01 5.907772352792028947e-01
6.690000000000000000e+02 1.000000000000000000e+00 1.000000000000000000e+00 1.000000000000000000e+00 5.724350446334958153e-01 2.558302087374576539e-01
6.690000000000000000e+02 8.407863936235544511e-01 1.036214631182130752e+00 1.011996691504081225e+00 5.724350446334958153e-01 2.558302087374576539e-01
6.700000000000000000e+02 1.000000000000000000e+00 1.000000000000000000e+00 1.000000000000000000e+00 3.325264867291274351e-01 4.503175583434059770e-01
6.700000000000000000e+02 7.611795904353316766e-01 1.054321946773195906e+00 1.017995037256121726e+00 3.325264867291274351e-01 4.503175583434059770e-01
6.710000000000000000e+02 1.000000000000000000e+00 1.000000000000000000e+00 1.000000000000000000e+00 5.140809572875331135e-01 5.041772357027906049e-01
6.710000000000000000e+02 6.815727872471089022e-01 1.072429262364261282e+00 1.023993383008162450e+00 5.140809572875331135e-01 5.041772357027906049e-01
6.720000000000000000e+02 1.000000000000000000e+00 1.000000000000000000e+00 1.000000000000000000e+00 5.182347641420980144e-01 5.074223333886357379e-01
6.720000000000000000e+02 9.203931968117772255e-01 1.018107315591065376e+00 1.005998345752040724e+00 5.182347641420980144e-01 5.074223333886357379e-01
6.730000000000000000e+02 1.000000000000000000e+00 1.000000000000000000e+00 1.000000000000000000e+00 3.335715971157721671e-01 4.322564809767374117e-01
6.730000000000000000e+02 8.407863936235544511e-01 1.036214631182130752e+00 1.011996691504081225e+00 3.335715971157721671e-01 4.322564809767374117e-01
6.740000000000000000e+02 1.000000000000000000e+00 1.000000000000000000e+00 1.000000000000000000e+00 5.979041118405760136e-01 2.594747777447072301e-01
6.740000000000000000e+02 7.611795904353316766e-01 1.054321946773195906e+00 1.017995037256121726e+00 5.979041118405760136e-01 2.594747777447072301e-01
6.750000000000000000e+02 1.000000000000000000e+00 1.000000000000000000e+00 1.000000000000000000e+00 4.624170737940508369e-01 5.923315835131629514e-01
6.750000000000000000e+02 6.815727872471089022e-01 1.072429262364261282e+00 1.023993383008162450e+00 4.624170737940508369e-01 5.923315835131629514e-01
6.760000000000000000e+02 1.000000000000000000e+00 1.000000000000000000e+00 1.000000000000000000e+00 3.712760076294085443e-01 5.542469487107423154e-01
6.760000000000000000e+02 9.203931968117772255e-01 1.018107315591065376e+00 1.005998345752040724e+00 3.712760076294085443e-01 5.542469487107423154e-01
6.770000000000000000e+02 1.000000000000000000e+00 1.000000000000000000e+00 1.000000000000000000e+00 7.761662386653180867e-01 3.836178438174453476e-01
6.770000000000000000e+02 8.407863936235544511e-01 1.036214631182130752e+00 1.011996691504081225e+00 7.761662386653180867e-01 3.836178438174453476e-01
6.780000000000000000e+02 1.000000000000000000e+00 1.000000000000000000e+00 1.000000000000000000e+00 4.146854475533515161e-01 2.975548844820451455e-01
6.780000000000000000e+02 7.611795904353316766e-01 1.054321946773195906e+00 1.017995037256121726e+00 4.146854475533515161e-01 2.975548844820451455e-01
6.790000000000000000e+02 1.000000000000000000e+00 1.000000000000000000e+00 1.000000000000000000e+00 5.231793449748362024e-01 5.550028692232281680e-01
6.790000000000000000e+02 6.815727872471089022e-01 1.072429262364261282e+00 1.023993383008162450e+00 5.231793449748362024e-01 5.550028692232281680e-01
