1.160000000000000000e+03 1.000000000000000000e+00 1.000000000000000000e+00 1.000000000000000000e+00 5.195821739720704047e-01 5.611603328480975206e-01
1.160000000000000000e+03 9.035824861090497873e-01 1.005049592188551832e+00 1.002782597965479860e+00 5.195821739720704047e-01 5.611603328480975206e-01
1.161000000000000000e+03 1.000000000000000000e+00 1.000000000000000000e+00 1.000000000000000000e+00 4.316291492702652444e-01 2.864596651167400365e-01
1.161000000000000000e+03 8.071649722180995745e-01 1.010099184377103665e+00 1.005565195930959721e+00 4.316291492702652444e-01 2.864596651167400365e-01
1.162000000000000000e+03 1.000000000000000000e+00 1.000000000000000000e+00 1.000000000000000000e+00 7.897303359008411849e-01 4.072348108914330966e-01
1.162000000000000000e+03 7.107474583271493618e-01 1.015148776565655275e+00 1.008347793896439581e+00 7.897303359008411849e-01 4.072348108914330966e-01
1.163000000000000000e+03 1.000000000000000000e+00 1.000000000000000000e+00 1.000000000000000000e+00 3.626496661343212580e-01 5.439765123509026079e-01
1.163000000000000000e+03 6.143299444361991490e-01 1.020198368754207108e+00 1.011130391861919442e+00 3.626496661343212580e-01 5.439765123509026079e-01
1.164000000000000000e+03 1.000000000000000000e+00 1.000000000000000000e+00 1.000000000000000000e+00 4.522872697655545560e-01 5.926555083367283094e-01
1.164000000000000000e+03 9.035824861090497873e-01 1.005049592188551832e+00 1.002782597965479860e+00 4.522872697655545560e-01 5.926555083367283094e-01
1.165000000000000000e+03 1.000000000000000000e+00 1.000000000000000000e+00 1.000000000000000000e+00 6.209628588102658053e-01 2.650967547265253299e-01
1.165000000000000000e+03 8.071649722180995745e-01 1.010099184377103665e+00 1.005565195930959721e+00 6.209628588102658053e-01 2.650967547265253299e-01
1.166000000000000000e+03 1.000000000000000000e+00 1.000000000000000000e+00 1.000000000000000000e+00 3.362206231948984825e-01 4.156622054776443753e-01
1.166000000000000000e+03 7.107474583271493618e-01 1.015148776565655275e+00 1.008347793896439581e+00 3.362206231948984825e-01 4.156622054776443753e-01
1.167000000000000000e+03 1.000000000000000000e+00 1.000000000000000000e+00 1.000000000000000000e+00 5.215316398683551569e-01 5.110876659465353189e-01
1.167000000000000000e+03 6.143299444361991490e-01 1.020198368754207108e+00 1.011130391861919442e+00 5.215316398683551569e-01 5.110876659465353189e-01
1.168000000000000000e+03 1.000000000000000000e+00 1.000000000000000000e+00 1.000000000000000000e+00 5.267813250875750253e-01 5.212998469035842186e-01
1.168000000000000000e+03 9.035824861090497873e-01 1.005049592188551832e+00 1.002782597965479860e+00 5.267813250875750253e-01 5.212998469035842186e-01
1.169000000000000000e+03 1.000000000000000000e+00 1.000000000000000000e+00 1.000000000000000000e+00 3.479945795257728403e-01 3.791063483965518288e-01
1.169000000000000000e+03 8.071649722180995745e-01 1.010099184377103665e+00 1.005565195930959721e+00 3.479945795257728403e-01 3.791063483965518288e-01
1.170000000000000000e+03 1.000000000000000000e+00 1.000000000000000000e+00 1.000000000000000000e+00 6.706905539533800642e-01 2.853825318324467175e-01
1.170000000000000000e+03 7.107474583271493618e-01 1.015148776565655275e+00 1.008347793896439581e+00 6.706905539533800642e-01 2.853825318324467175e-01
1.171000000000000000e+03 1.000000000000000000e+00 1.000000000000000000e+00 1.000000000000000000e+00 4.289032507464838329e-01 5.893933727809010925e-01
1.171000000000000000e+03 6.143299444361991490e-01 1.020198368754207108e+00 1.011130391861919442e+00 4.289032507464838329e-01 5.893933727809010925e-01
1.172000000000000000e+03 1.000000000000000000e+00 1.000000000000000000e+00 1.000000000000000000e+00 3.467737809751831879e-01 5.174685046561338098e-01
1.172000000000000000e+03 9.035824861090497873e-01 1.005049592188551832e+00 1.002782597965479860e+00 3.467737809751831879e-01 5.174685046561338098e-01
1.173000000000000000e+03 1.000000000000000000e+00 1.000000000000000000e+00 1.000000000000000000e+00 8.121964807081121229e-01 4.644081429954557416e-01
1.173000000000000000e+03 8.071649722180995745e-01 1.010099184377103665e+00 1.005565195930959721e+00 8.121964807081121229e-01 4.644081429954557416e-01
1.174000000000000000e+03 1.000000000000000000e+00 1.000000000000000000e+00 1.000000000000000000e+00 4.734698191696609659e-01 2.672886501335355325e-01
1.174000000000000000e+03 7.107474583271493618e-01 1.015148776565655275e+00 1.008347793896439581e+00 4.734698191696609659e-01 2.672886501335355325e-01
1.175000000000000000e+03 1.000000000000000000e+00 1.000000000000000000e+00 1.000000000000000000e+00 5.084068284819286410e-01 5.737410881831691567e-01
1.175000000000000000e+03 6.143299444361991490e-01 1.020198368754207108e+00 1.011130391861919442e+00 5.084068284819286410e-01 5.737410881831691567e-01
1.176000000000000000e+03 1.000000000000000000e+00 1.000000000000000000e+00 1.000000000000000000e+00 5.262890045400429040e-01 5.474189950532073468e-01
1.176000000000000000e+03 9.035824861090497873e-01 1.005049592188551832e+00 1.002782597965479860e+00 5.262890045400429040e-01 5.474189950532073468e-01
1.177000000000000000e+03 1.000000000000000000e+00 1.000000000000000000e+00 1.000000000000000000e+00 3.961319157798305346e-01 3.126471405822844885e-01
1.177000000000000000e+03 8.071649722180995745e-01 1.010099184377103665e+00 1.005565195930959721e+00 3.961319157798305346e-01 3.126471405822844885e-01
1.178000000000000000e+03 1.000000000000000000e+00 1.000000000000000000e+00 1.000000000000000000e+00 7.573197915999696495e-01 3.573423759397671984e-01
1.178000000000000000e+03 7.107474583271493618e-01 1.015148776565655275e+00 1.008347793896439581e+00 7.573197915999696495e-01 3.573423759397671984e-01
1.179000000000000000e+03 1.000000000000000000e+00 1.000000000000000000e+00 1.000000000000000000e+00 3.826140727645385708e-01 5.650785443801061847e-01
1.179000000000000000e+03 6.143299444361991490e-01 1.020198368754207108e+00 1.011130391861919442e+00 3.826140727645385708e-01 5.650785443801061847e-01
