3.960000000000000000e+03 1.000000000000000000e+00 1.000000000000000000e+00 1.000000000000000000e+00 5.285763990582339478e-01 5.332309187035235709e-01
3.960000000000000000e+03 1.008395880999971794e+00 9.275342624171171169e-01 1.012889047754511607e+00 5.285763990582339478e-01 5.332309187035235709e-01
3.961000000000000000e+03 1.000000000000000000e+00 1.000000000000000000e+00 1.000000000000000000e+00 3.671019159662525233e-01 3.454554957263940018e-01
3.961000000000000000e+03 1.016791761999943366e+00 8.550685248342342337e-01 1.025778095509023213e+00 3.671019159662525233e-01 3.454554957263940018e-01
3.962000000000000000e+03 1.000000000000000000e+00 1.000000000000000000e+00 1.000000000000000000e+00 7.152012970586472118e-01 3.149410734784957588e-01
3.962000000000000000e+03 1.025187642999914939e+00 7.826027872513513506e-01 1.038667143263535042e+00 7.152012970586472118e-01 3.149410734784957588e-01
3.963000000000000000e+03 1.000000000000000000e+00 1.000000000000000000e+00 1.000000000000000000e+00 4.061122885114352155e-01 5.807372415459907122e-01
3.963000000000000000e+03 1.033583523999886733e+00 7.101370496684684674e-01 1.051556191018046649e+00 4.061122885114352155e-01 5.807372415459907122e-01
3.964000000000000000e+03 1.000000000000000000e+00 1.000000000000000000e+00 1.000000000000000000e+00 4.937049855617328675e-01 5.835914309857035409e-01
3.964000000000000000e+03 1.008395880999971794e+00 9.275342624171171169e-01 1.012889047754511607e+00 4.937049855617328675e-01 5.835914309857035409e-01
3.965000000000000000e+03 1.000000000000000000e+00 1.000000000000000000e+00 1.000000000000000000e+00 5.183101025739345058e-01 2.568603391366443001e-01
3.965000000000000000e+03 1.016791761999943366e+00 8.550685248342342337e-01 1.025778095509023213e+00 5.183101025739345058e-01 2.568603391366443001e-01
3.966000000000000000e+03 1.000000000000000000e+00 1.000000000000000000e+00 1.000000000000000000e+00 3.366344540754704351e-01 4.876974414938991531e-01
3.966000000000000000e+03 1.025187642999914939e+00 7.826027872513513506e-01 1.038667143263535042e+00 3.366344540754704351e-01 4.876974414938991531e-01
3.967000000000000000e+03 1.000000000000000000e+00 1.000000000000000000e+00 1.000000000000000000e+00 5.038173160468774059e-01 5.002874703704334181e-01
3.967000000000000000e+03 1.033583523999886733e+00 7.101370496684684674e-01 1.051556191018046649e+00 5.038173160468774059e-01 5.002874703704334181e-01
3.968000000000000000e+03 1.000000000000000000e+00 1.000000000000000000e+00 1.000000000000000000e+00 5.025748224534154485e-01 5.001304524779857097e-01
3.968000000000000000e+03 1.008395880999971794e+00 9.275342624171171169e-01 1.012889047754511607e+00 5.025748224534154485e-01 5.001304524779857097e-01
3.969000000000000000e+03 1.000000000000000000e+00 1.000000000000000000e+00 1.000000000000000000e+00 3.376301355891648814e-01 4.917735876761104019e-01
3.969000000000000000e+03 1.016791761999943366e+00 8.550685248342342337e-01 1.025778095509023213e+00 3.376301355891648814e-01 4.917735876761104019e-01
3.970000000000000000e+03 1.000000000000000000e+00 1.000000000000000000e+00 1.000000000000000000e+00 5.122743922468415700e-01 2.577326146104550464e-01
3.970000000000000000e+03 1.025187642999914939e+00 7.826027872513513506e-01 1.038667143263535042e+00 5.122743922468415700e-01 2.577326146104550464e-01
3.971000000000000000e+03 1.000000000000000000e+00 1.000000000000000000e+00 1.000000000000000000e+00 4.958215675990623184e-01 5.824723434321252835e-01
3.971000000000000000e+03 1.033583523999886733e+00 7.101370496684684674e-01 1.051556191018046649e+00 4.958215675990623184e-01 5.824723434321252835e-01
3.972000000000000000e+03 1.000000000000000000e+00 1.000000000000000000e+00 1.000000000000000000e+00 4.090494323445325042e-01 5.821790178309759201e-01
3.972000000000000000e+03 1.008395880999971794e+00 9.275342624171171169e-01 1.012889047754511607e+00 4.090494323445325042e-01 5.821790178309759201e-01
3.973000000000000000e+03 1.000000000000000000e+00 1.000000000000000000e+00 1.000000000000000000e+00 7.096674335308004178e-01 3.105535325081963394e-01
3.973000000000000000e+03 1.016791761999943366e+00 8.550685248342342337e-01 1.025778095509023213e+00 7.096674335308004178e-01 3.105535325081963394e-01
3.974000000000000000e+03 1.000000000000000000e+00 1.000000000000000000e+00 1.000000000000000000e+00 3.641872573386102374e-01 3.496909994068660432e-01
3.974000000000000000e+03 1.025187642999914939e+00 7.826027872513513506e-01 1.038667143263535042e+00 3.641872573386102374e-01 3.496909994068660432e-01
3.975000000000000000e+03 1.000000000000000000e+00 1.000000000000000000e+00 1.000000000000000000e+00 5.285452930005620775e-01 5.315921347178009793e-01
3.975000000000000000e+03 1.033583523999886733e+00 7.101370496684684674e-01 1.051556191018046649e+00 5.285452930005620775e-01 5.315921347178009793e-01
3.976000000000000000e+03 1.000000000000000000e+00 1.000000000000000000e+00 1.000000000000000000e+00 5.209915283448992573e-01 5.589523321528582223e-01
3.976000000000000000e+03 1.008395880999971794e+00 9.275342624171171169e-01 1.012889047754511607e+00 5.209915283448992573e-01 5.589523321528582223e-01
3.977000000000000000e+03 1.000000000000000000e+00 1.000000000000000000e+00 1.000000000000000000e+00 4.253372481215758061e-01 2.903181094837790077e-01
3.977000000000000000e+03 1.016791761999943366e+00 8.550685248342342337e-01 1.025778095509023213e+00 4.253372481215758061e-01 2.903181094837790077e-01
3.978000000000000000e+03 1.000000000000000000e+00 1.000000000000000000e+00 1.000000000000000000e+00 7.850466696979023773e-01 3.985016363548132823e-01
3.978000000000000000e+03 1.025187642999914939e+00 7.826027872513513506e-01 1.038667143263535042e+00 7.850466696979023773e-01 3.985016363548132823e-01
3.979000000000000000e+03 1.000000000000000000e+00 1.000000000000000000e+00 1.000000000000000000e+00 3.656828886654603927e-01 5.478271401116617811e-01
3.979000000000000000e+03 1.033583523999886733e+00 7.101370496684684674e-01 1.051556191018046649e+00 3.656828886654603927e-01 5.478271401116617811e-01
