4.340000000000000000e+03 1.000000000000000000e+00 1.000000000000000000e+00 1.000000000000000000e+00 3.679887140158265013e-01 5.505737290939171080e-01
4.340000000000000000e+03 9.968222715321493066e-01 8.946033501735699556e-01 9.833990197042448145e-01 3.679887140158265013e-01 5.505737290939171080e-01
4.341000000000000000e+03 1.000000000000000000e+00 1.000000000000000000e+00 1.000000000000000000e+00 7.814222358021272186e-01 3.921867035204281704e-01
4.341000000000000000e+03 9.936445430642986132e-01 7.892067003471400222e-01 9.667980394084896290e-01 7.814222358021272186e-01 3.921867035204281704e-01
4.342000000000000000e+03 1.000000000000000000e+00 1.000000000000000000e+00 1.000000000000000000e+00 4.208064872132555312e-01 2.932832391068496136e-01
4.342000000000000000e+03 9.904668145964478088e-01 6.838100505207100888e-01 9.501970591127343324e-01 4.208064872132555312e-01 2.932832391068496136e-01
4.343000000000000000e+03 1.000000000000000000e+00 1.000000000000000000e+00 1.000000000000000000e+00 5.219539454010897472e-01 5.573058110751966110e-01
4.343000000000000000e+03 9.872890861285971154e-01 5.784134006942800443e-01 9.335960788169791469e-01 5.219539454010897472e-01 5.573058110751966110e-01
4.344000000000000000e+03 1.000000000000000000e+00 1.000000000000000000e+00 1.000000000000000000e+00 5.284553403073249944e-01 5.300256192218325557e-01
4.344000000000000000e+03 9.968222715321493066e-01 8.946033501735699556e-01 9.833990197042448145e-01 5.284553403073249944e-01 5.300256192218325557e-01
4.345000000000000000e+03 1.000000000000000000e+00 1.000000000000000000e+00 1.000000000000000000e+00 3.614850998260052961e-01 3.538412964225241542e-01
4.345000000000000000e+03 9.936445430642986132e-01 7.892067003471400222e-01 9.667980394084896290e-01 3.614850998260052961e-01 3.538412964225241542e-01
4.346000000000000000e+03 1.000000000000000000e+00 1.000000000000000000e+00 1.000000000000000000e+00 7.042252457552973244e-01 3.064553198926703859e-01
4.346000000000000000e+03 9.904668145964478088e-01 6.838100505207100888e-01 9.501970591127343324e-01 7.042252457552973244e-01 3.064553198926703859e-01
4.347000000000000000e+03 1.000000000000000000e+00 1.000000000000000000e+00 1.000000000000000000e+00 4.119078386003457992e-01 5.834851202406599047e-01
4.347000000000000000e+03 9.872890861285971154e-01 5.784134006942800443e-01 9.335960788169791469e-01 4.119078386003457992e-01 5.834851202406599047e-01
4.348000000000000000e+03 1.000000000000000000e+00 1.000000000000000000e+00 1.000000000000000000e+00 4.978159875432335291e-01 5.813378711993917314e-01
4.348000000000000000e+03 9.968222715321493066e-01 8.946033501735699556e-01 9.833990197042448145e-01 4.978159875432335291e-01 5.813378711993917314e-01
4.349000000000000000e+03 1.000000000000000000e+00 1.000000000000000000e+00 1.000000000000000000e+00 5.064786428086220926e-01 2.587197762164946124e-01
4.349000000000000000e+03 9.936445430642986132e-01 7.892067003471400222e-01 9.667980394084896290e-01 5.064786428086220926e-01 2.587197762164946124e-01
4.350000000000000000e+03 1.000000000000000000e+00 1.000000000000000000e+00 1.000000000000000000e+00 3.386909525085514128e-01 4.956686723673056072e-01
4.350000000000000000e+03 9.904668145964478088e-01 6.838100505207100888e-01 9.501970591127343324e-01 3.386909525085514128e-01 4.956686723673056072e-01
4.351000000000000000e+03 1.000000000000000000e+00 1.000000000000000000e+00 1.000000000000000000e+00 5.013666949073349866e-01 5.000366972808386601e-01
4.351000000000000000e+03 9.872890861285971154e-01 5.784134006942800443e-01 9.335960788169791469e-01 5.013666949073349866e-01 5.000366972808386601e-01
4.352000000000000000e+03 1.000000000000000000e+00 1.000000000000000000e+00 1.000000000000000000e+00 5.019906635699256103e-01 5.000779075511582183e-01
4.352000000000000000e+03 9.968222715321493066e-01 8.946033501735699556e-01 9.833990197042448145e-01 5.019906635699256103e-01 5.000779075511582183e-01
4.353000000000000000e+03 1.000000000000000000e+00 1.000000000000000000e+00 1.000000000000000000e+00 3.381317289317390951e-01 4.936650467715090196e-01
4.353000000000000000e+03 9.936445430642986132e-01 7.892067003471400222e-01 9.667980394084896290e-01 3.381317289317390951e-01 4.936650467715090196e-01
4.354000000000000000e+03 1.000000000000000000e+00 1.000000000000000000e+00 1.000000000000000000e+00 5.094634760671573614e-01 2.581929251825714200e-01
4.354000000000000000e+03 9.904668145964478088e-01 6.838100505207100888e-01 9.501970591127343324e-01 5.094634760671573614e-01 2.581929251825714200e-01
4.355000000000000000e+03 1.000000000000000000e+00 1.000000000000000000e+00 1.000000000000000000e+00 4.967935696101754006e-01 5.819294673190932299e-01
4.355000000000000000e+03 9.872890861285971154e-01 5.784134006942800443e-01 9.335960788169791469e-01 4.967935696101754006e-01 5.819294673190932299e-01
4.356000000000000000e+03 1.000000000000000000e+00 1.000000000000000000e+00 1.000000000000000000e+00 4.104310944449723886e-01 5.828221284966144111e-01
4.356000000000000000e+03 9.968222715321493066e-01 8.946033501735699556e-01 9.833990197042448145e-01 4.104310944449723886e-01 5.828221284966144111e-01
4.357000000000000000e+03 1.000000000000000000e+00 1.000000000000000000e+00 1.000000000000000000e+00 7.070438454056175992e-01 3.085517305100674568e-01
4.357000000000000000e+03 9.936445430642986132e-01 7.892067003471400222e-01 9.667980394084896290e-01 7.070438454056175992e-01 3.085517305100674568e-01
4.358000000000000000e+03 1.000000000000000000e+00 1.000000000000000000e+00 1.000000000000000000e+00 3.628648010067265228e-01 3.516936245196773392e-01
4.358000000000000000e+03 9.904668145964478088e-01 6.838100505207100888e-01 9.501970591127343324e-01 3.628648010067265228e-01 3.516936245196773392e-01
4.359000000000000000e+03 1.000000000000000000e+00 1.000000000000000000e+00 1.000000000000000000e+00 5.285090579999552896e-01 5.308314356297325620e-01
4.359000000000000000e+03 9.872890861285971154e-01 5.784134006942800443e-01 9.335960788169791469e-01 5.285090579999552896e-01 5.308314356297325620e-01
