1.360000000000000000e+03 1.000000000000000000e+00 1.000000000000000000e+00 1.000000000000000000e+00 5.282600891784235975e-01 5.280872172649774265e-01
1.360000000000000000e+03 1.008438971746284940e+00 9.310358405220308109e-01 1.008693139007928341e+00 5.282600891784235975e-01 5.280872172649774265e-01
1.361000000000000000e+03 1.000000000000000000e+00 1.000000000000000000e+00 1.000000000000000000e+00 3.582562585913579012e-01 3.591233298748777170e-01
1.361000000000000000e+03 1.016877943492569880e+00 8.620716810440616218e-01 1.017386278015856460e+00 3.582562585913579012e-01 3.591233298748777170e-01
1.362000000000000000e+03 1.000000000000000000e+00 1.000000000000000000e+00 1.000000000000000000e+00 6.972713965551945448e-01 3.015144324762485950e-01
1.362000000000000000e+03 1.025316915238854820e+00 7.931075215660923217e-01 1.026079417023784579e+00 6.972713965551945448e-01 3.015144324762485950e-01
1.363000000000000000e+03 1.000000000000000000e+00 1.000000000000000000e+00 1.000000000000000000e+00 4.155180563049501452e-01 5.850019152935328481e-01
1.363000000000000000e+03 1.033755886985139760e+00 7.241433620881231326e-01 1.034772556031712920e+00 4.155180563049501452e-01 5.850019152935328481e-01
1.364000000000000000e+03 1.000000000000000000e+00 1.000000000000000000e+00 1.000000000000000000e+00 3.401570022551255734e-01 5.004903937138303061e-01
1.364000000000000000e+03 1.008438971746284940e+00 9.310358405220308109e-01 1.008693139007928341e+00 3.401570022551255734e-01 5.004903937138303061e-01
1.365000000000000000e+03 1.000000000000000000e+00 1.000000000000000000e+00 1.000000000000000000e+00 8.198422447544065905e-01 4.990187332040948998e-01
1.365000000000000000e+03 1.016877943492569880e+00 8.620716810440616218e-01 1.017386278015856460e+00 8.198422447544065905e-01 4.990187332040948998e-01
1.366000000000000000e+03 1.000000000000000000e+00 1.000000000000000000e+00 1.000000000000000000e+00 4.992641697451322691e-01 2.601573787503594914e-01
1.366000000000000000e+03 1.025316915238854820e+00 7.931075215660923217e-01 1.026079417023784579e+00 4.992641697451322691e-01 2.601573787503594914e-01
1.367000000000000000e+03 1.000000000000000000e+00 1.000000000000000000e+00 1.000000000000000000e+00 5.002449571727930477e-01 5.798433742401083446e-01
1.367000000000000000e+03 1.033755886985139760e+00 7.241433620881231326e-01 1.034772556031712920e+00 5.002449571727930477e-01 5.798433742401083446e-01
1.368000000000000000e+03 1.000000000000000000e+00 1.000000000000000000e+00 1.000000000000000000e+00 5.230707263472220703e-01 5.552178956487305861e-01
1.368000000000000000e+03 1.008438971746284940e+00 9.310358405220308109e-01 1.008693139007928341e+00 5.230707263472220703e-01 5.552178956487305861e-01
1.369000000000000000e+03 1.000000000000000000e+00 1.000000000000000000e+00 1.000000000000000000e+00 4.152467050377509628e-01 2.971499238178488822e-01
1.369000000000000000e+03 1.016877943492569880e+00 8.620716810440616218e-01 1.017386278015856460e+00 4.152467050377509628e-01 2.971499238178488822e-01
1.370000000000000000e+03 1.000000000000000000e+00 1.000000000000000000e+00 1.000000000000000000e+00 7.766661664488614392e-01 3.844054207302374238e-01
1.370000000000000000e+03 1.025316915238854820e+00 7.931075215660923217e-01 1.026079417023784579e+00 7.766661664488614392e-01 3.844054207302374238e-01
1.371000000000000000e+03 1.000000000000000000e+00 1.000000000000000000e+00 1.000000000000000000e+00 3.709660140845591481e-01 5.539120106547354982e-01
1.371000000000000000e+03 1.033755886985139760e+00 7.241433620881231326e-01 1.034772556031712920e+00 3.709660140845591481e-01 5.539120106547354982e-01
1.372000000000000000e+03 1.000000000000000000e+00 1.000000000000000000e+00 1.000000000000000000e+00 4.620746302339892586e-01 5.923603851343954840e-01
1.372000000000000000e+03 1.008438971746284940e+00 9.310358405220308109e-01 1.008693139007928341e+00 4.620746302339892586e-01 5.923603851343954840e-01
1.373000000000000000e+03 1.000000000000000000e+00 1.000000000000000000e+00 1.000000000000000000e+00 5.987009231938589249e-01 2.596317363403761735e-01
1.373000000000000000e+03 1.016877943492569880e+00 8.620716810440616218e-01 1.017386278015856460e+00 5.987009231938589249e-01 2.596317363403761735e-01
1.374000000000000000e+03 1.000000000000000000e+00 1.000000000000000000e+00 1.000000000000000000e+00 3.336356756029903448e-01 4.316868535200651946e-01
1.374000000000000000e+03 1.025316915238854820e+00 7.931075215660923217e-01 1.026079417023784579e+00 3.336356756029903448e-01 4.316868535200651946e-01
1.375000000000000000e+03 1.000000000000000000e+00 1.000000000000000000e+00 1.000000000000000000e+00 5.183564458717813128e-01 5.075375930520866774e-01
1.375000000000000000e+03 1.033755886985139760e+00 7.241433620881231326e-01 1.034772556031712920e+00 5.183564458717813128e-01 5.075375930520866774e-01
1.376000000000000000e+03 1.000000000000000000e+00 1.000000000000000000e+00 1.000000000000000000e+00 5.142177358183774860e-01 5.042653138526170808e-01
1.376000000000000000e+03 1.008438971746284940e+00 9.310358405220308109e-01 1.008693139007928341e+00 5.142177358183774860e-01 5.042653138526170808e-01
1.377000000000000000e+03 1.000000000000000000e+00 1.000000000000000000e+00 1.000000000000000000e+00 3.325300380972172620e-01 4.497590926202262307e-01
1.377000000000000000e+03 1.016877943492569880e+00 8.620716810440616218e-01 1.017386278015856460e+00 3.325300380972172620e-01 4.497590926202262307e-01
1.378000000000000000e+03 1.000000000000000000e+00 1.000000000000000000e+00 1.000000000000000000e+00 5.732287041433520303e-01 2.559039250550146916e-01
1.378000000000000000e+03 1.025316915238854820e+00 7.931075215660923217e-01 1.026079417023784579e+00 5.732287041433520303e-01 2.559039250550146916e-01
1.379000000000000000e+03 1.000000000000000000e+00 1.000000000000000000e+00 1.000000000000000000e+00 4.727468893838045472e-01 5.908438488605800565e-01
1.379000000000000000e+03 1.033755886985139760e+00 7.241433620881231326e-01 1.034772556031712920e+00 4.727468893838045472e-01 5.908438488605800565e-01
