1.100000000000000000e+03 1.000000000000000000e+00 1.000000000000000000e+00 1.000000000000000000e+00 4.436429800906916410e-01 5.920930903135752654e-01
1.100000000000000000e+03 9.046797304228083592e-01 9.997326201567349191e-01 9.939127913841507844e-01 4.436429800906916410e-01 5.920930903135752654e-01
1.101000000000000000e+03 1.000000000000000000e+00 1.000000000000000000e+00 1.000000000000000000e+00 6.398730667792530413e-01 2.714332128975665559e-01
1.101000000000000000e+03 8.093594608456167183e-01 9.994652403134697272e-01 9.878255827683015688e-01 6.398730667792530413e-01 2.714332128975665559e-01
1.102000000000000000e+03 1.000000000000000000e+00 1.000000000000000000e+00 1.000000000000000000e+00 3.396700612919956730e-01 4.018849566557192721e-01
1.102000000000000000e+03 7.140391912684250775e-01 9.991978604702045352e-01 9.817383741524524643e-01 3.396700612919956730e-01 4.018849566557192721e-01
1.103000000000000000e+03 1.000000000000000000e+00 1.000000000000000000e+00 1.000000000000000000e+00 5.238562419191461483e-01 5.145989964743360456e-01
1.103000000000000000e+03 6.187189216912334366e-01 9.989304806269394543e-01 9.756511655366032487e-01 5.238562419191461483e-01 5.145989964743360456e-01
1.104000000000000000e+03 1.000000000000000000e+00 1.000000000000000000e+00 1.000000000000000000e+00 5.278971167777061213e-01 5.257561032000869217e-01
1.104000000000000000e+03 9.046797304228083592e-01 9.997326201567349191e-01 9.939127913841507844e-01 5.278971167777061213e-01 5.257561032000869217e-01
1.105000000000000000e+03 1.000000000000000000e+00 1.000000000000000000e+00 1.000000000000000000e+00 3.545446627269396855e-01 3.657078898991352744e-01
1.105000000000000000e+03 8.093594608456167183e-01 9.994652403134697272e-01 9.878255827683015688e-01 3.545446627269396855e-01 3.657078898991352744e-01
1.106000000000000000e+03 1.000000000000000000e+00 1.000000000000000000e+00 1.000000000000000000e+00 6.885601135512536830e-01 2.957655524792627277e-01
1.106000000000000000e+03 7.140391912684250775e-01 9.991978604702045352e-01 9.817383741524524643e-01 6.885601135512536830e-01 2.957655524792627277e-01
1.107000000000000000e+03 1.000000000000000000e+00 1.000000000000000000e+00 1.000000000000000000e+00 4.199758933495241764e-01 5.866762270253832456e-01
1.107000000000000000e+03 6.187189216912334366e-01 9.989304806269394543e-01 9.756511655366032487e-01 4.199758933495241764e-01 5.866762270253832456e-01
1.108000000000000000e+03 1.000000000000000000e+00 1.000000000000000000e+00 1.000000000000000000e+00 3.421568732870053364e-01 5.062986765298758129e-01
1.108000000000000000e+03 9.046797304228083592e-01 9.997326201567349191e-01 9.939127913841507844e-01 3.421568732870053364e-01 5.062986765298758129e-01
1.109000000000000000e+03 1.000000000000000000e+00 1.000000000000000000e+00 1.000000000000000000e+00 8.177158880919328521e-01 4.873216550560858784e-01
1.109000000000000000e+03 8.093594608456167183e-01 9.994652403134697272e-01 9.878255827683015688e-01 8.177158880919328521e-01 4.873216550560858784e-01
1.110000000000000000e+03 1.000000000000000000e+00 1.000000000000000000e+00 1.000000000000000000e+00 4.905114892631050605e-01 2.622204925975362144e-01
1.110000000000000000e+03 7.140391912684250775e-01 9.991978604702045352e-01 9.817383741524524643e-01 4.905114892631050605e-01 2.622204925975362144e-01
1.111000000000000000e+03 1.000000000000000000e+00 1.000000000000000000e+00 1.000000000000000000e+00 5.031088423228565754e-01 5.779067460235255416e-01
1.111000000000000000e+03 6.187189216912334366e-01 9.989304806269394543e-01 9.756511655366032487e-01 5.031088423228565754e-01 5.779067460235255416e-01
1.112000000000000000e+03 1.000000000000000000e+00 1.000000000000000000e+00 1.000000000000000000e+00 5.243014789973056144e-01 5.526290233151444076e-01
1.112000000000000000e+03 9.046797304228083592e-01 9.997326201567349191e-01 9.939127913841507844e-01 5.243014789973056144e-01 5.526290233151444076e-01
1.113000000000000000e+03 1.000000000000000000e+00 1.000000000000000000e+00 1.000000000000000000e+00 4.086238188645784364e-01 3.021091980468290084e-01
1.113000000000000000e+03 8.093594608456167183e-01 9.994652403134697272e-01 9.878255827683015688e-01 4.086238188645784364e-01 3.021091980468290084e-01
1.114000000000000000e+03 1.000000000000000000e+00 1.000000000000000000e+00 1.000000000000000000e+00 7.705216912721841727e-01 3.750864677955204618e-01
1.114000000000000000e+03 7.140391912684250775e-01 9.991978604702045352e-01 9.817383741524524643e-01 7.705216912721841727e-01 3.750864677955204618e-01
1.115000000000000000e+03 1.000000000000000000e+00 1.000000000000000000e+00 1.000000000000000000e+00 3.747400873658423004e-01 5.578388300663635890e-01
1.115000000000000000e+03 6.187189216912334366e-01 9.989304806269394543e-01 9.756511655366032487e-01 3.747400873658423004e-01 5.578388300663635890e-01
1.116000000000000000e+03 1.000000000000000000e+00 1.000000000000000000e+00 1.000000000000000000e+00 4.661477483199342187e-01 5.919342212277451942e-01
1.116000000000000000e+03 9.046797304228083592e-01 9.997326201567349191e-01 9.939127913841507844e-01 4.661477483199342187e-01 5.919342212277451942e-01
1.117000000000000000e+03 1.000000000000000000e+00 1.000000000000000000e+00 1.000000000000000000e+00 5.891388636743040141e-01 2.579212133221575054e-01
1.117000000000000000e+03 8.093594608456167183e-01 9.994652403134697272e-01 9.878255827683015688e-01 5.891388636743040141e-01 2.579212133221575054e-01
1.118000000000000000e+03 1.000000000000000000e+00 1.000000000000000000e+00 1.000000000000000000e+00 3.329934960472061833e-01 4.385044423228151023e-01
1.118000000000000000e+03 7.140391912684250775e-01 9.991978604702045352e-01 9.817383741524524643e-01 3.329934960472061833e-01 4.385044423228151023e-01
1.119000000000000000e+03 1.000000000000000000e+00 1.000000000000000000e+00 1.000000000000000000e+00 5.168619385026964608e-01 5.062089456829467204e-01
1.119000000000000000e+03 6.187189216912334366e-01 9.989304806269394543e-01 9.756511655366032487e-01 5.168619385026964608e-01 5.062089456829467204e-01
