8.800000000000000000e+02 1.000000000000000000e+00 1.000000000000000000e+00 1.000000000000000000e+00 5.214264224030770167e-01 5.109504488152276647e-01
8.800000000000000000e+02 9.118489042827746527e-01 1.008679550309188544e+00 9.943986552537915635e-01 5.214264224030770167e-01 5.109504488152276647e-01
8.810000000000000000e+02 1.000000000000000000e+00 1.000000000000000000e+00 1.000000000000000000e+00 3.361017818777617405e-01 4.162361772445573593e-01
8.810000000000000000e+02 8.236978085655493054e-01 1.017359100618377088e+00 9.887973105075831270e-01 3.361017818777617405e-01 4.162361772445573593e-01
8.820000000000000000e+02 1.000000000000000000e+00 1.000000000000000000e+00 1.000000000000000000e+00 6.201705097255501009e-01 2.648658840181811192e-01
8.820000000000000000e+02 7.355467128483239581e-01 1.026038650927565632e+00 9.831959657613748016e-01 6.201705097255501009e-01 2.648658840181811192e-01
8.830000000000000000e+02 1.000000000000000000e+00 1.000000000000000000e+00 1.000000000000000000e+00 4.526428642146648751e-01 5.926623202626576381e-01
8.830000000000000000e+02 6.473956171310986107e-01 1.034718201236754176e+00 9.775946210151663651e-01 4.526428642146648751e-01 5.926623202626576381e-01
8.840000000000000000e+02 1.000000000000000000e+00 1.000000000000000000e+00 1.000000000000000000e+00 3.629338922916522381e-01 5.443495887684836054e-01
8.840000000000000000e+02 9.118489042827746527e-01 1.008679550309188544e+00 9.943986552537915635e-01 3.629338922916522381e-01 5.443495887684836054e-01
8.850000000000000000e+02 1.000000000000000000e+00 1.000000000000000000e+00 1.000000000000000000e+00 7.892957110633891382e-01 4.063944688248707360e-01
8.850000000000000000e+02 8.236978085655493054e-01 1.017359100618377088e+00 9.887973105075831270e-01 7.892957110633891382e-01 4.063944688248707360e-01
8.860000000000000000e+02 1.000000000000000000e+00 1.000000000000000000e+00 1.000000000000000000e+00 4.310224400281935653e-01 2.868190906141315777e-01
8.860000000000000000e+02 7.355467128483239581e-01 1.026038650927565632e+00 9.831959657613748016e-01 4.310224400281935653e-01 2.868190906141315777e-01
8.870000000000000000e+02 1.000000000000000000e+00 1.000000000000000000e+00 1.000000000000000000e+00 5.197216175651608872e-01 5.609513060308271015e-01
8.870000000000000000e+02 6.473956171310986107e-01 1.034718201236754176e+00 9.775946210151663651e-01 5.197216175651608872e-01 5.609513060308271015e-01
8.880000000000000000e+02 1.000000000000000000e+00 1.000000000000000000e+00 1.000000000000000000e+00 5.285751657950368276e-01 5.335404801104002281e-01
8.880000000000000000e+02 9.118489042827746527e-01 1.008679550309188544e+00 9.943986552537915635e-01 5.285751657950368276e-01 5.335404801104002281e-01
8.890000000000000000e+02 1.000000000000000000e+00 1.000000000000000000e+00 1.000000000000000000e+00 3.676625300414252395e-01 3.446671382121178073e-01
8.890000000000000000e+02 8.236978085655493054e-01 1.017359100618377088e+00 9.887973105075831270e-01 3.676625300414252395e-01 3.446671382121178073e-01
8.900000000000000000e+02 1.000000000000000000e+00 1.000000000000000000e+00 1.000000000000000000e+00 7.162290526266231749e-01 3.157813779596562176e-01
8.900000000000000000e+02 7.355467128483239581e-01 1.026038650927565632e+00 9.831959657613748016e-01 7.162290526266231749e-01 3.157813779596562176e-01
8.910000000000000000e+02 1.000000000000000000e+00 1.000000000000000000e+00 1.000000000000000000e+00 4.055633290508587896e-01 5.804563178768058496e-01
8.910000000000000000e+02 6.473956171310986107e-01 1.034718201236754176e+00 9.775946210151663651e-01 4.055633290508587896e-01 5.804563178768058496e-01
8.920000000000000000e+02 1.000000000000000000e+00 1.000000000000000000e+00 1.000000000000000000e+00 4.933016950580266791e-01 5.837952064091636029e-01
8.920000000000000000e+02 9.118489042827746527e-01 1.008679550309188544e+00 9.943986552537915635e-01 4.933016950580266791e-01 5.837952064091636029e-01
8.930000000000000000e+02 1.000000000000000000e+00 1.000000000000000000e+00 1.000000000000000000e+00 5.194474950174021721e-01 2.567135457042498681e-01
8.930000000000000000e+02 8.236978085655493054e-01 1.017359100618377088e+00 9.887973105075831270e-01 5.194474950174021721e-01 2.567135457042498681e-01
8.940000000000000000e+02 1.000000000000000000e+00 1.000000000000000000e+00 1.000000000000000000e+00 3.364591696475430771e-01 4.869271000203122535e-01
8.940000000000000000e+02 7.355467128483239581e-01 1.026038650927565632e+00 9.831959657613748016e-01 3.364591696475430771e-01 4.869271000203122535e-01
8.950000000000000000e+02 1.000000000000000000e+00 1.000000000000000000e+00 1.000000000000000000e+00 5.040495824658703938e-01 5.003237099042588953e-01
8.950000000000000000e+02 6.473956171310986107e-01 1.034718201236754176e+00 9.775946210151663651e-01 5.040495824658703938e-01 5.003237099042588953e-01
8.960000000000000000e+02 1.000000000000000000e+00 1.000000000000000000e+00 1.000000000000000000e+00 5.028082125703623451e-01 5.001552366247334902e-01
8.960000000000000000e+02 9.118489042827746527e-01 1.008679550309188544e+00 9.943986552537915635e-01 5.028082125703623451e-01 5.001552366247334902e-01
8.970000000000000000e+02 1.000000000000000000e+00 1.000000000000000000e+00 1.000000000000000000e+00 3.374356945379104467e-01 4.910135242793161048e-01
8.970000000000000000e+02 8.236978085655493054e-01 1.017359100618377088e+00 9.887973105075831270e-01 3.374356945379104467e-01 4.910135242793161048e-01
8.980000000000000000e+02 1.000000000000000000e+00 1.000000000000000000e+00 1.000000000000000000e+00 5.134020952686589867e-01 2.575576480920468425e-01
8.980000000000000000e+02 7.355467128483239581e-01 1.026038650927565632e+00 9.831959657613748016e-01 5.134020952686589867e-01 2.575576480920468425e-01
8.990000000000000000e+02 1.000000000000000000e+00 1.000000000000000000e+00 1.000000000000000000e+00 4.954291438272913073e-01 5.826862590162259492e-01
8.990000000000000000e+02 6.473956171310986107e-01 1.034718201236754176e+00 9.775946210151663651e-01 4.954291438272913073e-01 5.826862590162259492e-01
