2.680000000000000000e+03 1.000000000000000000e+00 1.000000000000000000e+00 1.000000000000000000e+00 5.285759759662481683e-01 5.330249339680193099e-01
2.680000000000000000e+03 1.008438450938545339e+00 1.000156734316336005e+00 9.143191392672713746e-01 5.285759759662481683e-01 5.330249339680193099e-01
2.681000000000000000e+03 1.000000000000000000e+00 1.000000000000000000e+00 1.000000000000000000e+00 3.667306451806637280e-01 3.459821058056776755e-01
2.681000000000000000e+03 1.016876901877090678e+00 1.000313468632672009e+00 8.286382785345426383e-01 3.667306451806637280e-01 3.459821058056776755e-01
2.682000000000000000e+03 1.000000000000000000e+00 1.000000000000000000e+00 1.000000000000000000e+00 7.145143743074737763e-01 3.143839557541195928e-01
2.682000000000000000e+03 1.025315352815635794e+00 1.000470202949008236e+00 7.429574178018139019e-01 7.145143743074737763e-01 3.143839557541195928e-01
2.683000000000000000e+03 1.000000000000000000e+00 1.000000000000000000e+00 1.000000000000000000e+00 4.064785859188291828e-01 5.809226653927922479e-01
2.683000000000000000e+03 1.033753803754181133e+00 1.000626937265344241e+00 6.572765570690852766e-01 4.064785859188291828e-01 5.809226653927922479e-01
2.684000000000000000e+03 1.000000000000000000e+00 1.000000000000000000e+00 1.000000000000000000e+00 4.939727254978579229e-01 5.834545063378332452e-01
2.684000000000000000e+03 1.008438450938545339e+00 1.000156734316336005e+00 9.143191392672713746e-01 4.939727254978579229e-01 5.834545063378332452e-01
2.685000000000000000e+03 1.000000000000000000e+00 1.000000000000000000e+00 1.000000000000000000e+00 5.175528190216441837e-01 2.569611528779626730e-01
2.685000000000000000e+03 1.016876901877090678e+00 1.000313468632672009e+00 8.286382785345426383e-01 5.175528190216441837e-01 2.569611528779626730e-01
2.686000000000000000e+03 1.000000000000000000e+00 1.000000000000000000e+00 1.000000000000000000e+00 3.367533232700646861e-01 4.882099532381067863e-01
2.686000000000000000e+03 1.025315352815635794e+00 1.000470202949008236e+00 7.429574178018139019e-01 3.367533232700646861e-01 4.882099532381067863e-01
2.687000000000000000e+03 1.000000000000000000e+00 1.000000000000000000e+00 1.000000000000000000e+00 5.036623359457312876e-01 5.002645022423909404e-01
2.687000000000000000e+03 1.033753803754181133e+00 1.000626937265344241e+00 6.572765570690852766e-01 5.036623359457312876e-01 5.002645022423909404e-01
2.688000000000000000e+03 1.000000000000000000e+00 1.000000000000000000e+00 1.000000000000000000e+00 5.048989090988164063e-01 5.004749138418266297e-01
2.688000000000000000e+03 1.008438450938545339e+00 1.000156734316336005e+00 9.143191392672713746e-01 5.048989090988164063e-01 5.004749138418266297e-01
2.689000000000000000e+03 1.000000000000000000e+00 1.000000000000000000e+00 1.000000000000000000e+00 3.358476649587064378e-01 4.840866171413329977e-01
2.689000000000000000e+03 1.016876901877090678e+00 1.000313468632672009e+00 8.286382785345426383e-01 3.358476649587064378e-01 4.840866171413329977e-01
2.690000000000000000e+03 1.000000000000000000e+00 1.000000000000000000e+00 1.000000000000000000e+00 5.236326173670873274e-01 2.562209519874678043e-01
2.690000000000000000e+03 1.025315352815635794e+00 1.000470202949008236e+00 7.429574178018139019e-01 5.236326173670873274e-01 2.562209519874678043e-01
2.691000000000000000e+03 1.000000000000000000e+00 1.000000000000000000e+00 1.000000000000000000e+00 4.918058516497531563e-01 5.845256220700549843e-01
2.691000000000000000e+03 1.033753803754181133e+00 1.000626937265344241e+00 6.572765570690852766e-01 4.918058516497531563e-01 5.845256220700549843e-01
2.692000000000000000e+03 1.000000000000000000e+00 1.000000000000000000e+00 1.000000000000000000e+00 4.035557656997293408e-01 5.793976355047814053e-01
2.692000000000000000e+03 1.008438450938545339e+00 1.000156734316336005e+00 9.143191392672713746e-01 4.035557656997293408e-01 5.793976355047814053e-01
2.693000000000000000e+03 1.000000000000000000e+00 1.000000000000000000e+00 1.000000000000000000e+00 7.199700578443322119e-01 3.189098332170496874e-01
2.693000000000000000e+03 1.016876901877090678e+00 1.000313468632672009e+00 8.286382785345426383e-01 7.199700578443322119e-01 3.189098332170496874e-01
2.694000000000000000e+03 1.000000000000000000e+00 1.000000000000000000e+00 1.000000000000000000e+00 3.697560988561341966e-01 3.417928539276985367e-01
2.694000000000000000e+03 1.025315352815635794e+00 1.000470202949008236e+00 7.429574178018139019e-01 3.697560988561341966e-01 3.417928539276985367e-01
2.695000000000000000e+03 1.000000000000000000e+00 1.000000000000000000e+00 1.000000000000000000e+00 5.285513698656968407e-01 5.346813225282399662e-01
2.695000000000000000e+03 1.033753803754181133e+00 1.000626937265344241e+00 6.572765570690852766e-01 5.285513698656968407e-01 5.346813225282399662e-01
2.696000000000000000e+03 1.000000000000000000e+00 1.000000000000000000e+00 1.000000000000000000e+00 5.189411039647090496e-01 5.620973786412414297e-01
2.696000000000000000e+03 1.008438450938545339e+00 1.000156734316336005e+00 9.143191392672713746e-01 5.189411039647090496e-01 5.620973786412414297e-01
2.697000000000000000e+03 1.000000000000000000e+00 1.000000000000000000e+00 1.000000000000000000e+00 4.343785339176925997e-01 2.848635943343753585e-01
2.697000000000000000e+03 1.016876901877090678e+00 1.000313468632672009e+00 8.286382785345426383e-01 4.343785339176925997e-01 2.848635943343753585e-01
2.698000000000000000e+03 1.000000000000000000e+00 1.000000000000000000e+00 1.000000000000000000e+00 7.916559191778163029e-01 4.110383528588934521e-01
2.698000000000000000e+03 1.025315352815635794e+00 1.000470202949008236e+00 7.429574178018139019e-01 7.916559191778163029e-01 4.110383528588934521e-01
2.699000000000000000e+03 1.000000000000000000e+00 1.000000000000000000e+00 1.000000000000000000e+00 3.613831078465669644e-01 5.422812850235082527e-01
2.699000000000000000e+03 1.033753803754181133e+00 1.000626937265344241e+00 6.572765570690852766e-01 3.613831078465669644e-01 5.422812850235082527e-01
