4.440000000000000000e+03 1.000000000000000000e+00 1.000000000000000000e+00 1.000000000000000000e+00 5.233135690625703162e-01 5.547338822951553006e-01
4.440000000000000000e+03 1.002398002974499214e+00 8.884684556684129264e-01 1.010625496694786740e+00 5.233135690625703162e-01 5.547338822951553006e-01
4.441000000000000000e+03 1.000000000000000000e+00 1.000000000000000000e+00 1.000000000000000000e+00 4.139862478249620170e-01 2.980632405669876306e-01
4.441000000000000000e+03 1.004796005948998427e+00 7.769369113368258528e-01 1.021250993389573480e+00 4.139862478249620170e-01 2.980632405669876306e-01
4.442000000000000000e+03 1.000000000000000000e+00 1.000000000000000000e+00 1.000000000000000000e+00 7.755381980019409038e-01 3.826361562687282114e-01
4.442000000000000000e+03 1.007194008923497419e+00 6.654053670052387792e-01 1.031876490084360443e+00 7.755381980019409038e-01 3.826361562687282114e-01
4.443000000000000000e+03 1.000000000000000000e+00 1.000000000000000000e+00 1.000000000000000000e+00 3.716646791359161650e-01 5.546636606188041219e-01
4.443000000000000000e+03 1.009592011897996633e+00 5.538738226736517056e-01 1.042501986779147183e+00 3.716646791359161650e-01 5.546636606188041219e-01
4.444000000000000000e+03 1.000000000000000000e+00 1.000000000000000000e+00 1.000000000000000000e+00 4.628443764527625515e-01 5.922938514330783333e-01
4.444000000000000000e+03 1.002398002974499214e+00 8.884684556684129264e-01 1.010625496694786740e+00 4.628443764527625515e-01 5.922938514330783333e-01
4.445000000000000000e+03 1.000000000000000000e+00 1.000000000000000000e+00 1.000000000000000000e+00 5.969080515211222515e-01 2.592822712721086775e-01
4.445000000000000000e+03 1.004796005948998427e+00 7.769369113368258528e-01 1.021250993389573480e+00 5.969080515211222515e-01 2.592822712721086775e-01
4.446000000000000000e+03 1.000000000000000000e+00 1.000000000000000000e+00 1.000000000000000000e+00 3.334942099195151721e-01 4.329681624658201500e-01
4.446000000000000000e+03 1.007194008923497419e+00 6.654053670052387792e-01 1.031876490084360443e+00 3.334942099195151721e-01 4.329681624658201500e-01
4.447000000000000000e+03 1.000000000000000000e+00 1.000000000000000000e+00 1.000000000000000000e+00 5.180819127856718387e-01 5.072794095602950470e-01
4.447000000000000000e+03 1.009592011897996633e+00 5.538738226736517056e-01 1.042501986779147183e+00 5.180819127856718387e-01 5.072794095602950470e-01
4.448000000000000000e+03 1.000000000000000000e+00 1.000000000000000000e+00 1.000000000000000000e+00 5.139094147831129167e-01 5.040683754652781623e-01
4.448000000000000000e+03 1.002398002974499214e+00 8.884684556684129264e-01 1.010625496694786740e+00 5.139094147831129167e-01 5.040683754652781623e-01
4.449000000000000000e+03 1.000000000000000000e+00 1.000000000000000000e+00 1.000000000000000000e+00 3.325246473418727033e-01 4.510150048425942693e-01
4.449000000000000000e+03 1.004796005948998427e+00 7.769369113368258528e-01 1.021250993389573480e+00 3.325246473418727033e-01 4.510150048425942693e-01
4.450000000000000000e+03 1.000000000000000000e+00 1.000000000000000000e+00 1.000000000000000000e+00 5.714433050034695150e-01 2.557416784043655134e-01
4.450000000000000000e+03 1.007194008923497419e+00 6.654053670052387792e-01 1.031876490084360443e+00 5.714433050034695150e-01 2.557416784043655134e-01
4.451000000000000000e+03 1.000000000000000000e+00 1.000000000000000000e+00 1.000000000000000000e+00 4.734733146886580535e-01 5.906923837206200512e-01
4.451000000000000000e+03 1.009592011897996633e+00 5.538738226736517056e-01 1.042501986779147183e+00 4.734733146886580535e-01 5.906923837206200512e-01
4.452000000000000000e+03 1.000000000000000000e+00 1.000000000000000000e+00 1.000000000000000000e+00 3.820265108023818135e-01 5.645786678793749402e-01
4.452000000000000000e+03 1.002398002974499214e+00 8.884684556684129264e-01 1.010625496694786740e+00 3.820265108023818135e-01 5.645786678793749402e-01
4.453000000000000000e+03 1.000000000000000000e+00 1.000000000000000000e+00 1.000000000000000000e+00 7.583218516005936216e-01 3.585946624622108336e-01
4.453000000000000000e+03 1.004796005948998427e+00 7.769369113368258528e-01 1.021250993389573480e+00 7.583218516005936216e-01 3.585946624622108336e-01
4.454000000000000000e+03 1.000000000000000000e+00 1.000000000000000000e+00 1.000000000000000000e+00 3.970079972914179467e-01 3.118523296008940959e-01
4.454000000000000000e+03 1.007194008923497419e+00 6.654053670052387792e-01 1.031876490084360443e+00 3.970079972914179467e-01 3.118523296008940959e-01
4.455000000000000000e+03 1.000000000000000000e+00 1.000000000000000000e+00 1.000000000000000000e+00 5.261653330501678827e-01 5.477993079961305245e-01
4.455000000000000000e+03 1.009592011897996633e+00 5.538738226736517056e-01 1.042501986779147183e+00 5.261653330501678827e-01 5.477993079961305245e-01
4.456000000000000000e+03 1.000000000000000000e+00 1.000000000000000000e+00 1.000000000000000000e+00 5.080403117424090453e-01 5.740570009223978643e-01
4.456000000000000000e+03 1.002398002974499214e+00 8.884684556684129264e-01 1.010625496694786740e+00 5.080403117424090453e-01 5.740570009223978643e-01
4.457000000000000000e+03 1.000000000000000000e+00 1.000000000000000000e+00 1.000000000000000000e+00 4.746900936603662968e-01 2.668777259899558496e-01
4.457000000000000000e+03 1.004796005948998427e+00 7.769369113368258528e-01 1.021250993389573480e+00 4.746900936603662968e-01 2.668777259899558496e-01
4.458000000000000000e+03 1.000000000000000000e+00 1.000000000000000000e+00 1.000000000000000000e+00 8.126549105538674045e-01 4.660552963617539679e-01
4.458000000000000000e+03 1.007194008923497419e+00 6.654053670052387792e-01 1.031876490084360443e+00 8.126549105538674045e-01 4.660552963617539679e-01
4.459000000000000000e+03 1.000000000000000000e+00 1.000000000000000000e+00 1.000000000000000000e+00 3.464103625337789927e-01 5.166751090410213187e-01
4.459000000000000000e+03 1.009592011897996633e+00 5.538738226736517056e-01 1.042501986779147183e+00 3.464103625337789927e-01 5.166751090410213187e-01
