5.200000000000000000e+02 1.000000000000000000e+00 1.000000000000000000e+00 1.000000000000000000e+00 5.222795420537283961e-01 5.567186116907505422e-01
5.200000000000000000e+02 1.012084936150863257e+00 9.945114001251954550e-01 9.094100486312814979e-01 5.222795420537283961e-01 5.567186116907505422e-01
5.210000000000000000e+02 1.000000000000000000e+00 1.000000000000000000e+00 1.000000000000000000e+00 4.192223782975076918e-01 2.943586745366120194e-01
5.210000000000000000e+02 1.024169872301726514e+00 9.890228002503909099e-01 8.188200972625628848e-01 4.192223782975076918e-01 2.943586745366120194e-01
5.220000000000000000e+02 1.000000000000000000e+00 1.000000000000000000e+00 1.000000000000000000e+00 7.801026823497065887e-01 3.899733384731257080e-01
5.220000000000000000e+02 1.036254808452589771e+00 9.835342003755863649e-01 7.282301458938442718e-01 7.801026823497065887e-01 3.899733384731257080e-01
5.230000000000000000e+02 1.000000000000000000e+00 1.000000000000000000e+00 1.000000000000000000e+00 3.688200314229307386e-01 5.515285818781102689e-01
5.230000000000000000e+02 1.048339744603453028e+00 9.780456005007818199e-01 6.376401945251257697e-01 3.688200314229307386e-01 5.515285818781102689e-01
5.240000000000000000e+02 1.000000000000000000e+00 1.000000000000000000e+00 1.000000000000000000e+00 4.596629323280800317e-01 5.925272926107802984e-01
5.240000000000000000e+02 1.012084936150863257e+00 9.945114001251954550e-01 9.094100486312814979e-01 4.596629323280800317e-01 5.925272926107802984e-01
5.250000000000000000e+02 1.000000000000000000e+00 1.000000000000000000e+00 1.000000000000000000e+00 6.042769396472233989e-01 2.608040578018528954e-01
5.250000000000000000e+02 1.024169872301726514e+00 9.890228002503909099e-01 8.188200972625628848e-01 6.042769396472233989e-01 2.608040578018528954e-01
5.260000000000000000e+02 1.000000000000000000e+00 1.000000000000000000e+00 1.000000000000000000e+00 3.341383825955362985e-01 4.276929963404282886e-01
5.260000000000000000e+02 1.036254808452589771e+00 9.835342003755863649e-01 7.282301458938442718e-01 3.341383825955362985e-01 4.276929963404282886e-01
5.270000000000000000e+02 1.000000000000000000e+00 1.000000000000000000e+00 1.000000000000000000e+00 5.191929678170967843e-01 5.083671316842682808e-01
5.270000000000000000e+02 1.048339744603453028e+00 9.780456005007818199e-01 6.376401945251257697e-01 5.191929678170967843e-01 5.083671316842682808e-01
5.280000000000000000e+02 1.000000000000000000e+00 1.000000000000000000e+00 1.000000000000000000e+00 5.254028590575372526e-01 5.176585293258780807e-01
5.280000000000000000e+02 1.012084936150863257e+00 9.945114001251954550e-01 9.094100486312814979e-01 5.254028590575372526e-01 5.176585293258780807e-01
5.290000000000000000e+02 1.000000000000000000e+00 1.000000000000000000e+00 1.000000000000000000e+00 3.432207385438859060e-01 3.910165513322071962e-01
5.290000000000000000e+02 1.024169872301726514e+00 9.890228002503909099e-01 8.188200972625628848e-01 3.432207385438859060e-01 3.910165513322071962e-01
5.300000000000000000e+02 1.000000000000000000e+00 1.000000000000000000e+00 1.000000000000000000e+00 6.546459083387501376e-01 2.775325373445974853e-01
5.300000000000000000e+02 1.036254808452589771e+00 9.835342003755863649e-01 7.282301458938442718e-01 6.546459083387501376e-01 2.775325373445974853e-01
5.310000000000000000e+02 1.000000000000000000e+00 1.000000000000000000e+00 1.000000000000000000e+00 4.366790110031645855e-01 5.910910602568256733e-01
5.310000000000000000e+02 1.048339744603453028e+00 9.780456005007818199e-01 6.376401945251257697e-01 4.366790110031645855e-01 5.910910602568256733e-01
5.320000000000000000e+02 1.000000000000000000e+00 1.000000000000000000e+00 1.000000000000000000e+00 3.514457891803479117e-01 5.267165745184587688e-01
5.320000000000000000e+02 1.012084936150863257e+00 9.945114001251954550e-01 9.094100486312814979e-01 3.514457891803479117e-01 5.267165745184587688e-01
5.330000000000000000e+02 1.000000000000000000e+00 1.000000000000000000e+00 1.000000000000000000e+00 8.060278256015607212e-01 4.449627502155973913e-01
5.330000000000000000e+02 1.024169872301726514e+00 9.890228002503909099e-01 8.188200972625628848e-01 8.060278256015607212e-01 4.449627502155973913e-01
5.340000000000000000e+02 1.000000000000000000e+00 1.000000000000000000e+00 1.000000000000000000e+00 4.591230878485693667e-01 2.727089817893935675e-01
5.340000000000000000e+02 1.036254808452589771e+00 9.835342003755863649e-01 7.282301458938442718e-01 4.591230878485693667e-01 2.727089817893935675e-01
5.350000000000000000e+02 1.000000000000000000e+00 1.000000000000000000e+00 1.000000000000000000e+00 5.125562368854867934e-01 5.698174034286977996e-01
5.350000000000000000e+02 1.048339744603453028e+00 9.780456005007818199e-01 6.376401945251257697e-01 5.125562368854867934e-01 5.698174034286977996e-01
5.360000000000000000e+02 1.000000000000000000e+00 1.000000000000000000e+00 1.000000000000000000e+00 5.275149843921789206e-01 5.428667066631920335e-01
5.360000000000000000e+02 1.012084936150863257e+00 9.945114001251954550e-01 9.094100486312814979e-01 5.275149843921789206e-01 5.428667066631920335e-01
5.370000000000000000e+02 1.000000000000000000e+00 1.000000000000000000e+00 1.000000000000000000e+00 3.860575799710382339e-01 3.224844969469041756e-01
5.370000000000000000e+02 1.024169872301726514e+00 9.890228002503909099e-01 8.188200972625628848e-01 3.860575799710382339e-01 3.224844969469041756e-01
5.380000000000000000e+02 1.000000000000000000e+00 1.000000000000000000e+00 1.000000000000000000e+00 7.448399012480476644e-01 3.428438621526468388e-01
5.380000000000000000e+02 1.036254808452589771e+00 9.835342003755863649e-01 7.282301458938442718e-01 7.448399012480476644e-01 3.428438621526468388e-01
5.390000000000000000e+02 1.000000000000000000e+00 1.000000000000000000e+00 1.000000000000000000e+00 3.898088951418561265e-01 5.707287022105703711e-01
5.390000000000000000e+02 1.048339744603453028e+00 9.780456005007818199e-01 6.376401945251257697e-01 3.898088951418561265e-01 5.707287022105703711e-01
