4.300000000000000000e+03 1.000000000000000000e+00 1.000000000000000000e+00 1.000000000000000000e+00 4.473589926405340811e-01 5.924278254685287903e-01
4.300000000000000000e+03 9.999747194899696323e-01 9.999989034737949423e-01 9.134203584652098584e-01 4.473589926405340811e-01 5.924278254685287903e-01
4.301000000000000000e+03 1.000000000000000000e+00 1.000000000000000000e+00 1.000000000000000000e+00 6.318248362777075799e-01 2.685400874513780289e-01
4.301000000000000000e+03 9.999494389799392646e-01 9.999978069475898845e-01 8.268407169304197168e-01 6.318248362777075799e-01 2.685400874513780289e-01
4.302000000000000000e+03 1.000000000000000000e+00 1.000000000000000000e+00 1.000000000000000000e+00 3.380561309914246193e-01 4.077670781814132228e-01
4.302000000000000000e+03 9.999241584699090080e-01 9.999967104213849378e-01 7.402610753956295753e-01 3.380561309914246193e-01 4.077670781814132228e-01
4.303000000000000000e+03 1.000000000000000000e+00 1.000000000000000000e+00 1.000000000000000000e+00 5.229117819284822000e-01 5.130490929003450606e-01
4.303000000000000000e+03 9.998988779598786403e-01 9.999956138951798801e-01 6.536814338608394337e-01 5.229117819284822000e-01 5.130490929003450606e-01
4.304000000000000000e+03 1.000000000000000000e+00 1.000000000000000000e+00 1.000000000000000000e+00 5.274828258416777160e-01 5.238173594341641870e-01
4.304000000000000000e+03 9.999747194899696323e-01 9.999989034737949423e-01 9.134203584652098584e-01 5.274828258416777160e-01 5.238173594341641870e-01
4.305000000000000000e+03 1.000000000000000000e+00 1.000000000000000000e+00 1.000000000000000000e+00 3.516045483285564766e-01 3.713964920778268786e-01
4.305000000000000000e+03 9.999494389799392646e-01 9.999978069475898845e-01 8.268407169304197168e-01 3.516045483285564766e-01 3.713964920778268786e-01
4.306000000000000000e+03 1.000000000000000000e+00 1.000000000000000000e+00 1.000000000000000000e+00 6.809965821661775331e-01 2.911482354136736284e-01
4.306000000000000000e+03 9.999241584699090080e-01 9.999967104213849378e-01 7.402610753956295753e-01 6.809965821661775331e-01 2.911482354136736284e-01
4.307000000000000000e+03 1.000000000000000000e+00 1.000000000000000000e+00 1.000000000000000000e+00 4.237895663218314013e-01 5.879391387565605642e-01
4.307000000000000000e+03 9.998988779598786403e-01 9.999956138951798801e-01 6.536814338608394337e-01 4.237895663218314013e-01 5.879391387565605642e-01
4.308000000000000000e+03 1.000000000000000000e+00 1.000000000000000000e+00 1.000000000000000000e+00 3.440304407461328706e-01 5.111442322667199001e-01
4.308000000000000000e+03 9.999747194899696323e-01 9.999989034737949423e-01 9.134203584652098584e-01 3.440304407461328706e-01 5.111442322667199001e-01
4.309000000000000000e+03 1.000000000000000000e+00 1.000000000000000000e+00 1.000000000000000000e+00 8.155626930794577234e-01 4.774526262482726158e-01
4.309000000000000000e+03 9.999494389799392646e-01 9.999978069475898845e-01 8.268407169304197168e-01 8.155626930794577234e-01 4.774526262482726158e-01
4.310000000000000000e+03 1.000000000000000000e+00 1.000000000000000000e+00 1.000000000000000000e+00 4.831541969907763301e-01 2.642338738333375736e-01
4.310000000000000000e+03 9.999241584699090080e-01 9.999967104213849378e-01 7.402610753956295753e-01 4.831541969907763301e-01 2.642338738333375736e-01
4.311000000000000000e+03 1.000000000000000000e+00 1.000000000000000000e+00 1.000000000000000000e+00 5.054426615242162413e-01 5.761729923410717769e-01
4.311000000000000000e+03 9.998988779598786403e-01 9.999956138951798801e-01 6.536814338608394337e-01 5.054426615242162413e-01 5.761729923410717769e-01
4.312000000000000000e+03 1.000000000000000000e+00 1.000000000000000000e+00 1.000000000000000000e+00 5.252274085898851474e-01 5.504067225923203743e-01
4.312000000000000000e+03 9.999747194899696323e-01 9.999989034737949423e-01 9.134203584652098584e-01 5.252274085898851474e-01 5.504067225923203743e-01
4.313000000000000000e+03 1.000000000000000000e+00 1.000000000000000000e+00 1.000000000000000000e+00 4.031638141515078155e-01 3.065122408601090864e-01
4.313000000000000000e+03 9.999494389799392646e-01 9.999978069475898845e-01 8.268407169304197168e-01 4.031638141515078155e-01 3.065122408601090864e-01
4.314000000000000000e+03 1.000000000000000000e+00 1.000000000000000000e+00 1.000000000000000000e+00 7.650282774136761832e-01 3.673594255222043525e-01
4.314000000000000000e+03 9.999241584699090080e-01 9.999967104213849378e-01 7.402610753956295753e-01 7.650282774136761832e-01 3.673594255222043525e-01
4.315000000000000000e+03 1.000000000000000000e+00 1.000000000000000000e+00 1.000000000000000000e+00 3.780527591338943005e-01 5.610317972191886104e-01
4.315000000000000000e+03 9.998988779598786403e-01 9.999956138951798801e-01 6.536814338608394337e-01 3.780527591338943005e-01 5.610317972191886104e-01
4.316000000000000000e+03 1.000000000000000000e+00 1.000000000000000000e+00 1.000000000000000000e+00 4.695609065207653199e-01 5.914335628465967609e-01
4.316000000000000000e+03 9.999747194899696323e-01 9.999989034737949423e-01 9.134203584652098584e-01 4.695609065207653199e-01 5.914335628465967609e-01
4.317000000000000000e+03 1.000000000000000000e+00 1.000000000000000000e+00 1.000000000000000000e+00 5.809776126891840198e-01 2.567578139593778008e-01
4.317000000000000000e+03 9.999494389799392646e-01 9.999978069475898845e-01 8.268407169304197168e-01 5.809776126891840198e-01 2.567578139593778008e-01
4.318000000000000000e+03 1.000000000000000000e+00 1.000000000000000000e+00 1.000000000000000000e+00 3.326621255563905200e-01 4.442916469157905945e-01
4.318000000000000000e+03 9.999241584699090080e-01 9.999967104213849378e-01 7.402610753956295753e-01 3.326621255563905200e-01 4.442916469157905945e-01
4.319000000000000000e+03 1.000000000000000000e+00 1.000000000000000000e+00 1.000000000000000000e+00 5.155292512495841528e-01 5.051698338742599548e-01
4.319000000000000000e+03 9.998988779598786403e-01 9.999956138951798801e-01 6.536814338608394337e-01 5.155292512495841528e-01 5.051698338742599548e-01
