1.880000000000000000e+03 1.000000000000000000e+00 1.000000000000000000e+00 1.000000000000000000e+00 5.237059161521876449e-01 5.539256509320745758e-01
1.880000000000000000e+03 9.957490427164185087e-01 8.951902735900318930e-01 1.009225605263705194e+00 5.237059161521876449e-01 5.539256509320745758e-01
1.881000000000000000e+03 1.000000000000000000e+00 1.000000000000000000e+00 1.000000000000000000e+00 4.119045397103053840e-01 2.996025544938026863e-01
1.881000000000000000e+03 9.914980854328370174e-01 7.903805471800637861e-01 1.018451210527410167e+00 4.119045397103053840e-01 2.996025544938026863e-01
1.882000000000000000e+03 1.000000000000000000e+00 1.000000000000000000e+00 1.000000000000000000e+00 7.736333427932586826e-01 3.797097676415518985e-01
1.882000000000000000e+03 9.872471281492555262e-01 6.855708207700955681e-01 1.027676815791115139e+00 7.736333427932586826e-01 3.797097676415518985e-01
1.883000000000000000e+03 1.000000000000000000e+00 1.000000000000000000e+00 1.000000000000000000e+00 3.728384517808640553e-01 5.559006882209410749e-01
1.883000000000000000e+03 9.829961708656740349e-01 5.807610943601274611e-01 1.036902421054820334e+00 3.728384517808640553e-01 5.559006882209410749e-01
1.884000000000000000e+03 1.000000000000000000e+00 1.000000000000000000e+00 1.000000000000000000e+00 4.641211916367871115e-01 5.921691781426868806e-01
1.884000000000000000e+03 9.957490427164185087e-01 8.951902735900318930e-01 1.009225605263705194e+00 4.641211916367871115e-01 5.921691781426868806e-01
1.885000000000000000e+03 1.000000000000000000e+00 1.000000000000000000e+00 1.000000000000000000e+00 5.939197242619963513e-01 2.587293393642462469e-01
1.885000000000000000e+03 9.914980854328370174e-01 7.903805471800637861e-01 1.018451210527410167e+00 5.939197242619963513e-01 2.587293393642462469e-01
1.886000000000000000e+03 1.000000000000000000e+00 1.000000000000000000e+00 1.000000000000000000e+00 3.332800806107796276e-01 4.351007336873953801e-01
1.886000000000000000e+03 9.872471281492555262e-01 6.855708207700955681e-01 1.027676815791115139e+00 3.332800806107796276e-01 4.351007336873953801e-01
1.887000000000000000e+03 1.000000000000000000e+00 1.000000000000000000e+00 1.000000000000000000e+00 5.176184368961533888e-01 5.068583504138211016e-01
1.887000000000000000e+03 9.829961708656740349e-01 5.807610943601274611e-01 1.036902421054820334e+00 5.176184368961533888e-01 5.068583504138211016e-01
1.888000000000000000e+03 1.000000000000000000e+00 1.000000000000000000e+00 1.000000000000000000e+00 5.133910688674622191e-01 5.037500751524983666e-01
1.888000000000000000e+03 9.957490427164185087e-01 8.951902735900318930e-01 1.009225605263705194e+00 5.133910688674622191e-01 5.037500751524983666e-01
1.889000000000000000e+03 1.000000000000000000e+00 1.000000000000000000e+00 1.000000000000000000e+00 3.325364084327483427e-01 4.531029927558352655e-01
1.889000000000000000e+03 9.914980854328370174e-01 7.903805471800637861e-01 1.018451210527410167e+00 3.325364084327483427e-01 4.531029927558352655e-01
1.890000000000000000e+03 1.000000000000000000e+00 1.000000000000000000e+00 1.000000000000000000e+00 5.684704732899980018e-01 2.555001470828537347e-01
1.890000000000000000e+03 9.872471281492555262e-01 6.855708207700955681e-01 1.027676815791115139e+00 5.684704732899980018e-01 2.555001470828537347e-01
1.891000000000000000e+03 1.000000000000000000e+00 1.000000000000000000e+00 1.000000000000000000e+00 4.746764588016684216e-01 5.904273302173568272e-01
1.891000000000000000e+03 9.829961708656740349e-01 5.807610943601274611e-01 1.036902421054820334e+00 4.746764588016684216e-01 5.904273302173568272e-01
1.892000000000000000e+03 1.000000000000000000e+00 1.000000000000000000e+00 1.000000000000000000e+00 3.832879704274765875e-01 5.656443900278227410e-01
1.892000000000000000e+03 9.957490427164185087e-01 8.951902735900318930e-01 1.009225605263705194e+00 3.832879704274765875e-01 5.656443900278227410e-01
1.893000000000000000e+03 1.000000000000000000e+00 1.000000000000000000e+00 1.000000000000000000e+00 7.561672434374755447e-01 3.559193726460506690e-01
1.893000000000000000e+03 9.914980854328370174e-01 7.903805471800637861e-01 1.018451210527410167e+00 7.561672434374755447e-01 3.559193726460506690e-01
1.894000000000000000e+03 1.000000000000000000e+00 1.000000000000000000e+00 1.000000000000000000e+00 3.951374913091140195e-01 3.135603634950004936e-01
1.894000000000000000e+03 9.872471281492555262e-01 6.855708207700955681e-01 1.027676815791115139e+00 3.951374913091140195e-01 3.135603634950004936e-01
1.895000000000000000e+03 1.000000000000000000e+00 1.000000000000000000e+00 1.000000000000000000e+00 5.264262713647593905e-01 5.469844226400473186e-01
1.895000000000000000e+03 9.829961708656740349e-01 5.807610943601274611e-01 1.036902421054820334e+00 5.264262713647593905e-01 5.469844226400473186e-01
1.896000000000000000e+03 1.000000000000000000e+00 1.000000000000000000e+00 1.000000000000000000e+00 5.088218354071247784e-01 5.733778509436744386e-01
1.896000000000000000e+03 9.957490427164185087e-01 8.951902735900318930e-01 1.009225605263705194e+00 5.088218354071247784e-01 5.733778509436744386e-01
1.897000000000000000e+03 1.000000000000000000e+00 1.000000000000000000e+00 1.000000000000000000e+00 4.720797302231164450e-01 2.677660827427471579e-01
1.897000000000000000e+03 9.914980854328370174e-01 7.903805471800637861e-01 1.018451210527410167e+00 4.720797302231164450e-01 2.677660827427471579e-01
1.898000000000000000e+03 1.000000000000000000e+00 1.000000000000000000e+00 1.000000000000000000e+00 8.116619504140419883e-01 4.625305130382371122e-01
1.898000000000000000e+03 9.872471281492555262e-01 6.855708207700955681e-01 1.027676815791115139e+00 8.116619504140419883e-01 4.625305130382371122e-01
1.899000000000000000e+03 1.000000000000000000e+00 1.000000000000000000e+00 1.000000000000000000e+00 3.471941158995364152e-01 5.183710525920042222e-01
1.899000000000000000e+03 9.829961708656740349e-01 5.807610943601274611e-01 1.036902421054820334e+00 3.471941158995364152e-01 5.183710525920042222e-01
