4.020000000000000000e+03 1.000000000000000000e+00 1.000000000000000000e+00 1.000000000000000000e+00 3.567897685718131040e-01 5.356389196357125293e-01
4.020000000000000000e+03 9.189856426510522036e-01 9.891605384389668965e-01 1.001259692196074802e+00 3.567897685718131040e-01 5.356389196357125293e-01
4.021000000000000000e+03 1.000000000000000000e+00 1.000000000000000000e+00 1.000000000000000000e+00 7.984746856181956787e-01 4.257223787158283534e-01
4.021000000000000000e+03 8.379712853021044072e-01 9.783210768779337929e-01 1.002519384392149604e+00 7.984746856181956787e-01 4.257223787158283534e-01
4.022000000000000000e+03 1.000000000000000000e+00 1.000000000000000000e+00 1.000000000000000000e+00 4.450417295400579398e-01 2.791575414768086572e-01
4.022000000000000000e+03 7.569569279531564998e-01 9.674816153169005783e-01 1.003779076588224628e+00 4.450417295400579398e-01 2.791575414768086572e-01
4.023000000000000000e+03 1.000000000000000000e+00 1.000000000000000000e+00 1.000000000000000000e+00 5.163195688114829984e-01 5.655780043331825047e-01
4.023000000000000000e+03 6.759425706042087034e-01 9.566421537558674748e-01 1.005038768784299430e+00 5.163195688114829984e-01 5.655780043331825047e-01
4.024000000000000000e+03 1.000000000000000000e+00 1.000000000000000000e+00 1.000000000000000000e+00 5.282836014065204200e-01 5.382585398309018831e-01
4.024000000000000000e+03 9.189856426510522036e-01 9.891605384389668965e-01 1.001259692196074802e+00 5.282836014065204200e-01 5.382585398309018831e-01
4.025000000000000000e+03 1.000000000000000000e+00 1.000000000000000000e+00 1.000000000000000000e+00 3.766017587239332554e-01 3.330821997853756766e-01
4.025000000000000000e+03 8.379712853021044072e-01 9.783210768779337929e-01 1.002519384392149604e+00 3.766017587239332554e-01 3.330821997853756766e-01
4.026000000000000000e+03 1.000000000000000000e+00 1.000000000000000000e+00 1.000000000000000000e+00 7.312474304064855435e-01 3.290444387891600098e-01
4.026000000000000000e+03 7.569569279531564998e-01 9.674816153169005783e-01 1.003779076588224628e+00 7.312474304064855435e-01 3.290444387891600098e-01
4.027000000000000000e+03 1.000000000000000000e+00 1.000000000000000000e+00 1.000000000000000000e+00 3.974118299772368967e-01 5.758409213412934990e-01
4.027000000000000000e+03 6.759425706042087034e-01 9.566421537558674748e-01 1.005038768784299430e+00 3.974118299772368967e-01 5.758409213412934990e-01
4.028000000000000000e+03 1.000000000000000000e+00 1.000000000000000000e+00 1.000000000000000000e+00 4.870167462387257618e-01 5.866104098840664305e-01
4.028000000000000000e+03 9.189856426510522036e-01 9.891605384389668965e-01 1.001259692196074802e+00 4.870167462387257618e-01 5.866104098840664305e-01
4.029000000000000000e+03 1.000000000000000000e+00 1.000000000000000000e+00 1.000000000000000000e+00 5.367028823991775166e-01 2.551575477942851222e-01
4.029000000000000000e+03 8.379712853021044072e-01 9.783210768779337929e-01 1.002519384392149604e+00 5.367028823991775166e-01 2.551575477942851222e-01
4.030000000000000000e+03 1.000000000000000000e+00 1.000000000000000000e+00 1.000000000000000000e+00 3.342735689551094014e-01 4.751569319197740393e-01
4.030000000000000000e+03 7.569569279531564998e-01 9.674816153169005783e-01 1.003779076588224628e+00 3.342735689551094014e-01 4.751569319197740393e-01
4.031000000000000000e+03 1.000000000000000000e+00 1.000000000000000000e+00 1.000000000000000000e+00 5.074943887232421513e-01 5.011234394423226268e-01
4.031000000000000000e+03 6.759425706042087034e-01 9.566421537558674748e-01 1.005038768784299430e+00 5.074943887232421513e-01 5.011234394423226268e-01
4.032000000000000000e+03 1.000000000000000000e+00 1.000000000000000000e+00 1.000000000000000000e+00 5.050529029658966662e-01 5.005054949385081553e-01
4.032000000000000000e+03 9.189856426510522036e-01 9.891605384389668965e-01 1.001259692196074802e+00 5.050529029658966662e-01 5.005054949385081553e-01
4.033000000000000000e+03 1.000000000000000000e+00 1.000000000000000000e+00 1.000000000000000000e+00 3.357417851240043216e-01 4.835675260758807714e-01
4.033000000000000000e+03 8.379712853021044072e-01 9.783210768779337929e-01 1.002519384392149604e+00 3.357417851240043216e-01 4.835675260758807714e-01
4.034000000000000000e+03 1.000000000000000000e+00 1.000000000000000000e+00 1.000000000000000000e+00 5.243959634169247375e-01 2.561391291689548155e-01
4.034000000000000000e+03 7.569569279531564998e-01 9.674816153169005783e-01 1.003779076588224628e+00 5.243959634169247375e-01 2.561391291689548155e-01
4.035000000000000000e+03 1.000000000000000000e+00 1.000000000000000000e+00 1.000000000000000000e+00 4.915310155686862803e-01 5.846555589209462278e-01
4.035000000000000000e+03 6.759425706042087034e-01 9.566421537558674748e-01 1.005038768784299430e+00 4.915310155686862803e-01 5.846555589209462278e-01
4.036000000000000000e+03 1.000000000000000000e+00 1.000000000000000000e+00 1.000000000000000000e+00 4.031916962764434675e-01 5.792003136589954915e-01
4.036000000000000000e+03 9.189856426510522036e-01 9.891605384389668965e-01 1.001259692196074802e+00 4.031916962764434675e-01 5.792003136589954915e-01
4.037000000000000000e+03 1.000000000000000000e+00 1.000000000000000000e+00 1.000000000000000000e+00 7.206455342206481429e-01 3.194866055329953491e-01
4.037000000000000000e+03 8.379712853021044072e-01 9.783210768779337929e-01 1.002519384392149604e+00 7.206455342206481429e-01 3.194866055329953491e-01
4.038000000000000000e+03 1.000000000000000000e+00 1.000000000000000000e+00 1.000000000000000000e+00 3.701431459369999288e-01 3.412730810278977178e-01
4.038000000000000000e+03 7.569569279531564998e-01 9.674816153169005783e-01 1.003779076588224628e+00 3.701431459369999288e-01 3.412730810278977178e-01
4.039000000000000000e+03 1.000000000000000000e+00 1.000000000000000000e+00 1.000000000000000000e+00 5.285437732549909118e-01 5.348896884750107272e-01
4.039000000000000000e+03 6.759425706042087034e-01 9.566421537558674748e-01 1.005038768784299430e+00 5.285437732549909118e-01 5.348896884750107272e-01
