4.360000000000000000e+03 1.000000000000000000e+00 1.000000000000000000e+00 1.000000000000000000e+00 5.214654749608697015e-01 5.581572411290238733e-01
4.360000000000000000e+03 8.948722904284736046e-01 9.931085374136708888e-01 1.017816644877409749e+00 5.214654749608697015e-01 5.581572411290238733e-01
4.361000000000000000e+03 1.000000000000000000e+00 1.000000000000000000e+00 1.000000000000000000e+00 4.231327698786245817e-01 2.917406418801242185e-01
4.361000000000000000e+03 7.897445808569472092e-01 9.862170748273417775e-01 1.035633289754819497e+00 4.231327698786245817e-01 2.917406418801242185e-01
4.362000000000000000e+03 1.000000000000000000e+00 1.000000000000000000e+00 1.000000000000000000e+00 7.833104166153017633e-01 3.954318922983717233e-01
4.362000000000000000e+03 6.846168712854207028e-01 9.793256122410127773e-01 1.053449934632229468e+00 7.833104166153017633e-01 3.954318922983717233e-01
4.363000000000000000e+03 1.000000000000000000e+00 1.000000000000000000e+00 1.000000000000000000e+00 3.667917003755500893e-01 5.491663525411225599e-01
4.363000000000000000e+03 5.794891617138943074e-01 9.724341496546836661e-01 1.071266579509639216e+00 3.667917003755500893e-01 5.491663525411225599e-01
4.364000000000000000e+03 1.000000000000000000e+00 1.000000000000000000e+00 1.000000000000000000e+00 4.573141863210226088e-01 5.926300578732345281e-01
4.364000000000000000e+03 8.948722904284736046e-01 9.931085374136708888e-01 1.017816644877409749e+00 4.573141863210226088e-01 5.926300578732345281e-01
4.365000000000000000e+03 1.000000000000000000e+00 1.000000000000000000e+00 1.000000000000000000e+00 6.096490817100348458e-01 2.620567605684471779e-01
4.365000000000000000e+03 7.897445808569472092e-01 9.862170748273417775e-01 1.035633289754819497e+00 6.096490817100348458e-01 2.620567605684471779e-01
4.366000000000000000e+03 1.000000000000000000e+00 1.000000000000000000e+00 1.000000000000000000e+00 3.347133513476063249e-01 4.238325523054938815e-01
4.366000000000000000e+03 6.846168712854207028e-01 9.793256122410127773e-01 1.053449934632229468e+00 3.347133513476063249e-01 4.238325523054938815e-01
4.367000000000000000e+03 1.000000000000000000e+00 1.000000000000000000e+00 1.000000000000000000e+00 5.199734670940754366e-01 5.092041796634485529e-01
4.367000000000000000e+03 5.794891617138943074e-01 9.724341496546836661e-01 1.071266579509639216e+00 5.199734670940754366e-01 5.092041796634485529e-01
4.368000000000000000e+03 1.000000000000000000e+00 1.000000000000000000e+00 1.000000000000000000e+00 5.258851076498965993e-01 5.188005654965062163e-01
4.368000000000000000e+03 8.948722904284736046e-01 9.931085374136708888e-01 1.017816644877409749e+00 5.258851076498965993e-01 5.188005654965062163e-01
4.369000000000000000e+03 1.000000000000000000e+00 1.000000000000000000e+00 1.000000000000000000e+00 3.446577483525740671e-01 3.871736515075359097e-01
4.369000000000000000e+03 7.897445808569472092e-01 9.862170748273417775e-01 1.035633289754819497e+00 3.446577483525740671e-01 3.871736515075359097e-01
4.370000000000000000e+03 1.000000000000000000e+00 1.000000000000000000e+00 1.000000000000000000e+00 6.598392399904429162e-01 2.799291763538094280e-01
4.370000000000000000e+03 6.846168712854207028e-01 9.793256122410127773e-01 1.053449934632229468e+00 6.598392399904429162e-01 2.799291763538094280e-01
4.371000000000000000e+03 1.000000000000000000e+00 1.000000000000000000e+00 1.000000000000000000e+00 4.341865430055148467e-01 5.906136796486612939e-01
4.371000000000000000e+03 5.794891617138943074e-01 9.724341496546836661e-01 1.071266579509639216e+00 4.341865430055148467e-01 5.906136796486612939e-01
4.372000000000000000e+03 1.000000000000000000e+00 1.000000000000000000e+00 1.000000000000000000e+00 3.498827376289082580e-01 5.237998445214241405e-01
4.372000000000000000e+03 8.948722904284736046e-01 9.931085374136708888e-01 1.017816644877409749e+00 3.498827376289082580e-01 5.237998445214241405e-01
4.373000000000000000e+03 1.000000000000000000e+00 1.000000000000000000e+00 1.000000000000000000e+00 8.081435555276046401e-01 4.511463998476960557e-01
4.373000000000000000e+03 7.897445808569472092e-01 9.862170748273417775e-01 1.035633289754819497e+00 8.081435555276046401e-01 4.511463998476960557e-01
4.374000000000000000e+03 1.000000000000000000e+00 1.000000000000000000e+00 1.000000000000000000e+00 4.636732776631359298e-01 2.708695910506517812e-01
4.374000000000000000e+03 6.846168712854207028e-01 9.793256122410127773e-01 1.053449934632229468e+00 4.636732776631359298e-01 2.708695910506517812e-01
4.375000000000000000e+03 1.000000000000000000e+00 1.000000000000000000e+00 1.000000000000000000e+00 5.112729667059842109e-01 5.711041157928352652e-01
4.375000000000000000e+03 5.794891617138943074e-01 9.724341496546836661e-01 1.071266579509639216e+00 5.112729667059842109e-01 5.711041157928352652e-01
4.376000000000000000e+03 1.000000000000000000e+00 1.000000000000000000e+00 1.000000000000000000e+00 5.271726432586050226e-01 5.443264595853959387e-01
4.376000000000000000e+03 8.948722904284736046e-01 9.931085374136708888e-01 1.017816644877409749e+00 5.271726432586050226e-01 5.443264595853959387e-01
4.377000000000000000e+03 1.000000000000000000e+00 1.000000000000000000e+00 1.000000000000000000e+00 3.892066604324194712e-01 3.192639397671345192e-01
4.377000000000000000e+03 7.897445808569472092e-01 9.862170748273417775e-01 1.035633289754819497e+00 3.892066604324194712e-01 3.192639397671345192e-01
4.378000000000000000e+03 1.000000000000000000e+00 1.000000000000000000e+00 1.000000000000000000e+00 7.489408605566001409e-01 3.473963122779317736e-01
4.378000000000000000e+03 6.846168712854207028e-01 9.793256122410127773e-01 1.053449934632229468e+00 7.489408605566001409e-01 3.473963122779317736e-01
4.379000000000000000e+03 1.000000000000000000e+00 1.000000000000000000e+00 1.000000000000000000e+00 3.874687400908693458e-01 5.689829914130928312e-01
4.379000000000000000e+03 5.794891617138943074e-01 9.724341496546836661e-01 1.071266579509639216e+00 3.874687400908693458e-01 5.689829914130928312e-01
