4.040000000000000000e+03 1.000000000000000000e+00 1.000000000000000000e+00 1.000000000000000000e+00 5.187956303152843063e-01 5.623047882154075250e-01
4.040000000000000000e+03 1.000868839551400491e+00 9.227993077291876123e-01 1.003024633259664622e+00 5.187956303152843063e-01 5.623047882154075250e-01
4.041000000000000000e+03 1.000000000000000000e+00 1.000000000000000000e+00 1.000000000000000000e+00 4.349937443717477592e-01 2.845136916583562714e-01
4.041000000000000000e+03 1.001737679102800982e+00 8.455986154583751135e-01 1.006049266519329022e+00 4.349937443717477592e-01 2.845136916583562714e-01
4.042000000000000000e+03 1.000000000000000000e+00 1.000000000000000000e+00 1.000000000000000000e+00 7.920770684047617749e-01 4.118884317152637919e-01
4.042000000000000000e+03 1.002606518654201695e+00 7.683979231875626148e-01 1.009073899778993422e+00 7.920770684047617749e-01 4.118884317152637919e-01
4.043000000000000000e+03 1.000000000000000000e+00 1.000000000000000000e+00 1.000000000000000000e+00 3.611044517214743732e-01 5.419009429717682735e-01
4.043000000000000000e+03 1.003475358205602186e+00 6.911972309167502271e-01 1.012098533038658044e+00 3.611044517214743732e-01 5.419009429717682735e-01
4.044000000000000000e+03 1.000000000000000000e+00 1.000000000000000000e+00 1.000000000000000000e+00 4.503244181270928959e-01 5.925945404389683091e-01
4.044000000000000000e+03 1.000868839551400491e+00 9.227993077291876123e-01 1.003024633259664622e+00 4.503244181270928959e-01 5.925945404389683091e-01
4.045000000000000000e+03 1.000000000000000000e+00 1.000000000000000000e+00 1.000000000000000000e+00 6.253154269849620084e-01 2.664139214056362448e-01
4.045000000000000000e+03 1.001737679102800982e+00 8.455986154583751135e-01 1.006049266519329022e+00 6.253154269849620084e-01 2.664139214056362448e-01
4.046000000000000000e+03 1.000000000000000000e+00 1.000000000000000000e+00 1.000000000000000000e+00 3.369096904833339678e-01 4.125044955710654992e-01
4.046000000000000000e+03 1.002606518654201695e+00 7.683979231875626148e-01 1.009073899778993422e+00 3.369096904833339678e-01 4.125044955710654992e-01
4.047000000000000000e+03 1.000000000000000000e+00 1.000000000000000000e+00 1.000000000000000000e+00 5.220987713612704750e-01 5.118556593168797075e-01
4.047000000000000000e+03 1.003475358205602186e+00 6.911972309167502271e-01 1.012098533038658044e+00 5.220987713612704750e-01 5.118556593168797075e-01
4.048000000000000000e+03 1.000000000000000000e+00 1.000000000000000000e+00 1.000000000000000000e+00 5.270815892437907824e-01 5.222948957733876130e-01
4.048000000000000000e+03 1.000868839551400491e+00 9.227993077291876123e-01 1.003024633259664622e+00 5.270815892437907824e-01 5.222948957733876130e-01
4.049000000000000000e+03 1.000000000000000000e+00 1.000000000000000000e+00 1.000000000000000000e+00 3.493925872121476095e-01 3.760125729484433688e-01
4.049000000000000000e+03 1.001737679102800982e+00 8.455986154583751135e-01 1.006049266519329022e+00 3.493925872121476095e-01 3.760125729484433688e-01
4.050000000000000000e+03 1.000000000000000000e+00 1.000000000000000000e+00 1.000000000000000000e+00 6.748336926906409738e-01 2.876296754401167499e-01
4.050000000000000000e+03 1.002606518654201695e+00 7.683979231875626148e-01 1.009073899778993422e+00 6.748336926906409738e-01 2.876296754401167499e-01
4.051000000000000000e+03 1.000000000000000000e+00 1.000000000000000000e+00 1.000000000000000000e+00 4.268588385875278779e-01 5.888445010158216419e-01
4.051000000000000000e+03 1.003475358205602186e+00 6.911972309167502271e-01 1.012098533038658044e+00 4.268588385875278779e-01 5.888445010158216419e-01
4.052000000000000000e+03 1.000000000000000000e+00 1.000000000000000000e+00 1.000000000000000000e+00 3.456454831563392505e-01 5.149635551750137985e-01
4.052000000000000000e+03 1.000868839551400491e+00 9.227993077291876123e-01 1.003024633259664622e+00 3.456454831563392505e-01 5.149635551750137985e-01
4.053000000000000000e+03 1.000000000000000000e+00 1.000000000000000000e+00 1.000000000000000000e+00 8.136079427861377944e-01 4.695979758081456068e-01
4.053000000000000000e+03 1.001737679102800982e+00 8.455986154583751135e-01 1.006049266519329022e+00 8.136079427861377944e-01 4.695979758081456068e-01
4.054000000000000000e+03 1.000000000000000000e+00 1.000000000000000000e+00 1.000000000000000000e+00 4.773172103165658764e-01 2.660187701851007280e-01
4.054000000000000000e+03 1.002606518654201695e+00 7.683979231875626148e-01 1.009073899778993422e+00 4.773172103165658764e-01 2.660187701851007280e-01
4.055000000000000000e+03 1.000000000000000000e+00 1.000000000000000000e+00 1.000000000000000000e+00 5.072443206665935289e-01 5.747278038724221716e-01
4.055000000000000000e+03 1.003475358205602186e+00 6.911972309167502271e-01 1.012098533038658044e+00 5.072443206665935289e-01 5.747278038724221716e-01
4.056000000000000000e+03 1.000000000000000000e+00 1.000000000000000000e+00 1.000000000000000000e+00 5.258891054206261684e-01 5.486143402098118127e-01
4.056000000000000000e+03 1.000868839551400491e+00 9.227993077291876123e-01 1.003024633259664622e+00 5.258891054206261684e-01 5.486143402098118127e-01
4.057000000000000000e+03 1.000000000000000000e+00 1.000000000000000000e+00 1.000000000000000000e+00 3.989039613858385014e-01 3.101627253934581274e-01
4.057000000000000000e+03 1.001737679102800982e+00 8.455986154583751135e-01 1.006049266519329022e+00 3.989039613858385014e-01 3.101627253934581274e-01
4.058000000000000000e+03 1.000000000000000000e+00 1.000000000000000000e+00 1.000000000000000000e+00 7.604487418049068470e-01 3.613004947890708363e-01
4.058000000000000000e+03 1.002606518654201695e+00 7.683979231875626148e-01 1.009073899778993422e+00 7.604487418049068470e-01 3.613004947890708363e-01
4.059000000000000000e+03 1.000000000000000000e+00 1.000000000000000000e+00 1.000000000000000000e+00 3.807741925918231018e-01 5.634925720173937780e-01
4.059000000000000000e+03 1.003475358205602186e+00 6.911972309167502271e-01 1.012098533038658044e+00 3.807741925918231018e-01 5.634925720173937780e-01
