2.920000000000000000e+03 1.000000000000000000e+00 1.000000000000000000e+00 1.000000000000000000e+00 5.083024314345141459e-01 5.738315330129397651e-01
2.920000000000000000e+03 9.795938199938529767e-01 1.001309515466810574e+00 9.100914407635859460e-01 5.083024314345141459e-01 5.738315330129397651e-01
2.921000000000000000e+03 1.000000000000000000e+00 1.000000000000000000e+00 1.000000000000000000e+00 4.738180947717055003e-01 2.671705914765443168e-01
2.921000000000000000e+03 9.591876399877058423e-01 1.002619030933621147e+00 8.201828815271718920e-01 4.738180947717055003e-01 2.671705914765443168e-01
2.922000000000000000e+03 1.000000000000000000e+00 1.000000000000000000e+00 1.000000000000000000e+00 8.123283462787136422e-01 4.648783578748152956e-01
2.922000000000000000e+03 9.387814599815587080e-01 1.003928546400431498e+00 7.302743222907579490e-01 8.123283462787136422e-01 4.648783578748152956e-01
2.923000000000000000e+03 1.000000000000000000e+00 1.000000000000000000e+00 1.000000000000000000e+00 3.466695292318022759e-01 5.172421683314042395e-01
2.923000000000000000e+03 9.183752799754116847e-01 1.005238061867242072e+00 6.403657630543438950e-01 3.466695292318022759e-01 5.172421683314042395e-01
2.924000000000000000e+03 1.000000000000000000e+00 1.000000000000000000e+00 1.000000000000000000e+00 4.287174832078053388e-01 5.893452765093718515e-01
2.924000000000000000e+03 9.795938199938529767e-01 1.001309515466810574e+00 9.100914407635859460e-01 4.287174832078053388e-01 5.893452765093718515e-01
2.925000000000000000e+03 1.000000000000000000e+00 1.000000000000000000e+00 1.000000000000000000e+00 6.710682955963056529e-01 2.855835503592585312e-01
2.925000000000000000e+03 9.591876399877058423e-01 1.002619030933621147e+00 8.201828815271718920e-01 6.710682955963056529e-01 2.855835503592585312e-01
2.926000000000000000e+03 1.000000000000000000e+00 1.000000000000000000e+00 1.000000000000000000e+00 3.481191369249433398e-01 3.788245938057497875e-01
2.926000000000000000e+03 9.387814599815587080e-01 1.003928546400431498e+00 7.302743222907579490e-01 3.481191369249433398e-01 3.788245938057497875e-01
2.927000000000000000e+03 1.000000000000000000e+00 1.000000000000000000e+00 1.000000000000000000e+00 5.268096899436871539e-01 5.213896273901390543e-01
2.927000000000000000e+03 9.183752799754116847e-01 1.005238061867242072e+00 6.403657630543438950e-01 5.268096899436871539e-01 5.213896273901390543e-01
2.928000000000000000e+03 1.000000000000000000e+00 1.000000000000000000e+00 1.000000000000000000e+00 5.215840082311941073e-01 5.111565551780722361e-01
2.928000000000000000e+03 9.795938199938529767e-01 1.001309515466810574e+00 9.100914407635859460e-01 5.215840082311941073e-01 5.111565551780722361e-01
2.929000000000000000e+03 1.000000000000000000e+00 1.000000000000000000e+00 1.000000000000000000e+00 3.362807864392705071e-01 4.153751972184167585e-01
2.929000000000000000e+03 9.591876399877058423e-01 1.002619030933621147e+00 8.201828815271718920e-01 3.362807864392705071e-01 4.153751972184167585e-01
2.930000000000000000e+03 1.000000000000000000e+00 1.000000000000000000e+00 1.000000000000000000e+00 6.213589265833389108e-01 2.652131837745028142e-01
2.930000000000000000e+03 9.387814599815587080e-01 1.003928546400431498e+00 7.302743222907579490e-01 6.213589265833389108e-01 2.652131837745028142e-01
2.931000000000000000e+03 1.000000000000000000e+00 1.000000000000000000e+00 1.000000000000000000e+00 4.521093210201722612e-01 5.926516108959618556e-01
2.931000000000000000e+03 9.183752799754116847e-01 1.005238061867242072e+00 6.403657630543438950e-01 4.521093210201722612e-01 5.926516108959618556e-01
2.932000000000000000e+03 1.000000000000000000e+00 1.000000000000000000e+00 1.000000000000000000e+00 3.625079278812958217e-01 5.437894763530082276e-01
2.932000000000000000e+03 9.795938199938529767e-01 1.001309515466810574e+00 9.100914407635859460e-01 3.625079278812958217e-01 5.437894763530082276e-01
2.933000000000000000e+03 1.000000000000000000e+00 1.000000000000000000e+00 1.000000000000000000e+00 7.899467357348960439e-01 4.076556521954700640e-01
2.933000000000000000e+03 9.591876399877058423e-01 1.002619030933621147e+00 8.201828815271718920e-01 7.899467357348960439e-01 4.076556521954700640e-01
2.934000000000000000e+03 1.000000000000000000e+00 1.000000000000000000e+00 1.000000000000000000e+00 4.319330879212309737e-01 2.862805960731998889e-01
2.934000000000000000e+03 9.387814599815587080e-01 1.003928546400431498e+00 7.302743222907579490e-01 4.319330879212309737e-01 2.862805960731998889e-01
2.935000000000000000e+03 1.000000000000000000e+00 1.000000000000000000e+00 1.000000000000000000e+00 5.195120406272473179e-01 5.612647403106083566e-01
2.935000000000000000e+03 9.183752799754116847e-01 1.005238061867242072e+00 6.403657630543438950e-01 5.195120406272473179e-01 5.612647403106083566e-01
2.936000000000000000e+03 1.000000000000000000e+00 1.000000000000000000e+00 1.000000000000000000e+00 5.285716853417510297e-01 5.338507301471857591e-01
2.936000000000000000e+03 9.795938199938529767e-01 1.001309515466810574e+00 9.100914407635859460e-01 5.285716853417510297e-01 5.338507301471857591e-01
2.937000000000000000e+03 1.000000000000000000e+00 1.000000000000000000e+00 1.000000000000000000e+00 3.682275887677619042e-01 3.438806713670355397e-01
2.937000000000000000e+03 9.591876399877058423e-01 1.002619030933621147e+00 8.201828815271718920e-01 3.682275887677619042e-01 3.438806713670355397e-01
2.938000000000000000e+03 1.000000000000000000e+00 1.000000000000000000e+00 1.000000000000000000e+00 7.172536278758537831e-01 3.166272258225183434e-01
2.938000000000000000e+03 9.387814599815587080e-01 1.003928546400431498e+00 7.302743222907579490e-01 7.172536278758537831e-01 3.166272258225183434e-01
2.939000000000000000e+03 1.000000000000000000e+00 1.000000000000000000e+00 1.000000000000000000e+00 4.050149706099248625e-01 5.801720482869945350e-01
2.939000000000000000e+03 9.183752799754116847e-01 1.005238061867242072e+00 6.403657630543438950e-01 4.050149706099248625e-01 5.801720482869945350e-01
