1.800000000000000000e+02 1.000000000000000000e+00 1.000000000000000000e+00 1.000000000000000000e+00 3.548643081567688928e-01 5.325913094733344400e-01
1.800000000000000000e+02 1.009100086801136831e+00 8.922648523040208612e-01 9.843441569078081876e-01 3.548643081567688928e-01 5.325913094733344400e-01
1.810000000000000000e+02 1.000000000000000000e+00 1.000000000000000000e+00 1.000000000000000000e+00 8.012480326493957028e-01 4.323524921015663436e-01
1.810000000000000000e+02 1.018200173602273662e+00 7.845297046080418335e-01 9.686883138156164863e-01 8.012480326493957028e-01 4.323524921015663436e-01
1.820000000000000000e+02 1.000000000000000000e+00 1.000000000000000000e+00 1.000000000000000000e+00 4.498805913141159518e-01 2.768081377536866228e-01
1.820000000000000000e+02 1.027300260403410270e+00 6.767945569120628058e-01 9.530324707234247850e-01 4.498805913141159518e-01 2.768081377536866228e-01
1.830000000000000000e+02 1.000000000000000000e+00 1.000000000000000000e+00 1.000000000000000000e+00 5.150632102607848317e-01 5.670795214401488371e-01
1.830000000000000000e+02 1.036400347204547101e+00 5.690594092160836670e-01 9.373766276312329726e-01 5.150632102607848317e-01 5.670795214401488371e-01
1.840000000000000000e+02 1.000000000000000000e+00 1.000000000000000000e+00 1.000000000000000000e+00 5.280706493316199568e-01 5.398572596411397306e-01
1.840000000000000000e+02 1.009100086801136831e+00 8.922648523040208612e-01 9.843441569078081876e-01 5.280706493316199568e-01 5.398572596411397306e-01
1.850000000000000000e+02 1.000000000000000000e+00 1.000000000000000000e+00 1.000000000000000000e+00 3.798000400415247890e-01 3.293291702546068955e-01
1.850000000000000000e+02 1.018200173602273662e+00 7.845297046080418335e-01 9.686883138156164863e-01 3.798000400415247890e-01 3.293291702546068955e-01
1.860000000000000000e+02 1.000000000000000000e+00 1.000000000000000000e+00 1.000000000000000000e+00 7.360776147975197636e-01 3.337353847280971619e-01
1.860000000000000000e+02 1.027300260403410270e+00 6.767945569120628058e-01 9.530324707234247850e-01 7.360776147975197636e-01 3.337353847280971619e-01
1.870000000000000000e+02 1.000000000000000000e+00 1.000000000000000000e+00 1.000000000000000000e+00 3.947359553067336102e-01 5.741353046450475839e-01
1.870000000000000000e+02 1.036400347204547101e+00 5.690594092160836670e-01 9.373766276312329726e-01 3.947359553067336102e-01 5.741353046450475839e-01
1.880000000000000000e+02 1.000000000000000000e+00 1.000000000000000000e+00 1.000000000000000000e+00 4.848271323725232840e-01 5.874433907620185691e-01
1.880000000000000000e+02 1.009100086801136831e+00 8.922648523040208612e-01 9.843441569078081876e-01 4.848271323725232840e-01 5.874433907620185691e-01
1.890000000000000000e+02 1.000000000000000000e+00 1.000000000000000000e+00 1.000000000000000000e+00 5.425267698291249552e-01 2.549121864557508665e-01
1.890000000000000000e+02 1.018200173602273662e+00 7.845297046080418335e-01 9.686883138156164863e-01 5.425267698291249552e-01 2.549121864557508665e-01
1.900000000000000000e+02 1.000000000000000000e+00 1.000000000000000000e+00 1.000000000000000000e+00 3.337343978468661487e-01 4.711501812716992199e-01
1.900000000000000000e+02 1.027300260403410270e+00 6.767945569120628058e-01 9.530324707234247850e-01 3.337343978468661487e-01 4.711501812716992199e-01
1.910000000000000000e+02 1.000000000000000000e+00 1.000000000000000000e+00 1.000000000000000000e+00 5.086211793709032314e-01 5.014959165266525964e-01
1.910000000000000000e+02 1.036400347204547101e+00 5.690594092160836670e-01 9.373766276312329726e-01 5.086211793709032314e-01 5.014959165266525964e-01
1.920000000000000000e+02 1.000000000000000000e+00 1.000000000000000000e+00 1.000000000000000000e+00 5.062029970912419463e-01 5.007650667199951000e-01
1.920000000000000000e+02 1.009100086801136831e+00 8.922648523040208612e-01 9.843441569078081876e-01 5.062029970912419463e-01 5.007650667199951000e-01
1.930000000000000000e+02 1.000000000000000000e+00 1.000000000000000000e+00 1.000000000000000000e+00 3.350002773729644501e-01 4.796492252481303065e-01
1.930000000000000000e+02 1.018200173602273662e+00 7.845297046080418335e-01 9.686883138156164863e-01 3.350002773729644501e-01 4.796492252481303065e-01
1.940000000000000000e+02 1.000000000000000000e+00 1.000000000000000000e+00 1.000000000000000000e+00 5.301436287678068515e-01 2.556019146050676483e-01
1.940000000000000000e+02 1.027300260403410270e+00 6.767945569120628058e-01 9.530324707234247850e-01 5.301436287678068515e-01 2.556019146050676483e-01
1.950000000000000000e+02 1.000000000000000000e+00 1.000000000000000000e+00 1.000000000000000000e+00 4.894420792640676310e-01 5.856013598591387481e-01
1.950000000000000000e+02 1.036400347204547101e+00 5.690594092160836670e-01 9.373766276312329726e-01 4.894420792640676310e-01 5.856013598591387481e-01
1.960000000000000000e+02 1.000000000000000000e+00 1.000000000000000000e+00 1.000000000000000000e+00 4.004712635121409625e-01 5.776729883108041586e-01
1.960000000000000000e+02 1.009100086801136831e+00 8.922648523040208612e-01 9.843441569078081876e-01 4.004712635121409625e-01 5.776729883108041586e-01
1.970000000000000000e+02 1.000000000000000000e+00 1.000000000000000000e+00 1.000000000000000000e+00 7.256641649081159162e-01 3.238899571962954305e-01
1.970000000000000000e+02 1.018200173602273662e+00 7.845297046080418335e-01 9.686883138156164863e-01 7.256641649081159162e-01 3.238899571962954305e-01
1.980000000000000000e+02 1.000000000000000000e+00 1.000000000000000000e+00 1.000000000000000000e+00 3.731084844427455804e-01 3.374035493020125509e-01
1.980000000000000000e+02 1.027300260403410270e+00 6.767945569120628058e-01 9.530324707234247850e-01 3.731084844427455804e-01 3.374035493020125509e-01
1.990000000000000000e+02 1.000000000000000000e+00 1.000000000000000000e+00 1.000000000000000000e+00 5.284544610643540086e-01 5.364610222777305149e-01
1.990000000000000000e+02 1.036400347204547101e+00 5.690594092160836670e-01 9.373766276312329726e-01 5.284544610643540086e-01 5.364610222777305149e-01
