2.860000000000000000e+03 1.000000000000000000e+00 1.000000000000000000e+00 1.000000000000000000e+00 4.227662165960321405e-01 5.876153680062727869e-01
2.860000000000000000e+03 9.933336085534505422e-01 9.989640088880125113e-01 9.010657251315579153e-01 4.227662165960321405e-01 5.876153680062727869e-01
2.861000000000000000e+03 1.000000000000000000e+00 1.000000000000000000e+00 1.000000000000000000e+00 6.830363174583664598e-01 2.923603686647326949e-01
2.861000000000000000e+03 9.866672171069010844e-01 9.979280177760251336e-01 8.021314502631158305e-01 6.830363174583664598e-01 2.923603686647326949e-01
2.862000000000000000e+03 1.000000000000000000e+00 1.000000000000000000e+00 1.000000000000000000e+00 3.523725003292300095e-01 3.698649495688327571e-01
2.862000000000000000e+03 9.800008256603516266e-01 9.968920266640377559e-01 7.031971753946736348e-01 3.523725003292300095e-01 3.698649495688327571e-01
2.863000000000000000e+03 1.000000000000000000e+00 1.000000000000000000e+00 1.000000000000000000e+00 5.276032363417755278e-01 5.243325163767684760e-01
2.863000000000000000e+03 9.733344342138021688e-01 9.958560355520502672e-01 6.042629005262315500e-01 5.276032363417755278e-01 5.243325163767684760e-01
2.864000000000000000e+03 1.000000000000000000e+00 1.000000000000000000e+00 1.000000000000000000e+00 5.231724437757168111e-01 5.134577248904436120e-01
2.864000000000000000e+03 9.933336085534505422e-01 9.989640088880125113e-01 9.010657251315579153e-01 5.231724437757168111e-01 5.134577248904436120e-01
2.865000000000000000e+03 1.000000000000000000e+00 1.000000000000000000e+00 1.000000000000000000e+00 3.384684750211691684e-01 4.061882792622426575e-01
2.865000000000000000e+03 9.866672171069010844e-01 9.979280177760251336e-01 8.021314502631158305e-01 3.384684750211691684e-01 4.061882792622426575e-01
2.866000000000000000e+03 1.000000000000000000e+00 1.000000000000000000e+00 1.000000000000000000e+00 6.339887186614142633e-01 2.692889344196122137e-01
2.866000000000000000e+03 9.800008256603516266e-01 9.968920266640377559e-01 7.031971753946736348e-01 6.339887186614142633e-01 2.692889344196122137e-01
2.867000000000000000e+03 1.000000000000000000e+00 1.000000000000000000e+00 1.000000000000000000e+00 4.463652771858995227e-01 5.923519843772738769e-01
2.867000000000000000e+03 9.733344342138021688e-01 9.958560355520502672e-01 6.042629005262315500e-01 4.463652771858995227e-01 5.923519843772738769e-01
2.868000000000000000e+03 1.000000000000000000e+00 1.000000000000000000e+00 1.000000000000000000e+00 3.581084344027509747e-01 5.376311854998908624e-01
2.868000000000000000e+03 9.933336085534505422e-01 9.989640088880125113e-01 9.010657251315579153e-01 3.581084344027509747e-01 5.376311854998908624e-01
2.869000000000000000e+03 1.000000000000000000e+00 1.000000000000000000e+00 1.000000000000000000e+00 7.965450655137824576e-01 4.213530253017183091e-01
2.869000000000000000e+03 9.866672171069010844e-01 9.979280177760251336e-01 8.021314502631158305e-01 7.965450655137824576e-01 4.213530253017183091e-01
2.870000000000000000e+03 1.000000000000000000e+00 1.000000000000000000e+00 1.000000000000000000e+00 4.418609199009137511e-01 2.807816844444842586e-01
2.870000000000000000e+03 9.800008256603516266e-01 9.968920266640377559e-01 7.031971753946736348e-01 4.418609199009137511e-01 2.807816844444842586e-01
2.871000000000000000e+03 1.000000000000000000e+00 1.000000000000000000e+00 1.000000000000000000e+00 5.171232909006954204e-01 5.645648156389824202e-01
2.871000000000000000e+03 9.733344342138021688e-01 9.958560355520502672e-01 6.042629005262315500e-01 5.171232909006954204e-01 5.645648156389824202e-01
2.872000000000000000e+03 1.000000000000000000e+00 1.000000000000000000e+00 1.000000000000000000e+00 5.283931207104437533e-01 5.371991694273917650e-01
2.872000000000000000e+03 9.933336085534505422e-01 9.989640088880125113e-01 9.010657251315579153e-01 5.283931207104437533e-01 5.371991694273917650e-01
2.873000000000000000e+03 1.000000000000000000e+00 1.000000000000000000e+00 1.000000000000000000e+00 3.745298989640322707e-01 3.356156903600904240e-01
2.873000000000000000e+03 9.866672171069010844e-01 9.979280177760251336e-01 8.021314502631158305e-01 3.745298989640322707e-01 3.356156903600904240e-01
2.874000000000000000e+03 1.000000000000000000e+00 1.000000000000000000e+00 1.000000000000000000e+00 7.279768797461685370e-01 3.259914088012702549e-01
2.874000000000000000e+03 9.800008256603516266e-01 9.968920266640377559e-01 7.031971753946736348e-01 7.279768797461685370e-01 3.259914088012702549e-01
2.875000000000000000e+03 1.000000000000000000e+00 1.000000000000000000e+00 1.000000000000000000e+00 3.992082604663493295e-01 5.769316108732057691e-01
2.875000000000000000e+03 9.733344342138021688e-01 9.958560355520502672e-01 6.042629005262315500e-01 3.992082604663493295e-01 5.769316108732057691e-01
2.876000000000000000e+03 1.000000000000000000e+00 1.000000000000000000e+00 1.000000000000000000e+00 4.884507622305014340e-01 5.860250696989500740e-01
2.876000000000000000e+03 9.933336085534505422e-01 9.989640088880125113e-01 9.010657251315579153e-01 4.884507622305014340e-01 5.860250696989500740e-01
2.877000000000000000e+03 1.000000000000000000e+00 1.000000000000000000e+00 1.000000000000000000e+00 5.328389217946407630e-01 2.553976641053256613e-01
2.877000000000000000e+03 9.866672171069010844e-01 9.979280177760251336e-01 8.021314502631158305e-01 5.328389217946407630e-01 2.553976641053256613e-01
2.878000000000000000e+03 1.000000000000000000e+00 1.000000000000000000e+00 1.000000000000000000e+00 3.346862972031877659e-01 4.778059202179303910e-01
2.878000000000000000e+03 9.800008256603516266e-01 9.968920266640377559e-01 7.031971753946736348e-01 3.346862972031877659e-01 4.778059202179303910e-01
2.879000000000000000e+03 1.000000000000000000e+00 1.000000000000000000e+00 1.000000000000000000e+00 5.067364366010879140e-01 5.009043957569274674e-01
2.879000000000000000e+03 9.733344342138021688e-01 9.958560355520502672e-01 6.042629005262315500e-01 5.067364366010879140e-01 5.009043957569274674e-01
