4.680000000000000000e+03 1.000000000000000000e+00 1.000000000000000000e+00 1.000000000000000000e+00 5.152768218978993620e-01 5.668308603185872041e-01
4.680000000000000000e+03 1.012545602619161045e+00 9.845592652560201108e-01 8.948085728843724329e-01 5.152768218978993620e-01 5.668308603185872041e-01
4.681000000000000000e+03 1.000000000000000000e+00 1.000000000000000000e+00 1.000000000000000000e+00 4.490685555985131638e-01 2.771923853424194117e-01
4.681000000000000000e+03 1.025091205238322312e+00 9.691185305120402216e-01 7.896171457687448658e-01 4.490685555985131638e-01 2.771923853424194117e-01
4.682000000000000000e+03 1.000000000000000000e+00 1.000000000000000000e+00 1.000000000000000000e+00 8.007959918270772803e-01 4.312412443467194545e-01
4.682000000000000000e+03 1.037636807857483578e+00 9.536777957680603324e-01 6.844257186531172987e-01 8.007959918270772803e-01 4.312412443467194545e-01
4.683000000000000000e+03 1.000000000000000000e+00 1.000000000000000000e+00 1.000000000000000000e+00 3.551807625119161038e-01 5.331041331496930713e-01
4.683000000000000000e+03 1.050182410476644623e+00 9.382370610240804432e-01 5.792342915374897316e-01 3.551807625119161038e-01 5.331041331496930713e-01
4.684000000000000000e+03 1.000000000000000000e+00 1.000000000000000000e+00 1.000000000000000000e+00 4.422756409982704917e-01 5.919348603961637201e-01
4.684000000000000000e+03 1.012545602619161045e+00 9.845592652560201108e-01 8.948085728843724329e-01 4.422756409982704917e-01 5.919348603961637201e-01
4.685000000000000000e+03 1.000000000000000000e+00 1.000000000000000000e+00 1.000000000000000000e+00 6.428049543493667972e-01 2.725612935503327061e-01
4.685000000000000000e+03 1.025091205238322312e+00 9.691185305120402216e-01 7.896171457687448658e-01 6.428049543493667972e-01 2.725612935503327061e-01
4.686000000000000000e+03 1.000000000000000000e+00 1.000000000000000000e+00 1.000000000000000000e+00 3.403132165770845208e-01 3.997353433244518195e-01
4.686000000000000000e+03 1.037636807857483578e+00 9.536777957680603324e-01 6.844257186531172987e-01 3.403132165770845208e-01 3.997353433244518195e-01
4.687000000000000000e+03 1.000000000000000000e+00 1.000000000000000000e+00 1.000000000000000000e+00 5.241829373694119054e-01 5.151840613279108361e-01
4.687000000000000000e+03 1.050182410476644623e+00 9.382370610240804432e-01 5.792342915374897316e-01 5.241829373694119054e-01 5.151840613279108361e-01
4.688000000000000000e+03 1.000000000000000000e+00 1.000000000000000000e+00 1.000000000000000000e+00 5.280248666513330802e-01 5.264777411687185937e-01
4.688000000000000000e+03 1.012545602619161045e+00 9.845592652560201108e-01 8.948085728843724329e-01 5.280248666513330802e-01 5.264777411687185937e-01
4.689000000000000000e+03 1.000000000000000000e+00 1.000000000000000000e+00 1.000000000000000000e+00 3.556733564450597074e-01 3.636409743053732324e-01
4.689000000000000000e+03 1.025091205238322312e+00 9.691185305120402216e-01 7.896171457687448658e-01 3.556733564450597074e-01 3.636409743053732324e-01
4.690000000000000000e+03 1.000000000000000000e+00 1.000000000000000000e+00 1.000000000000000000e+00 6.912996679575807990e-01 2.975224679932561012e-01
4.690000000000000000e+03 1.037636807857483578e+00 9.536777957680603324e-01 6.844257186531172987e-01 6.912996679575807990e-01 2.975224679932561012e-01
4.691000000000000000e+03 1.000000000000000000e+00 1.000000000000000000e+00 1.000000000000000000e+00 4.185816165683273193e-01 5.861757551031366864e-01
4.691000000000000000e+03 1.050182410476644623e+00 9.382370610240804432e-01 5.792342915374897316e-01 4.185816165683273193e-01 5.861757551031366864e-01
4.692000000000000000e+03 1.000000000000000000e+00 1.000000000000000000e+00 1.000000000000000000e+00 3.415091540233327061e-01 5.044989631942238262e-01
4.692000000000000000e+03 1.012545602619161045e+00 9.845592652560201108e-01 8.948085728843724329e-01 3.415091540233327061e-01 5.044989631942238262e-01
4.693000000000000000e+03 1.000000000000000000e+00 1.000000000000000000e+00 1.000000000000000000e+00 8.184264225030110085e-01 4.909610631069485365e-01
4.693000000000000000e+03 1.025091205238322312e+00 9.691185305120402216e-01 7.896171457687448658e-01 8.184264225030110085e-01 4.909610631069485365e-01
4.694000000000000000e+03 1.000000000000000000e+00 1.000000000000000000e+00 1.000000000000000000e+00 4.932310499563623551e-01 2.615413657601608488e-01
4.694000000000000000e+03 1.037636807857483578e+00 9.536777957680603324e-01 6.844257186531172987e-01 4.932310499563623551e-01 2.615413657601608488e-01
4.695000000000000000e+03 1.000000000000000000e+00 1.000000000000000000e+00 1.000000000000000000e+00 5.022289763448101185e-01 5.785230577134954366e-01
4.695000000000000000e+03 1.050182410476644623e+00 9.382370610240804432e-01 5.792342915374897316e-01 5.022289763448101185e-01 5.785230577134954366e-01
4.696000000000000000e+03 1.000000000000000000e+00 1.000000000000000000e+00 1.000000000000000000e+00 5.239338933489147143e-01 5.534398744140125448e-01
4.696000000000000000e+03 1.012545602619161045e+00 9.845592652560201108e-01 8.948085728843724329e-01 5.239338933489147143e-01 5.534398744140125448e-01
4.697000000000000000e+03 1.000000000000000000e+00 1.000000000000000000e+00 1.000000000000000000e+00 4.106670224902081445e-01 3.005362926308204896e-01
4.697000000000000000e+03 1.025091205238322312e+00 9.691185305120402216e-01 7.896171457687448658e-01 4.106670224902081445e-01 3.005362926308204896e-01
4.698000000000000000e+03 1.000000000000000000e+00 1.000000000000000000e+00 1.000000000000000000e+00 7.724756238467630487e-01 3.779674804097695739e-01
4.698000000000000000e+03 1.037636807857483578e+00 9.536777957680603324e-01 6.844257186531172987e-01 7.724756238467630487e-01 3.779674804097695739e-01
4.699000000000000000e+03 1.000000000000000000e+00 1.000000000000000000e+00 1.000000000000000000e+00 3.735482091084039169e-01 5.566334354293531739e-01
4.699000000000000000e+03 1.050182410476644623e+00 9.382370610240804432e-01 5.792342915374897316e-01 3.735482091084039169e-01 5.566334354293531739e-01
