4.000000000000000000e+01 1.000000000000000000e+00 1.000000000000000000e+00 1.000000000000000000e+00 5.073512855247170883e-01 5.746388545004147419e-01
4.000000000000000000e+01 9.980291849060460851e-01 9.932646836542065039e-01 9.094246455382298810e-01 5.073512855247170883e-01 5.746388545004147419e-01
4.100000000000000000e+01 1.000000000000000000e+00 1.000000000000000000e+00 1.000000000000000000e+00 4.769659720225533084e-01 2.661315892320337273e-01
4.100000000000000000e+01 9.960583698120922813e-01 9.865293673084130077e-01 8.188492910764597621e-01 4.769659720225533084e-01 2.661315892320337273e-01
4.200000000000000000e+01 1.000000000000000000e+00 1.000000000000000000e+00 1.000000000000000000e+00 8.134831889017419826e-01 4.691246007961884512e-01
4.200000000000000000e+01 9.940875547181384775e-01 9.797940509626195116e-01 7.282739366146896431e-01 8.134831889017419826e-01 4.691246007961884512e-01
4.300000000000000000e+01 1.000000000000000000e+00 1.000000000000000000e+00 1.000000000000000000e+00 3.457463673658094927e-01 5.151926567510819455e-01
4.300000000000000000e+01 9.921167396241845626e-01 9.730587346168260154e-01 6.376985821529195242e-01 3.457463673658094927e-01 5.151926567510819455e-01
4.400000000000000000e+01 1.000000000000000000e+00 1.000000000000000000e+00 1.000000000000000000e+00 4.270447723211807656e-01 5.888962021367147859e-01
4.400000000000000000e+01 9.980291849060460851e-01 9.932646836542065039e-01 9.094246455382298810e-01 4.270447723211807656e-01 5.888962021367147859e-01
4.500000000000000000e+01 1.000000000000000000e+00 1.000000000000000000e+00 1.000000000000000000e+00 6.744581531450025702e-01 2.874221253252473574e-01
4.500000000000000000e+01 9.960583698120922813e-01 9.865293673084130077e-01 8.188492910764597621e-01 6.744581531450025702e-01 2.874221253252473574e-01
4.600000000000000000e+01 1.000000000000000000e+00 1.000000000000000000e+00 1.000000000000000000e+00 3.492629615942662857e-01 3.762933095880891532e-01
4.600000000000000000e+01 9.940875547181384775e-01 9.797940509626195116e-01 7.282739366146896431e-01 3.492629615942662857e-01 3.762933095880891532e-01
4.700000000000000000e+01 1.000000000000000000e+00 1.000000000000000000e+00 1.000000000000000000e+00 5.270553658676957465e-01 5.222037649457276220e-01
4.700000000000000000e+01 9.921167396241845626e-01 9.730587346168260154e-01 6.376985821529195242e-01 5.270553658676957465e-01 5.222037649457276220e-01
4.800000000000000000e+01 1.000000000000000000e+00 1.000000000000000000e+00 1.000000000000000000e+00 5.220480316087088291e-01 5.117849184206499924e-01
4.800000000000000000e+01 9.980291849060460851e-01 9.932646836542065039e-01 9.094246455382298810e-01 5.220480316087088291e-01 5.117849184206499924e-01
4.900000000000000000e+01 1.000000000000000000e+00 1.000000000000000000e+00 1.000000000000000000e+00 3.368445660955543541e-01 4.127916036871904226e-01
4.900000000000000000e+01 9.960583698120922813e-01 9.865293673084130077e-01 8.188492910764597621e-01 3.368445660955543541e-01 4.127916036871904226e-01
5.000000000000000000e+01 1.000000000000000000e+00 1.000000000000000000e+00 1.000000000000000000e+00 6.249201352588893421e-01 2.662908649476858902e-01
5.000000000000000000e+01 9.940875547181384775e-01 9.797940509626195116e-01 7.282739366146896431e-01 6.249201352588893421e-01 2.662908649476858902e-01
5.100000000000000000e+01 1.000000000000000000e+00 1.000000000000000000e+00 1.000000000000000000e+00 4.505033426332702429e-01 5.926017327565772375e-01
5.100000000000000000e+01 9.921167396241845626e-01 9.730587346168260154e-01 6.376985821529195242e-01 4.505033426332702429e-01 5.926017327565772375e-01
5.200000000000000000e+01 1.000000000000000000e+00 1.000000000000000000e+00 1.000000000000000000e+00 3.612436513188297393e-01 5.420912782018970644e-01
5.200000000000000000e+01 9.980291849060460851e-01 9.932646836542065039e-01 9.094246455382298810e-01 3.612436513188297393e-01 5.420912782018970644e-01
5.300000000000000000e+01 1.000000000000000000e+00 1.000000000000000000e+00 1.000000000000000000e+00 7.918668023983237436e-01 4.114631734373889183e-01
5.300000000000000000e+01 9.960583698120922813e-01 9.865293673084130077e-01 8.188492910764597621e-01 7.918668023983237436e-01 4.114631734373889183e-01
5.400000000000000000e+01 1.000000000000000000e+00 1.000000000000000000e+00 1.000000000000000000e+00 4.346859476177459269e-01 2.846884244602529979e-01
5.400000000000000000e+01 9.940875547181384775e-01 9.797940509626195116e-01 7.282739366146896431e-01 4.346859476177459269e-01 2.846884244602529979e-01
5.500000000000000000e+01 1.000000000000000000e+00 1.000000000000000000e+00 1.000000000000000000e+00 5.188685040215400557e-01 5.622011218225936302e-01
5.500000000000000000e+01 9.921167396241845626e-01 9.730587346168260154e-01 6.376985821529195242e-01 5.188685040215400557e-01 5.622011218225936302e-01
5.600000000000000000e+01 1.000000000000000000e+00 1.000000000000000000e+00 1.000000000000000000e+00 5.285476977873639903e-01 5.347854704013231819e-01
5.600000000000000000e+01 9.980291849060460851e-01 9.932646836542065039e-01 9.094246455382298810e-01 5.285476977873639903e-01 5.347854704013231819e-01
5.700000000000000000e+01 1.000000000000000000e+00 1.000000000000000000e+00 1.000000000000000000e+00 3.699493767464525629e-01 3.415328570606389613e-01
5.700000000000000000e+01 9.960583698120922813e-01 9.865293673084130077e-01 8.188492910764597621e-01 3.699493767464525629e-01 3.415328570606389613e-01
5.800000000000000000e+01 1.000000000000000000e+00 1.000000000000000000e+00 1.000000000000000000e+00 7.203079792083799671e-01 3.191979140133608950e-01
5.800000000000000000e+01 9.940875547181384775e-01 9.797940509626195116e-01 7.282739366146896431e-01 7.203079792083799671e-01 3.191979140133608950e-01
5.900000000000000000e+01 1.000000000000000000e+00 1.000000000000000000e+00 1.000000000000000000e+00 4.033736933296578897e-01 5.792991605204557137e-01
5.900000000000000000e+01 9.921167396241845626e-01 9.730587346168260154e-01 6.376985821529195242e-01 4.033736933296578897e-01 5.792991605204557137e-01
