1.720000000000000000e+03 1.000000000000000000e+00 1.000000000000000000e+00 1.000000000000000000e+00 5.278959675081852376e-01 5.409287151440742569e-01
1.720000000000000000e+03 1.002076552178291058e+00 9.262641758278287174e-01 9.909162945981413451e-01 5.278959675081852376e-01 5.409287151440742569e-01
1.721000000000000000e+03 1.000000000000000000e+00 1.000000000000000000e+00 1.000000000000000000e+00 3.819921374496013100e-01 3.268599148006195998e-01
1.721000000000000000e+03 1.004153104356582116e+00 8.525283516556573238e-01 9.818325891962825791e-01 3.819921374496013100e-01 3.268599148006195998e-01
1.722000000000000000e+03 1.000000000000000000e+00 1.000000000000000000e+00 1.000000000000000000e+00 7.392457702270335274e-01 3.369361899284945561e-01
1.722000000000000000e+03 1.006229656534873174e+00 7.787925274834859302e-01 9.727488837944238131e-01 7.392457702270335274e-01 3.369361899284945561e-01
1.723000000000000000e+03 1.000000000000000000e+00 1.000000000000000000e+00 1.000000000000000000e+00 3.929655998282726159e-01 5.729519150292919916e-01
1.723000000000000000e+03 1.008306208713164231e+00 7.050567033113146476e-01 9.636651783925651582e-01 3.929655998282726159e-01 5.729519150292919916e-01
1.724000000000000000e+03 1.000000000000000000e+00 1.000000000000000000e+00 1.000000000000000000e+00 4.833422497026320652e-01 5.879679719079224931e-01
1.724000000000000000e+03 1.002076552178291058e+00 9.262641758278287174e-01 9.909162945981413451e-01 4.833422497026320652e-01 5.879679719079224931e-01
1.725000000000000000e+03 1.000000000000000000e+00 1.000000000000000000e+00 1.000000000000000000e+00 5.464265745635193960e-01 2.548257397260869084e-01
1.725000000000000000e+03 1.004153104356582116e+00 8.525283516556573238e-01 9.818325891962825791e-01 5.464265745635193960e-01 2.548257397260869084e-01
1.726000000000000000e+03 1.000000000000000000e+00 1.000000000000000000e+00 1.000000000000000000e+00 3.334288839090822076e-01 4.684578375695562791e-01
1.726000000000000000e+03 1.006229656534873174e+00 7.787925274834859302e-01 9.727488837944238131e-01 3.334288839090822076e-01 4.684578375695562791e-01
1.727000000000000000e+03 1.000000000000000000e+00 1.000000000000000000e+00 1.000000000000000000e+00 5.093648277249271938e-01 5.017733381642922597e-01
1.727000000000000000e+03 1.008306208713164231e+00 7.050567033113146476e-01 9.636651783925651582e-01 5.093648277249271938e-01 5.017733381642922597e-01
1.728000000000000000e+03 1.000000000000000000e+00 1.000000000000000000e+00 1.000000000000000000e+00 5.069643482486781982e-01 5.009676414799050237e-01
1.728000000000000000e+03 1.002076552178291058e+00 9.262641758278287174e-01 9.909162945981413451e-01 5.069643482486781982e-01 5.009676414799050237e-01
1.729000000000000000e+03 1.000000000000000000e+00 1.000000000000000000e+00 1.000000000000000000e+00 3.345580382702886268e-01 4.770131390662573079e-01
1.729000000000000000e+03 1.004153104356582116e+00 8.525283516556573238e-01 9.818325891962825791e-01 3.345580382702886268e-01 4.770131390662573079e-01
1.730000000000000000e+03 1.000000000000000000e+00 1.000000000000000000e+00 1.000000000000000000e+00 5.339964706606616929e-01 2.553192315297720949e-01
1.730000000000000000e+03 1.006229656534873174e+00 7.787925274834859302e-01 9.727488837944238131e-01 5.339964706606616929e-01 2.553192315297720949e-01
1.731000000000000000e+03 1.000000000000000000e+00 1.000000000000000000e+00 1.000000000000000000e+00 4.880227487931761421e-01 5.862031549891947302e-01
1.731000000000000000e+03 1.008306208713164231e+00 7.050567033113146476e-01 9.636651783925651582e-01 4.880227487931761421e-01 5.862031549891947302e-01
1.732000000000000000e+03 1.000000000000000000e+00 1.000000000000000000e+00 1.000000000000000000e+00 3.986683353614098868e-01 5.766083038458286181e-01
1.732000000000000000e+03 1.002076552178291058e+00 9.262641758278287174e-01 9.909162945981413451e-01 3.986683353614098868e-01 5.766083038458286181e-01
1.733000000000000000e+03 1.000000000000000000e+00 1.000000000000000000e+00 1.000000000000000000e+00 7.289621991895327557e-01 3.269010403877156690e-01
1.733000000000000000e+03 1.004153104356582116e+00 8.525283516556573238e-01 9.818325891962825791e-01 7.289621991895327557e-01 3.269010403877156690e-01
1.734000000000000000e+03 1.000000000000000000e+00 1.000000000000000000e+00 1.000000000000000000e+00 3.751463682709435532e-01 3.348530680859385100e-01
1.734000000000000000e+03 1.006229656534873174e+00 7.787925274834859302e-01 9.727488837944238131e-01 3.751463682709435532e-01 3.348530680859385100e-01
1.735000000000000000e+03 1.000000000000000000e+00 1.000000000000000000e+00 1.000000000000000000e+00 5.283629759626007338e-01 5.375163973631188474e-01
1.735000000000000000e+03 1.008306208713164231e+00 7.050567033113146476e-01 9.636651783925651582e-01 5.283629759626007338e-01 5.375163973631188474e-01
1.736000000000000000e+03 1.000000000000000000e+00 1.000000000000000000e+00 1.000000000000000000e+00 5.168850256231498630e-01 5.648697493926719826e-01
1.736000000000000000e+03 1.002076552178291058e+00 9.262641758278287174e-01 9.909162945981413451e-01 5.168850256231498630e-01 5.648697493926719826e-01
1.737000000000000000e+03 1.000000000000000000e+00 1.000000000000000000e+00 1.000000000000000000e+00 4.428113234721753333e-01 2.802896366723718891e-01
1.737000000000000000e+03 1.004153104356582116e+00 8.525283516556573238e-01 9.818325891962825791e-01 4.428113234721753333e-01 2.802896366723718891e-01
1.738000000000000000e+03 1.000000000000000000e+00 1.000000000000000000e+00 1.000000000000000000e+00 7.971306702951062029e-01 4.226594980198379314e-01
1.738000000000000000e+03 1.006229656534873174e+00 7.787925274834859302e-01 9.727488837944238131e-01 7.971306702951062029e-01 4.226594980198379314e-01
1.739000000000000000e+03 1.000000000000000000e+00 1.000000000000000000e+00 1.000000000000000000e+00 3.577099436398499810e-01 5.370368510754872649e-01
1.739000000000000000e+03 1.008306208713164231e+00 7.050567033113146476e-01 9.636651783925651582e-01 3.577099436398499810e-01 5.370368510754872649e-01
