4.460000000000000000e+03 1.000000000000000000e+00 1.000000000000000000e+00 1.000000000000000000e+00 4.282529799584641195e-01 5.892234616773783795e-01
4.460000000000000000e+03 9.013084423872641526e-01 9.810109112607182658e-01 1.007212389753719295e+00 4.282529799584641195e-01 5.892234616773783795e-01
4.461000000000000000e+03 1.000000000000000000e+00 1.000000000000000000e+00 1.000000000000000000e+00 6.720117058450604253e-01 2.860889576230166709e-01
4.461000000000000000e+03 8.026168847745284163e-01 9.620218225214365315e-01 1.014424779507438590e+00 6.720117058450604253e-01 2.860889576230166709e-01
4.462000000000000000e+03 1.000000000000000000e+00 1.000000000000000000e+00 1.000000000000000000e+00 3.484327479728192012e-01 3.781206370567017916e-01
4.462000000000000000e+03 7.039253271617926799e-01 9.430327337821547973e-01 1.021637169261157885e+00 3.484327479728192012e-01 3.781206370567017916e-01
4.463000000000000000e+03 1.000000000000000000e+00 1.000000000000000000e+00 1.000000000000000000e+00 5.268796713275759602e-01 5.216146771397734971e-01
4.463000000000000000e+03 6.052337695490568326e-01 9.240436450428730630e-01 1.028849559014877180e+00 5.268796713275759602e-01 5.216146771397734971e-01
4.464000000000000000e+03 1.000000000000000000e+00 1.000000000000000000e+00 1.000000000000000000e+00 5.217142244511664417e-01 5.113295942124826965e-01
4.464000000000000000e+03 9.013084423872641526e-01 9.810109112607182658e-01 1.007212389753719295e+00 5.217142244511664417e-01 5.113295942124826965e-01
4.465000000000000000e+03 1.000000000000000000e+00 1.000000000000000000e+00 1.000000000000000000e+00 3.364333619093156091e-01 4.146576180772634235e-01
4.465000000000000000e+03 8.026168847745284163e-01 9.620218225214365315e-01 1.014424779507438590e+00 3.364333619093156091e-01 4.146576180772634235e-01
4.466000000000000000e+03 1.000000000000000000e+00 1.000000000000000000e+00 1.000000000000000000e+00 6.223487757778636276e-01 2.655071550895566901e-01
4.466000000000000000e+03 7.039253271617926799e-01 9.430327337821547973e-01 1.021637169261157885e+00 6.223487757778636276e-01 2.655071550895566901e-01
4.467000000000000000e+03 1.000000000000000000e+00 1.000000000000000000e+00 1.000000000000000000e+00 4.516640119323903635e-01 5.926404312709253608e-01
4.467000000000000000e+03 6.052337695490568326e-01 9.240436450428730630e-01 1.028849559014877180e+00 4.516640119323903635e-01 5.926404312709253608e-01
4.468000000000000000e+03 1.000000000000000000e+00 1.000000000000000000e+00 1.000000000000000000e+00 3.621546809741676975e-01 5.433204371076941763e-01
4.468000000000000000e+03 9.013084423872641526e-01 9.810109112607182658e-01 1.007212389753719295e+00 3.621546809741676975e-01 5.433204371076941763e-01
4.469000000000000000e+03 1.000000000000000000e+00 1.000000000000000000e+00 1.000000000000000000e+00 7.904850667224554428e-01 4.087097033645645805e-01
4.469000000000000000e+03 8.026168847745284163e-01 9.620218225214365315e-01 1.014424779507438590e+00 7.904850667224554428e-01 4.087097033645645805e-01
4.470000000000000000e+03 1.000000000000000000e+00 1.000000000000000000e+00 1.000000000000000000e+00 4.326946331284352576e-01 2.858348071258561829e-01
4.470000000000000000e+03 7.039253271617926799e-01 9.430327337821547973e-01 1.021637169261157885e+00 4.326946331284352576e-01 2.858348071258561829e-01
4.471000000000000000e+03 1.000000000000000000e+00 1.000000000000000000e+00 1.000000000000000000e+00 5.193355073438234992e-01 5.615254451775206768e-01
4.471000000000000000e+03 6.052337695490568326e-01 9.240436450428730630e-01 1.028849559014877180e+00 5.193355073438234992e-01 5.615254451775206768e-01
4.472000000000000000e+03 1.000000000000000000e+00 1.000000000000000000e+00 1.000000000000000000e+00 5.285670637791280990e-01 5.341097876799956179e-01
4.472000000000000000e+03 9.013084423872641526e-01 9.810109112607182658e-01 1.007212389753719295e+00 5.285670637791280990e-01 5.341097876799956179e-01
4.473000000000000000e+03 1.000000000000000000e+00 1.000000000000000000e+00 1.000000000000000000e+00 3.687018622618650765e-01 3.432267440695547234e-01
4.473000000000000000e+03 8.026168847745284163e-01 9.620218225214365315e-01 1.014424779507438590e+00 3.687018622618650765e-01 3.432267440695547234e-01
4.474000000000000000e+03 1.000000000000000000e+00 1.000000000000000000e+00 1.000000000000000000e+00 7.181049900556700782e-01 3.173363252823616087e-01
4.474000000000000000e+03 7.039253271617926799e-01 9.430327337821547973e-01 1.021637169261157885e+00 7.181049900556700782e-01 3.173363252823616087e-01
4.475000000000000000e+03 1.000000000000000000e+00 1.000000000000000000e+00 1.000000000000000000e+00 4.045584781947795250e-01 5.799326007586315113e-01
4.475000000000000000e+03 6.052337695490568326e-01 9.240436450428730630e-01 1.028849559014877180e+00 4.045584781947795250e-01 5.799326007586315113e-01
4.476000000000000000e+03 1.000000000000000000e+00 1.000000000000000000e+00 1.000000000000000000e+00 4.925571195512610245e-01 5.841637289998544702e-01
4.476000000000000000e+03 9.013084423872641526e-01 9.810109112607182658e-01 1.007212389753719295e+00 4.925571195512610245e-01 5.841637289998544702e-01
4.477000000000000000e+03 1.000000000000000000e+00 1.000000000000000000e+00 1.000000000000000000e+00 5.215372116175022166e-01 2.564582617614014071e-01
4.477000000000000000e+03 8.026168847745284163e-01 9.620218225214365315e-01 1.014424779507438590e+00 5.215372116175022166e-01 2.564582617614014071e-01
4.478000000000000000e+03 1.000000000000000000e+00 1.000000000000000000e+00 1.000000000000000000e+00 3.361472663807735239e-01 4.855099539668794040e-01
4.478000000000000000e+03 7.039253271617926799e-01 9.430327337821547973e-01 1.021637169261157885e+00 3.361472663807735239e-01 4.855099539668794040e-01
4.479000000000000000e+03 1.000000000000000000e+00 1.000000000000000000e+00 1.000000000000000000e+00 5.044747243804823533e-01 5.003957148643574104e-01
4.479000000000000000e+03 6.052337695490568326e-01 9.240436450428730630e-01 1.028849559014877180e+00 5.044747243804823533e-01 5.003957148643574104e-01
