3.400000000000000000e+02 1.000000000000000000e+00 1.000000000000000000e+00 1.000000000000000000e+00 3.406370006443862897e-01 5.019557764142866807e-01
3.400000000000000000e+02 9.890715730931456395e-01 9.847166201814316899e-01 9.010634949768541180e-01 3.406370006443862897e-01 5.019557764142866807e-01
3.410000000000000000e+02 1.000000000000000000e+00 1.000000000000000000e+00 1.000000000000000000e+00 8.193509516498768130e-01 4.960807774599980124e-01
3.410000000000000000e+02 9.781431461862911680e-01 9.694332403628632688e-01 8.021269899537083470e-01 8.193509516498768130e-01 4.960807774599980124e-01
3.420000000000000000e+02 1.000000000000000000e+00 1.000000000000000000e+00 1.000000000000000000e+00 4.970625005228556659e-01 2.606430244972547938e-01
3.420000000000000000e+02 9.672147192794366966e-01 9.541498605442948477e-01 7.031904849305625760e-01 4.970625005228556659e-01 2.606430244972547938e-01
3.430000000000000000e+02 1.000000000000000000e+00 1.000000000000000000e+00 1.000000000000000000e+00 5.009740533514289718e-01 5.793690232084820479e-01
3.430000000000000000e+02 9.562862923725823361e-01 9.388664807257265377e-01 6.042539799074166940e-01 5.009740533514289718e-01 5.793690232084820479e-01
3.440000000000000000e+02 1.000000000000000000e+00 1.000000000000000000e+00 1.000000000000000000e+00 5.233932773786247328e-01 5.545723849440972186e-01
3.440000000000000000e+02 9.890715730931456395e-01 9.847166201814316899e-01 9.010634949768541180e-01 5.233932773786247328e-01 5.545723849440972186e-01
3.450000000000000000e+02 1.000000000000000000e+00 1.000000000000000000e+00 1.000000000000000000e+00 4.135679962116075581e-01 2.983693987854936225e-01
3.450000000000000000e+02 9.781431461862911680e-01 9.694332403628632688e-01 8.021269899537083470e-01 4.135679962116075581e-01 2.983693987854936225e-01
3.460000000000000000e+02 1.000000000000000000e+00 1.000000000000000000e+00 1.000000000000000000e+00 7.751597093497110125e-01 3.820486330067236480e-01
3.460000000000000000e+02 9.672147192794366966e-01 9.541498605442948477e-01 7.031904849305625760e-01 7.751597093497110125e-01 3.820486330067236480e-01
3.470000000000000000e+02 1.000000000000000000e+00 1.000000000000000000e+00 1.000000000000000000e+00 3.718985069206982019e-01 5.549126405835085318e-01
3.470000000000000000e+02 9.562862923725823361e-01 9.388664807257265377e-01 6.042539799074166940e-01 3.718985069206982019e-01 5.549126405835085318e-01
3.480000000000000000e+02 1.000000000000000000e+00 1.000000000000000000e+00 1.000000000000000000e+00 4.631003538510361506e-01 5.922702917470258344e-01
3.480000000000000000e+02 9.890715730931456395e-01 9.847166201814316899e-01 9.010634949768541180e-01 4.631003538510361506e-01 5.922702917470258344e-01
3.490000000000000000e+02 1.000000000000000000e+00 1.000000000000000000e+00 1.000000000000000000e+00 5.963103971812577786e-01 2.591687353772597069e-01
3.490000000000000000e+02 9.781431461862911680e-01 9.694332403628632688e-01 8.021269899537083470e-01 5.963103971812577786e-01 2.591687353772597069e-01
3.500000000000000000e+02 1.000000000000000000e+00 1.000000000000000000e+00 1.000000000000000000e+00 3.334492218151169363e-01 4.333949783348891582e-01
3.500000000000000000e+02 9.672147192794366966e-01 9.541498605442948477e-01 7.031904849305625760e-01 3.334492218151169363e-01 4.333949783348891582e-01
3.510000000000000000e+02 1.000000000000000000e+00 1.000000000000000000e+00 1.000000000000000000e+00 5.179898053091686050e-01 5.071942706328168571e-01
3.510000000000000000e+02 9.562862923725823361e-01 9.388664807257265377e-01 6.042539799074166940e-01 5.179898053091686050e-01 5.071942706328168571e-01
3.520000000000000000e+02 1.000000000000000000e+00 1.000000000000000000e+00 1.000000000000000000e+00 5.138061887165987773e-01 5.040037205349101601e-01
3.520000000000000000e+02 9.890715730931456395e-01 9.847166201814316899e-01 9.010634949768541180e-01 5.138061887165987773e-01 5.040037205349101601e-01
3.530000000000000000e+02 1.000000000000000000e+00 1.000000000000000000e+00 1.000000000000000000e+00 3.325249281769107057e-01 4.514331291634813836e-01
3.530000000000000000e+02 9.781431461862911680e-01 9.694332403628632688e-01 8.021269899537083470e-01 3.325249281769107057e-01 4.514331291634813836e-01
3.540000000000000000e+02 1.000000000000000000e+00 1.000000000000000000e+00 1.000000000000000000e+00 5.708484459873228722e-01 2.556904866236654472e-01
3.540000000000000000e+02 9.672147192794366966e-01 9.541498605442948477e-01 7.031904849305625760e-01 5.708484459873228722e-01 2.556904866236654472e-01
3.550000000000000000e+02 1.000000000000000000e+00 1.000000000000000000e+00 1.000000000000000000e+00 4.737147043142856395e-01 5.906406302698440358e-01
3.550000000000000000e+02 9.562862923725823361e-01 9.388664807257265377e-01 6.042539799074166940e-01 4.737147043142856395e-01 5.906406302698440358e-01
3.560000000000000000e+02 1.000000000000000000e+00 1.000000000000000000e+00 1.000000000000000000e+00 3.822780810924922834e-01 5.647934443731321696e-01
3.560000000000000000e+02 9.890715730931456395e-01 9.847166201814316899e-01 9.010634949768541180e-01 3.822780810924922834e-01 5.647934443731321696e-01
3.570000000000000000e+02 1.000000000000000000e+00 1.000000000000000000e+00 1.000000000000000000e+00 7.578931339787728927e-01 3.580571520942082975e-01
3.570000000000000000e+02 9.781431461862911680e-01 9.694332403628632688e-01 8.021269899537083470e-01 7.578931339787728927e-01 3.580571520942082975e-01
3.580000000000000000e+02 1.000000000000000000e+00 1.000000000000000000e+00 1.000000000000000000e+00 3.966318538605381194e-01 3.121924735568596398e-01
3.580000000000000000e+02 9.672147192794366966e-01 9.541498605442948477e-01 7.031904849305625760e-01 3.966318538605381194e-01 3.121924735568596398e-01
3.590000000000000000e+02 1.000000000000000000e+00 1.000000000000000000e+00 1.000000000000000000e+00 5.262187426068023477e-01 5.476363113718751841e-01
3.590000000000000000e+02 9.562862923725823361e-01 9.388664807257265377e-01 6.042539799074166940e-01 5.262187426068023477e-01 5.476363113718751841e-01
