2.420000000000000000e+03 1.000000000000000000e+00 1.000000000000000000e+00 1.000000000000000000e+00 3.619434896565298931e-01 5.430380214423706775e-01
2.420000000000000000e+03 1.009729518901981038e+00 9.992484244854658026e-01 8.897834665593118419e-01 3.619434896565298931e-01 5.430380214423706775e-01
2.421000000000000000e+03 1.000000000000000000e+00 1.000000000000000000e+00 1.000000000000000000e+00 7.908062311340842143e-01 4.093434653680155244e-01
2.421000000000000000e+03 1.019459037803962076e+00 9.984968489709316053e-01 7.795669331186236839e-01 7.908062311340842143e-01 4.093434653680155244e-01
2.422000000000000000e+03 1.000000000000000000e+00 1.000000000000000000e+00 1.000000000000000000e+00 4.331527219628224512e-01 2.855686292612228394e-01
2.422000000000000000e+03 1.029188556705942892e+00 9.977452734563974079e-01 6.693503996779356369e-01 4.331527219628224512e-01 2.855686292612228394e-01
2.423000000000000000e+03 1.000000000000000000e+00 1.000000000000000000e+00 1.000000000000000000e+00 5.192287648475637507e-01 5.616816499481630531e-01
2.423000000000000000e+03 1.038918075607923930e+00 9.969936979418632106e-01 5.591338662372474788e-01 5.192287648475637507e-01 5.616816499481630531e-01
2.424000000000000000e+03 1.000000000000000000e+00 1.000000000000000000e+00 1.000000000000000000e+00 5.285635381505586761e-01 5.342654436161594633e-01
2.424000000000000000e+03 1.009729518901981038e+00 9.992484244854658026e-01 8.897834665593118419e-01 5.285635381505586761e-01 5.342654436161594633e-01
2.425000000000000000e+03 1.000000000000000000e+00 1.000000000000000000e+00 1.000000000000000000e+00 3.689879046999769985e-01 3.428350318201021096e-01
2.425000000000000000e+03 1.019459037803962076e+00 9.984968489709316053e-01 7.795669331186236839e-01 3.689879046999769985e-01 3.428350318201021096e-01
2.426000000000000000e+03 1.000000000000000000e+00 1.000000000000000000e+00 1.000000000000000000e+00 7.186147304617671594e-01 3.177636261252448913e-01
2.426000000000000000e+03 1.029188556705942892e+00 9.977452734563974079e-01 6.693503996779356369e-01 7.186147304617671594e-01 3.177636261252448913e-01
2.427000000000000000e+03 1.000000000000000000e+00 1.000000000000000000e+00 1.000000000000000000e+00 4.042847941019712676e-01 5.797878167252907833e-01
2.427000000000000000e+03 1.038918075607923930e+00 9.969936979418632106e-01 5.591338662372474788e-01 4.042847941019712676e-01 5.797878167252907833e-01
2.428000000000000000e+03 1.000000000000000000e+00 1.000000000000000000e+00 1.000000000000000000e+00 4.923528895444744258e-01 5.842630882389887592e-01
2.428000000000000000e+03 1.009729518901981038e+00 9.992484244854658026e-01 8.897834665593118419e-01 4.923528895444744258e-01 5.842630882389887592e-01
2.429000000000000000e+03 1.000000000000000000e+00 1.000000000000000000e+00 1.000000000000000000e+00 5.221081281959838449e-01 2.563917550542252899e-01
2.429000000000000000e+03 1.019459037803962076e+00 9.984968489709316053e-01 7.795669331186236839e-01 5.221081281959838449e-01 2.563917550542252899e-01
2.430000000000000000e+03 1.000000000000000000e+00 1.000000000000000000e+00 1.000000000000000000e+00 3.360643334076182098e-01 4.851223806742451794e-01
2.430000000000000000e+03 1.029188556705942892e+00 9.977452734563974079e-01 6.693503996779356369e-01 3.360643334076182098e-01 4.851223806742451794e-01
2.431000000000000000e+03 1.000000000000000000e+00 1.000000000000000000e+00 1.000000000000000000e+00 5.045905098855958393e-01 5.004166015852964389e-01
2.431000000000000000e+03 1.038918075607923930e+00 9.969936979418632106e-01 5.591338662372474788e-01 5.045905098855958393e-01 5.004166015852964389e-01
2.432000000000000000e+03 1.000000000000000000e+00 1.000000000000000000e+00 1.000000000000000000e+00 5.033520695365373276e-01 5.002214276695524653e-01
2.432000000000000000e+03 1.009729518901981038e+00 9.992484244854658026e-01 8.897834665593118419e-01 5.033520695365373276e-01 5.002214276695524653e-01
2.433000000000000000e+03 1.000000000000000000e+00 1.000000000000000000e+00 1.000000000000000000e+00 3.369958743976848026e-01 4.892324358829269748e-01
2.433000000000000000e+03 1.019459037803962076e+00 9.984968489709316053e-01 7.795669331186236839e-01 3.369958743976848026e-01 4.892324358829269748e-01
2.434000000000000000e+03 1.000000000000000000e+00 1.000000000000000000e+00 1.000000000000000000e+00 5.160406323408333051e-01 2.571698463647958954e-01
2.434000000000000000e+03 1.029188556705942892e+00 9.977452734563974079e-01 6.693503996779356369e-01 5.160406323408333051e-01 2.571698463647958954e-01
2.435000000000000000e+03 1.000000000000000000e+00 1.000000000000000000e+00 1.000000000000000000e+00 4.945055041066872548e-01 5.831780975694262903e-01
2.435000000000000000e+03 1.038918075607923930e+00 9.969936979418632106e-01 5.591338662372474788e-01 4.945055041066872548e-01 5.831780975694262903e-01
2.436000000000000000e+03 1.000000000000000000e+00 1.000000000000000000e+00 1.000000000000000000e+00 4.072119338391376742e-01 5.812890532514560782e-01
2.436000000000000000e+03 1.009729518901981038e+00 9.992484244854658026e-01 8.897834665593118419e-01 4.072119338391376742e-01 5.812890532514560782e-01
2.437000000000000000e+03 1.000000000000000000e+00 1.000000000000000000e+00 1.000000000000000000e+00 7.131363622327091534e-01 3.132771398714179201e-01
2.437000000000000000e+03 1.019459037803962076e+00 9.984968489709316053e-01 7.795669331186236839e-01 7.131363622327091534e-01 3.132771398714179201e-01
2.438000000000000000e+03 1.000000000000000000e+00 1.000000000000000000e+00 1.000000000000000000e+00 3.659940433099809765e-01 3.470377858032142049e-01
2.438000000000000000e+03 1.029188556705942892e+00 9.977452734563974079e-01 6.693503996779356369e-01 3.659940433099809765e-01 3.470377858032142049e-01
2.439000000000000000e+03 1.000000000000000000e+00 1.000000000000000000e+00 1.000000000000000000e+00 5.285721498128930218e-01 5.326139181249389676e-01
2.439000000000000000e+03 1.038918075607923930e+00 9.969936979418632106e-01 5.591338662372474788e-01 5.285721498128930218e-01 5.326139181249389676e-01
