3.520000000000000000e+03 1.000000000000000000e+00 1.000000000000000000e+00 1.000000000000000000e+00 5.059737102316589352e-01 5.007088936512610333e-01
3.520000000000000000e+03 9.907719795321409118e-01 9.095863748751749078e-01 1.012405709985626734e+00 5.059737102316589352e-01 5.007088936512610333e-01
3.521000000000000000e+03 1.000000000000000000e+00 1.000000000000000000e+00 1.000000000000000000e+00 3.351411137366848148e-01 4.804363765074070036e-01
3.521000000000000000e+03 9.815439590642818235e-01 8.191727497503498157e-01 1.024811419971253468e+00 3.351411137366848148e-01 4.804363765074070036e-01
3.522000000000000000e+03 1.000000000000000000e+00 1.000000000000000000e+00 1.000000000000000000e+00 5.289909884132589779e-01 2.556985257208567175e-01
3.522000000000000000e+03 9.723159385964227353e-01 7.287591246255247235e-01 1.037217129956879980e+00 5.289909884132589779e-01 2.556985257208567175e-01
3.523000000000000000e+03 1.000000000000000000e+00 1.000000000000000000e+00 1.000000000000000000e+00 4.898637414280729852e-01 5.854162982474870880e-01
3.523000000000000000e+03 9.630879181285636470e-01 6.383454995006996313e-01 1.049622839942506713e+00 4.898637414280729852e-01 5.854162982474870880e-01
3.524000000000000000e+03 1.000000000000000000e+00 1.000000000000000000e+00 1.000000000000000000e+00 4.010138659307173059e-01 5.779851460610199165e-01
3.524000000000000000e+03 9.907719795321409118e-01 9.095863748751749078e-01 1.012405709985626734e+00 4.010138659307173059e-01 5.779851460610199165e-01
3.525000000000000000e+03 1.000000000000000000e+00 1.000000000000000000e+00 1.000000000000000000e+00 7.246672267995313277e-01 3.229983758652238413e-01
3.525000000000000000e+03 9.815439590642818235e-01 8.191727497503498157e-01 1.024811419971253468e+00 7.246672267995313277e-01 3.229983758652238413e-01
3.526000000000000000e+03 1.000000000000000000e+00 1.000000000000000000e+00 1.000000000000000000e+00 3.725066149021019624e-01 3.381733195655929336e-01
3.526000000000000000e+03 9.723159385964227353e-01 7.287591246255247235e-01 1.037217129956879980e+00 3.725066149021019624e-01 3.381733195655929336e-01
3.527000000000000000e+03 1.000000000000000000e+00 1.000000000000000000e+00 1.000000000000000000e+00 5.284769070241418509e-01 5.361455877041584328e-01
3.527000000000000000e+03 9.630879181285636470e-01 6.383454995006996313e-01 1.049622839942506713e+00 5.284769070241418509e-01 5.361455877041584328e-01
3.528000000000000000e+03 1.000000000000000000e+00 1.000000000000000000e+00 1.000000000000000000e+00 5.178998171718869337e-01 5.635425785544908583e-01
3.528000000000000000e+03 9.907719795321409118e-01 9.095863748751749078e-01 1.012405709985626734e+00 5.178998171718869337e-01 5.635425785544908583e-01
3.529000000000000000e+03 1.000000000000000000e+00 1.000000000000000000e+00 1.000000000000000000e+00 4.387169573038238179e-01 2.824512665584115734e-01
3.529000000000000000e+03 9.815439590642818235e-01 8.191727497503498157e-01 1.024811419971253468e+00 4.387169573038238179e-01 2.824512665584115734e-01
3.530000000000000000e+03 1.000000000000000000e+00 1.000000000000000000e+00 1.000000000000000000e+00 7.945518108851370442e-01 4.170253445416791660e-01
3.530000000000000000e+03 9.723159385964227353e-01 7.287591246255247235e-01 1.037217129956879980e+00 7.945518108851370442e-01 4.170253445416791660e-01
3.531000000000000000e+03 1.000000000000000000e+00 1.000000000000000000e+00 1.000000000000000000e+00 3.594543440019603575e-01 5.395914299340316411e-01
3.531000000000000000e+03 9.630879181285636470e-01 6.383454995006996313e-01 1.049622839942506713e+00 3.594543440019603575e-01 5.395914299340316411e-01
3.532000000000000000e+03 1.000000000000000000e+00 1.000000000000000000e+00 1.000000000000000000e+00 4.481701380374907284e-01 5.924823126499757509e-01
3.532000000000000000e+03 9.907719795321409118e-01 9.095863748751749078e-01 1.012405709985626734e+00 4.481701380374907284e-01 5.924823126499757509e-01
3.533000000000000000e+03 1.000000000000000000e+00 1.000000000000000000e+00 1.000000000000000000e+00 6.300520854696713968e-01 2.679423179269216915e-01
3.533000000000000000e+03 9.815439590642818235e-01 8.191727497503498157e-01 1.024811419971253468e+00 6.300520854696713968e-01 2.679423179269216915e-01
3.534000000000000000e+03 1.000000000000000000e+00 1.000000000000000000e+00 1.000000000000000000e+00 3.377300026384729703e-01 4.090590262839097213e-01
3.534000000000000000e+03 9.723159385964227353e-01 7.287591246255247235e-01 1.037217129956879980e+00 3.377300026384729703e-01 4.090590262839097213e-01
3.535000000000000000e+03 1.000000000000000000e+00 1.000000000000000000e+00 1.000000000000000000e+00 5.226946279384243610e-01 5.127187502089282090e-01
3.535000000000000000e+03 9.630879181285636470e-01 6.383454995006996313e-01 1.049622839942506713e+00 5.226946279384243610e-01 5.127187502089282090e-01
3.536000000000000000e+03 1.000000000000000000e+00 1.000000000000000000e+00 1.000000000000000000e+00 5.273793187688441408e-01 5.233986783364925621e-01
3.536000000000000000e+03 9.907719795321409118e-01 9.095863748751749078e-01 1.012405709985626734e+00 5.273793187688441408e-01 5.233986783364925621e-01
3.537000000000000000e+03 1.000000000000000000e+00 1.000000000000000000e+00 1.000000000000000000e+00 3.509876121669635030e-01 3.726523124809981158e-01
3.537000000000000000e+03 9.815439590642818235e-01 8.191727497503498157e-01 1.024811419971253468e+00 3.509876121669635030e-01 3.726523124809981158e-01
3.538000000000000000e+03 1.000000000000000000e+00 1.000000000000000000e+00 1.000000000000000000e+00 6.793221921102564620e-01 2.901710776348672693e-01
3.538000000000000000e+03 9.723159385964227353e-01 7.287591246255247235e-01 1.037217129956879980e+00 6.793221921102564620e-01 2.901710776348672693e-01
3.539000000000000000e+03 1.000000000000000000e+00 1.000000000000000000e+00 1.000000000000000000e+00 4.246268170722527491e-01 5.881958533009402634e-01
3.539000000000000000e+03 9.630879181285636470e-01 6.383454995006996313e-01 1.049622839942506713e+00 4.246268170722527491e-01 5.881958533009402634e-01
