4.720000000000000000e+03 1.000000000000000000e+00 1.000000000000000000e+00 1.000000000000000000e+00 5.210800783532064662e-01 5.105096907587870492e-01
4.720000000000000000e+03 1.013439453431468351e+00 9.108219808373954063e-01 9.967542964444080500e-01 5.210800783532064662e-01 5.105096907587870492e-01
4.721000000000000000e+03 1.000000000000000000e+00 1.000000000000000000e+00 1.000000000000000000e+00 3.357292069954942448e-01 4.181010997088882020e-01
4.721000000000000000e+03 1.026878906862936702e+00 8.216439616747907015e-01 9.935085928888162110e-01 3.357292069954942448e-01 4.181010997088882020e-01
4.722000000000000000e+03 1.000000000000000000e+00 1.000000000000000000e+00 1.000000000000000000e+00 6.175935050572742835e-01 2.641338496698446003e-01
4.722000000000000000e+03 1.040318360294405275e+00 7.324659425121859968e-01 9.902628893332243720e-01 6.175935050572742835e-01 2.641338496698446003e-01
4.723000000000000000e+03 1.000000000000000000e+00 1.000000000000000000e+00 1.000000000000000000e+00 4.537957044750505209e-01 5.926754356788560552e-01
4.723000000000000000e+03 1.053757813725873627e+00 6.432879233495814031e-01 9.870171857776324220e-01 4.537957044750505209e-01 5.926754356788560552e-01
4.724000000000000000e+03 1.000000000000000000e+00 1.000000000000000000e+00 1.000000000000000000e+00 3.638644704222401827e-01 5.455528911245547397e-01
4.724000000000000000e+03 1.013439453431468351e+00 9.108219808373954063e-01 9.967542964444080500e-01 3.638644704222401827e-01 5.455528911245547397e-01
4.725000000000000000e+03 1.000000000000000000e+00 1.000000000000000000e+00 1.000000000000000000e+00 7.878664490744957671e-01 4.036757777064178265e-01
4.725000000000000000e+03 1.026878906862936702e+00 8.216439616747907015e-01 9.935085928888162110e-01 7.878664490744957671e-01 4.036757777064178265e-01
4.726000000000000000e+03 1.000000000000000000e+00 1.000000000000000000e+00 1.000000000000000000e+00 4.290614432909315989e-01 2.879990106738722355e-01
4.726000000000000000e+03 1.040318360294405275e+00 7.324659425121859968e-01 9.902628893332243720e-01 4.290614432909315989e-01 2.879990106738722355e-01
4.727000000000000000e+03 1.000000000000000000e+00 1.000000000000000000e+00 1.000000000000000000e+00 5.201672255400409117e-01 5.602700698293918702e-01
4.727000000000000000e+03 1.053757813725873627e+00 6.432879233495814031e-01 9.870171857776324220e-01 5.201672255400409117e-01 5.602700698293918702e-01
4.728000000000000000e+03 1.000000000000000000e+00 1.000000000000000000e+00 1.000000000000000000e+00 5.285750062483857148e-01 5.328706528856269609e-01
4.728000000000000000e+03 1.013439453431468351e+00 9.108219808373954063e-01 9.967542964444080500e-01 5.285750062483857148e-01 5.328706528856269609e-01
4.729000000000000000e+03 1.000000000000000000e+00 1.000000000000000000e+00 1.000000000000000000e+00 3.664534909772754201e-01 3.463776034197292297e-01
4.729000000000000000e+03 1.026878906862936702e+00 8.216439616747907015e-01 9.935085928888162110e-01 3.664534909772754201e-01 3.463776034197292297e-01
4.730000000000000000e+03 1.000000000000000000e+00 1.000000000000000000e+00 1.000000000000000000e+00 7.139982684275927305e-01 3.139677395901059320e-01
4.730000000000000000e+03 1.040318360294405275e+00 7.324659425121859968e-01 9.902628893332243720e-01 7.139982684275927305e-01 3.139677395901059320e-01
4.731000000000000000e+03 1.000000000000000000e+00 1.000000000000000000e+00 1.000000000000000000e+00 4.067534752670511344e-01 5.810607576355550918e-01
4.731000000000000000e+03 1.053757813725873627e+00 6.432879233495814031e-01 9.870171857776324220e-01 4.067534752670511344e-01 5.810607576355550918e-01
4.732000000000000000e+03 1.000000000000000000e+00 1.000000000000000000e+00 1.000000000000000000e+00 4.941729402923492609e-01 5.833512518105524736e-01
4.732000000000000000e+03 1.013439453431468351e+00 9.108219808373954063e-01 9.967542964444080500e-01 4.941729402923492609e-01 5.833512518105524736e-01
4.733000000000000000e+03 1.000000000000000000e+00 1.000000000000000000e+00 1.000000000000000000e+00 5.169853750711558282e-01 2.570383099397873794e-01
4.733000000000000000e+03 1.026878906862936702e+00 8.216439616747907015e-01 9.935085928888162110e-01 5.169853750711558282e-01 2.570383099397873794e-01
4.734000000000000000e+03 1.000000000000000000e+00 1.000000000000000000e+00 1.000000000000000000e+00 3.368435290646174529e-01 4.885937826105967163e-01
4.734000000000000000e+03 1.040318360294405275e+00 7.324659425121859968e-01 9.902628893332243720e-01 3.368435290646174529e-01 4.885937826105967163e-01
4.735000000000000000e+03 1.000000000000000000e+00 1.000000000000000000e+00 1.000000000000000000e+00 5.035460326857224000e-01 5.002479020258981945e-01
4.735000000000000000e+03 1.053757813725873627e+00 6.432879233495814031e-01 9.870171857776324220e-01 5.035460326857224000e-01 5.002479020258981945e-01
4.736000000000000000e+03 1.000000000000000000e+00 1.000000000000000000e+00 1.000000000000000000e+00 5.047833224901630000e-01 5.004526012900520904e-01
4.736000000000000000e+03 1.013439453431468351e+00 9.108219808373954063e-01 9.967542964444080500e-01 5.047833224901630000e-01 5.004526012900520904e-01
4.737000000000000000e+03 1.000000000000000000e+00 1.000000000000000000e+00 1.000000000000000000e+00 3.359281497073348111e-01 4.844754077826849969e-01
4.737000000000000000e+03 1.026878906862936702e+00 8.216439616747907015e-01 9.935085928888162110e-01 3.359281497073348111e-01 4.844754077826849969e-01
4.738000000000000000e+03 1.000000000000000000e+00 1.000000000000000000e+00 1.000000000000000000e+00 5.230605876809463206e-01 2.562838858060837444e-01
4.738000000000000000e+03 1.040318360294405275e+00 7.324659425121859968e-01 9.902628893332243720e-01 5.230605876809463206e-01 2.562838858060837444e-01
4.739000000000000000e+03 1.000000000000000000e+00 1.000000000000000000e+00 1.000000000000000000e+00 4.920114032463164810e-01 5.844275863914141222e-01
4.739000000000000000e+03 1.053757813725873627e+00 6.432879233495814031e-01 9.870171857776324220e-01 4.920114032463164810e-01 5.844275863914141222e-01
