3.360000000000000000e+03 1.000000000000000000e+00 1.000000000000000000e+00 1.000000000000000000e+00 5.162829422406255420e-01 5.057417417765933676e-01
3.360000000000000000e+03 9.935961706262369519e-01 9.279320169261005002e-01 9.858498728888018814e-01 5.162829422406255420e-01 5.057417417765933676e-01
3.361000000000000000e+03 1.000000000000000000e+00 1.000000000000000000e+00 1.000000000000000000e+00 3.328235477647994989e-01 4.410497190448394722e-01
3.361000000000000000e+03 9.871923412524739039e-01 8.558640338522011115e-01 9.716997457776037628e-01 3.328235477647994989e-01 4.410497190448394722e-01
3.362000000000000000e+03 1.000000000000000000e+00 1.000000000000000000e+00 1.000000000000000000e+00 5.855545505444440524e-01 2.573767927675120193e-01
3.362000000000000000e+03 9.807885118787109668e-01 7.837960507783017228e-01 9.575496186664057552e-01 5.855545505444440524e-01 2.573767927675120193e-01
3.363000000000000000e+03 1.000000000000000000e+00 1.000000000000000000e+00 1.000000000000000000e+00 4.676539886341230523e-01 5.917296972379130215e-01
3.363000000000000000e+03 9.743846825049479188e-01 7.117280677044022230e-01 9.433994915552076366e-01 4.676539886341230523e-01 5.917296972379130215e-01
3.364000000000000000e+03 1.000000000000000000e+00 1.000000000000000000e+00 1.000000000000000000e+00 3.761847393096343639e-01 5.592590332929707753e-01
3.364000000000000000e+03 9.935961706262369519e-01 9.279320169261005002e-01 9.858498728888018814e-01 3.761847393096343639e-01 5.592590332929707753e-01
3.365000000000000000e+03 1.000000000000000000e+00 1.000000000000000000e+00 1.000000000000000000e+00 7.681372037147646825e-01 3.716672614230200344e-01
3.365000000000000000e+03 9.871923412524739039e-01 8.558640338522011115e-01 9.716997457776037628e-01 7.681372037147646825e-01 3.716672614230200344e-01
3.366000000000000000e+03 1.000000000000000000e+00 1.000000000000000000e+00 1.000000000000000000e+00 4.062041140650246573e-01 3.040237677974348962e-01
3.366000000000000000e+03 9.807885118787109668e-01 7.837960507783017228e-01 9.575496186664057552e-01 4.062041140650246573e-01 3.040237677974348962e-01
3.367000000000000000e+03 1.000000000000000000e+00 1.000000000000000000e+00 1.000000000000000000e+00 5.247221806509662079e-01 5.516542891781661684e-01
3.367000000000000000e+03 9.743846825049479188e-01 7.117280677044022230e-01 9.433994915552076366e-01 5.247221806509662079e-01 5.516542891781661684e-01
3.368000000000000000e+03 1.000000000000000000e+00 1.000000000000000000e+00 1.000000000000000000e+00 5.041463467764493167e-01 5.771542909697837676e-01
3.368000000000000000e+03 9.935961706262369519e-01 9.279320169261005002e-01 9.858498728888018814e-01 5.041463467764493167e-01 5.771542909697837676e-01
3.369000000000000000e+03 1.000000000000000000e+00 1.000000000000000000e+00 1.000000000000000000e+00 4.872674871991137246e-01 2.630762571534547289e-01
3.369000000000000000e+03 9.871923412524739039e-01 8.558640338522011115e-01 9.716997457776037628e-01 4.872674871991137246e-01 2.630762571534547289e-01
3.370000000000000000e+03 1.000000000000000000e+00 1.000000000000000000e+00 1.000000000000000000e+00 8.168084687849259673e-01 4.829744041868952453e-01
3.370000000000000000e+03 9.807885118787109668e-01 7.837960507783017228e-01 9.575496186664057552e-01 8.168084687849259673e-01 4.829744041868952453e-01
3.371000000000000000e+03 1.000000000000000000e+00 1.000000000000000000e+00 1.000000000000000000e+00 3.429609830918355362e-01 5.084394297886677405e-01
3.371000000000000000e+03 9.743846825049479188e-01 7.117280677044022230e-01 9.433994915552076366e-01 3.429609830918355362e-01 5.084394297886677405e-01
3.372000000000000000e+03 1.000000000000000000e+00 1.000000000000000000e+00 1.000000000000000000e+00 4.216499059233433933e-01 5.872495820323495597e-01
3.372000000000000000e+03 9.935961706262369519e-01 9.279320169261005002e-01 9.858498728888018814e-01 4.216499059233433933e-01 5.872495820323495597e-01
3.373000000000000000e+03 1.000000000000000000e+00 1.000000000000000000e+00 1.000000000000000000e+00 6.852528207048994568e-01 2.937050188988616917e-01
3.373000000000000000e+03 9.871923412524739039e-01 8.558640338522011115e-01 9.716997457776037628e-01 6.852528207048994568e-01 2.937050188988616917e-01
3.374000000000000000e+03 1.000000000000000000e+00 1.000000000000000000e+00 1.000000000000000000e+00 3.532277184332561770e-01 3.681985426092219127e-01
3.374000000000000000e+03 9.807885118787109668e-01 7.837960507783017228e-01 9.575496186664057552e-01 3.532277184332561770e-01 3.681985426092219127e-01
3.375000000000000000e+03 1.000000000000000000e+00 1.000000000000000000e+00 1.000000000000000000e+00 5.277268824979551853e-01 5.248987307625351262e-01
3.375000000000000000e+03 9.743846825049479188e-01 7.117280677044022230e-01 9.433994915552076366e-01 5.277268824979551853e-01 5.248987307625351262e-01
3.376000000000000000e+03 1.000000000000000000e+00 1.000000000000000000e+00 1.000000000000000000e+00 5.234507657234263034e-01 5.139095612305204508e-01
3.376000000000000000e+03 9.935961706262369519e-01 9.279320169261005002e-01 9.858498728888018814e-01 5.234507657234263034e-01 5.139095612305204508e-01
3.377000000000000000e+03 1.000000000000000000e+00 1.000000000000000000e+00 1.000000000000000000e+00 3.389355718078712609e-01 4.044664232963969264e-01
3.377000000000000000e+03 9.871923412524739039e-01 8.558640338522011115e-01 9.716997457776037628e-01 3.389355718078712609e-01 4.044664232963969264e-01
3.378000000000000000e+03 1.000000000000000000e+00 1.000000000000000000e+00 1.000000000000000000e+00 6.363455844401444406e-01 2.701287405735199876e-01
3.378000000000000000e+03 9.807885118787109668e-01 7.837960507783017228e-01 9.575496186664057552e-01 6.363455844401444406e-01 2.701287405735199876e-01
3.379000000000000000e+03 1.000000000000000000e+00 1.000000000000000000e+00 1.000000000000000000e+00 4.452784310329382378e-01 5.922575969577775767e-01
3.379000000000000000e+03 9.743846825049479188e-01 7.117280677044022230e-01 9.433994915552076366e-01 4.452784310329382378e-01 5.922575969577775767e-01
