3.120000000000000000e+03 1.000000000000000000e+00 1.000000000000000000e+00 1.000000000000000000e+00 5.223000728350293276e-01 5.121404526045369998e-01
3.120000000000000000e+03 9.994053367322525139e-01 9.423414246528305505e-01 9.948381807048302106e-01 5.223000728350293276e-01 5.121404526045369998e-01
3.121000000000000000e+03 1.000000000000000000e+00 1.000000000000000000e+00 1.000000000000000000e+00 3.371751604999239649e-01 4.113560183674880855e-01
3.121000000000000000e+03 9.988106734645050278e-01 8.846828493056611009e-01 9.896763614096604211e-01 3.371751604999239649e-01 4.113560183674880855e-01
3.122000000000000000e+03 1.000000000000000000e+00 1.000000000000000000e+00 1.000000000000000000e+00 6.268957461464993441e-01 2.669127771674006944e-01
3.122000000000000000e+03 9.982160101967575416e-01 8.270242739584915403e-01 9.845145421144907427e-01 6.268957461464993441e-01 2.669127771674006944e-01
3.123000000000000000e+03 1.000000000000000000e+00 1.000000000000000000e+00 1.000000000000000000e+00 4.496077828814755151e-01 5.925624561675526536e-01
3.123000000000000000e+03 9.976213469290100555e-01 7.693656986113220908e-01 9.793527228193209533e-01 4.496077828814755151e-01 5.925624561675526536e-01
3.124000000000000000e+03 1.000000000000000000e+00 1.000000000000000000e+00 1.000000000000000000e+00 3.605502362186338017e-01 5.411363248141077831e-01
3.124000000000000000e+03 9.994053367322525139e-01 9.423414246528305505e-01 9.948381807048302106e-01 3.605502362186338017e-01 5.411363248141077831e-01
3.125000000000000000e+03 1.000000000000000000e+00 1.000000000000000000e+00 1.000000000000000000e+00 7.929119433752609414e-01 4.135938239127632254e-01
3.125000000000000000e+03 9.988106734645050278e-01 8.846828493056611009e-01 9.896763614096604211e-01 7.929119433752609414e-01 4.135938239127632254e-01
3.126000000000000000e+03 1.000000000000000000e+00 1.000000000000000000e+00 1.000000000000000000e+00 4.362287495493277212e-01 2.838191464216863746e-01
3.126000000000000000e+03 9.982160101967575416e-01 8.270242739584915403e-01 9.845145421144907427e-01 4.362287495493277212e-01 2.838191464216863746e-01
3.127000000000000000e+03 1.000000000000000000e+00 1.000000000000000000e+00 1.000000000000000000e+00 5.185013991775433428e-01 5.627186739844188823e-01
3.127000000000000000e+03 9.976213469290100555e-01 7.693656986113220908e-01 9.793527228193209533e-01 5.185013991775433428e-01 5.627186739844188823e-01
3.128000000000000000e+03 1.000000000000000000e+00 1.000000000000000000e+00 1.000000000000000000e+00 5.285255461246612940e-01 5.353072521754447255e-01
3.128000000000000000e+03 9.994053367322525139e-01 9.423414246528305505e-01 9.948381807048302106e-01 5.285255461246612940e-01 5.353072521754447255e-01
3.129000000000000000e+03 1.000000000000000000e+00 1.000000000000000000e+00 1.000000000000000000e+00 3.709231312190453544e-01 3.402362031510428597e-01
3.129000000000000000e+03 9.988106734645050278e-01 8.846828493056611009e-01 9.896763614096604211e-01 3.709231312190453544e-01 3.402362031510428597e-01
3.130000000000000000e+03 1.000000000000000000e+00 1.000000000000000000e+00 1.000000000000000000e+00 7.219920691857133477e-01 3.206474698908987064e-01
3.130000000000000000e+03 9.982160101967575416e-01 8.270242739584915403e-01 9.845145421144907427e-01 7.219920691857133477e-01 3.206474698908987064e-01
3.131000000000000000e+03 1.000000000000000000e+00 1.000000000000000000e+00 1.000000000000000000e+00 4.024644754877990671e-01 5.788012074528079420e-01
3.131000000000000000e+03 9.976213469290100555e-01 7.693656986113220908e-01 9.793527228193209533e-01 4.024644754877990671e-01 5.788012074528079420e-01
3.132000000000000000e+03 1.000000000000000000e+00 1.000000000000000000e+00 1.000000000000000000e+00 4.909787235149408180e-01 5.849127517424252964e-01
3.132000000000000000e+03 9.994053367322525139e-01 9.423414246528305505e-01 9.948381807048302106e-01 4.909787235149408180e-01 5.849127517424252964e-01
3.133000000000000000e+03 1.000000000000000000e+00 1.000000000000000000e+00 1.000000000000000000e+00 5.259248210792047962e-01 2.559826594483460838e-01
3.133000000000000000e+03 9.988106734645050278e-01 8.846828493056611009e-01 9.896763614096604211e-01 5.259248210792047962e-01 2.559826594483460838e-01
3.134000000000000000e+03 1.000000000000000000e+00 1.000000000000000000e+00 1.000000000000000000e+00 3.355349538529603937e-01 4.825269512178679832e-01
3.134000000000000000e+03 9.982160101967575416e-01 8.270242739584915403e-01 9.845145421144907427e-01 3.355349538529603937e-01 4.825269512178679832e-01
3.135000000000000000e+03 1.000000000000000000e+00 1.000000000000000000e+00 1.000000000000000000e+00 5.053604573378108755e-01 5.005695041879864027e-01
3.135000000000000000e+03 9.976213469290100555e-01 7.693656986113220908e-01 9.793527228193209533e-01 5.053604573378108755e-01 5.005695041879864027e-01
3.136000000000000000e+03 1.000000000000000000e+00 1.000000000000000000e+00 1.000000000000000000e+00 5.077961112290212409e-01 5.012176258026808107e-01
3.136000000000000000e+03 9.994053367322525139e-01 9.423414246528305505e-01 9.948381807048302106e-01 5.077961112290212409e-01 5.012176258026808107e-01
3.137000000000000000e+03 1.000000000000000000e+00 1.000000000000000000e+00 1.000000000000000000e+00 3.341203660280533949e-01 4.740922985152359881e-01
3.137000000000000000e+03 9.988106734645050278e-01 8.846828493056611009e-01 9.896763614096604211e-01 3.341203660280533949e-01 4.740922985152359881e-01
3.138000000000000000e+03 1.000000000000000000e+00 1.000000000000000000e+00 1.000000000000000000e+00 5.382527393258057513e-01 2.550786046565907128e-01
3.138000000000000000e+03 9.982160101967575416e-01 8.270242739584915403e-01 9.845145421144907427e-01 5.382527393258057513e-01 2.550786046565907128e-01
3.139000000000000000e+03 1.000000000000000000e+00 1.000000000000000000e+00 1.000000000000000000e+00 4.864373363562775054e-01 5.868378726004839230e-01
3.139000000000000000e+03 9.976213469290100555e-01 7.693656986113220908e-01 9.793527228193209533e-01 4.864373363562775054e-01 5.868378726004839230e-01
