2.540000000000000000e+03 1.000000000000000000e+00 1.000000000000000000e+00 1.000000000000000000e+00 4.368633111755220177e-01 5.911238692641596071e-01
2.540000000000000000e+03 9.985250666241873851e-01 1.002217728643716166e+00 8.862111654940494354e-01 4.368633111755220177e-01 5.911238692641596071e-01
2.541000000000000000e+03 1.000000000000000000e+00 1.000000000000000000e+00 1.000000000000000000e+00 6.542599719199894137e-01 2.773597922911615887e-01
2.541000000000000000e+03 9.970501332483747703e-01 1.004435457287432332e+00 7.724223309880988708e-01 6.542599719199894137e-01 2.773597922911615887e-01
2.542000000000000000e+03 1.000000000000000000e+00 1.000000000000000000e+00 1.000000000000000000e+00 3.431179615135010463e-01 3.913016696277662465e-01
2.542000000000000000e+03 9.955751998725622665e-01 1.006653185931148498e+00 6.586334964821481952e-01 3.431179615135010463e-01 3.913016696277662465e-01
2.543000000000000000e+03 1.000000000000000000e+00 1.000000000000000000e+00 1.000000000000000000e+00 5.253657000418203715e-01 5.175750472767222110e-01
2.543000000000000000e+03 9.941002664967496516e-01 1.008870914574864663e+00 5.448446619761976306e-01 5.253657000418203715e-01 5.175750472767222110e-01
2.544000000000000000e+03 1.000000000000000000e+00 1.000000000000000000e+00 1.000000000000000000e+00 5.191341168907216419e-01 5.083065694605429785e-01
2.544000000000000000e+03 9.985250666241873851e-01 1.002217728643716166e+00 8.862111654940494354e-01 5.191341168907216419e-01 5.083065694605429785e-01
2.545000000000000000e+03 1.000000000000000000e+00 1.000000000000000000e+00 1.000000000000000000e+00 3.340993235879378687e-01 4.279786205949172029e-01
2.545000000000000000e+03 9.970501332483747703e-01 1.004435457287432332e+00 7.724223309880988708e-01 3.340993235879378687e-01 4.279786205949172029e-01
2.546000000000000000e+03 1.000000000000000000e+00 1.000000000000000000e+00 1.000000000000000000e+00 6.038787843773527619e-01 2.607160438272677072e-01
2.546000000000000000e+03 9.955751998725622665e-01 1.006653185931148498e+00 6.586334964821481952e-01 6.038787843773527619e-01 2.607160438272677072e-01
2.547000000000000000e+03 1.000000000000000000e+00 1.000000000000000000e+00 1.000000000000000000e+00 4.598360255671871122e-01 5.925173966513919144e-01
2.547000000000000000e+03 9.941002664967496516e-01 1.008870914574864663e+00 5.448446619761976306e-01 4.598360255671871122e-01 5.925173966513919144e-01
2.548000000000000000e+03 1.000000000000000000e+00 1.000000000000000000e+00 1.000000000000000000e+00 3.689719018535413397e-01 5.517010736978703589e-01
2.548000000000000000e+03 9.985250666241873851e-01 1.002217728643716166e+00 8.862111654940494354e-01 3.689719018535413397e-01 5.517010736978703589e-01
2.549000000000000000e+03 1.000000000000000000e+00 1.000000000000000000e+00 1.000000000000000000e+00 7.798609018092137468e-01 3.895724709869669566e-01
2.549000000000000000e+03 9.970501332483747703e-01 1.004435457287432332e+00 7.724223309880988708e-01 7.798609018092137468e-01 3.895724709869669566e-01
2.550000000000000000e+03 1.000000000000000000e+00 1.000000000000000000e+00 1.000000000000000000e+00 4.189356986445483266e-01 2.945555000221637965e-01
2.550000000000000000e+03 9.955751998725622665e-01 1.006653185931148498e+00 6.586334964821481952e-01 4.189356986445483266e-01 2.945555000221637965e-01
2.551000000000000000e+03 1.000000000000000000e+00 1.000000000000000000e+00 1.000000000000000000e+00 5.223378460402889889e-01 5.566116963150811170e-01
2.551000000000000000e+03 9.941002664967496516e-01 1.008870914574864663e+00 5.448446619761976306e-01 5.223378460402889889e-01 5.566116963150811170e-01
2.552000000000000000e+03 1.000000000000000000e+00 1.000000000000000000e+00 1.000000000000000000e+00 5.284003347352765889e-01 5.293753214844513222e-01
2.552000000000000000e+03 9.985250666241873851e-01 1.002217728643716166e+00 8.862111654940494354e-01 5.284003347352765889e-01 5.293753214844513222e-01
2.553000000000000000e+03 1.000000000000000000e+00 1.000000000000000000e+00 1.000000000000000000e+00 3.603876470279232525e-01 3.555947389358999899e-01
2.553000000000000000e+03 9.970501332483747703e-01 1.004435457287432332e+00 7.724223309880988708e-01 3.603876470279232525e-01 3.555947389358999899e-01
2.554000000000000000e+03 1.000000000000000000e+00 1.000000000000000000e+00 1.000000000000000000e+00 7.019202308539242985e-01 3.047816379095231731e-01
2.554000000000000000e+03 9.955751998725622665e-01 1.006653185931148498e+00 6.586334964821481952e-01 7.019202308539242985e-01 3.047816379095231731e-01
2.555000000000000000e+03 1.000000000000000000e+00 1.000000000000000000e+00 1.000000000000000000e+00 4.131097087257243339e-01 5.840063438536766682e-01
2.555000000000000000e+03 9.941002664967496516e-01 1.008870914574864663e+00 5.448446619761976306e-01 4.131097087257243339e-01 5.840063438536766682e-01
2.556000000000000000e+03 1.000000000000000000e+00 1.000000000000000000e+00 1.000000000000000000e+00 4.986356607402002705e-01 5.808478639407053112e-01
2.556000000000000000e+03 9.985250666241873851e-01 1.002217728643716166e+00 8.862111654940494354e-01 4.986356607402002705e-01 5.808478639407053112e-01
2.557000000000000000e+03 1.000000000000000000e+00 1.000000000000000000e+00 1.000000000000000000e+00 5.040640173313647443e-01 2.591749134983628577e-01
2.557000000000000000e+03 9.970501332483747703e-01 1.004435457287432332e+00 7.724223309880988708e-01 5.040640173313647443e-01 2.591749134983628577e-01
2.558000000000000000e+03 1.000000000000000000e+00 1.000000000000000000e+00 1.000000000000000000e+00 3.391635247788288288e-01 4.972858217044177631e-01
2.558000000000000000e+03 9.955751998725622665e-01 1.006653185931148498e+00 6.586334964821481952e-01 3.391635247788288288e-01 4.972858217044177631e-01
2.559000000000000000e+03 1.000000000000000000e+00 1.000000000000000000e+00 1.000000000000000000e+00 5.008592526602393402e-01 5.000145002240171666e-01
2.559000000000000000e+03 9.941002664967496516e-01 1.008870914574864663e+00 5.448446619761976306e-01 5.008592526602393402e-01 5.000145002240171666e-01
