1.680000000000000000e+03 1.000000000000000000e+00 1.000000000000000000e+00 1.000000000000000000e+00 5.268935076931728911e-01 5.216597892538167303e-01
1.680000000000000000e+03 9.952611550114852657e-01 9.184587646325645949e-01 9.993913236523046528e-01 5.268935076931728911e-01 5.216597892538167303e-01
1.681000000000000000e+03 1.000000000000000000e+00 1.000000000000000000e+00 1.000000000000000000e+00 3.484958503257909457e-01 3.779799202669602565e-01
1.681000000000000000e+03 9.905223100229705313e-01 8.369175292651291898e-01 9.987826473046093056e-01 3.484958503257909457e-01 3.779799202669602565e-01
1.682000000000000000e+03 1.000000000000000000e+00 1.000000000000000000e+00 1.000000000000000000e+00 6.722002249726513057e-01 2.861905293352728918e-01
1.682000000000000000e+03 9.857834650344556859e-01 7.553762938976936736e-01 9.981739709569140695e-01 6.722002249726513057e-01 2.861905293352728918e-01
1.683000000000000000e+03 1.000000000000000000e+00 1.000000000000000000e+00 1.000000000000000000e+00 4.281600655065718186e-01 5.891988286836908895e-01
1.683000000000000000e+03 9.810446200459409516e-01 6.738350585302582685e-01 9.975652946092187223e-01 4.281600655065718186e-01 5.891988286836908895e-01
1.684000000000000000e+03 1.000000000000000000e+00 1.000000000000000000e+00 1.000000000000000000e+00 3.463587805454370616e-01 5.165614887941069044e-01
1.684000000000000000e+03 9.952611550114852657e-01 9.184587646325645949e-01 9.993913236523046528e-01 3.463587805454370616e-01 5.165614887941069044e-01
1.685000000000000000e+03 1.000000000000000000e+00 1.000000000000000000e+00 1.000000000000000000e+00 8.127196913670730050e-01 4.662909232128037429e-01
1.685000000000000000e+03 9.905223100229705313e-01 8.369175292651291898e-01 9.987826473046093056e-01 8.127196913670730050e-01 4.662909232128037429e-01
1.686000000000000000e+03 1.000000000000000000e+00 1.000000000000000000e+00 1.000000000000000000e+00 4.748647172093484192e-01 2.668195445891820006e-01
1.686000000000000000e+03 9.857834650344556859e-01 7.553762938976936736e-01 9.981739709569140695e-01 4.748647172093484192e-01 2.668195445891820006e-01
1.687000000000000000e+03 1.000000000000000000e+00 1.000000000000000000e+00 1.000000000000000000e+00 5.079876947975621171e-01 5.741019834983078773e-01
1.687000000000000000e+03 9.810446200459409516e-01 6.738350585302582685e-01 9.975652946092187223e-01 5.079876947975621171e-01 5.741019834983078773e-01
1.688000000000000000e+03 1.000000000000000000e+00 1.000000000000000000e+00 1.000000000000000000e+00 5.261473939724051752e-01 5.478536416066147607e-01
1.688000000000000000e+03 9.952611550114852657e-01 9.184587646325645949e-01 9.993913236523046528e-01 5.261473939724051752e-01 5.478536416066147607e-01
1.689000000000000000e+03 1.000000000000000000e+00 1.000000000000000000e+00 1.000000000000000000e+00 3.971336048019702414e-01 3.117391119602235250e-01
1.689000000000000000e+03 9.905223100229705313e-01 8.369175292651291898e-01 9.987826473046093056e-01 3.971336048019702414e-01 3.117391119602235250e-01
1.690000000000000000e+03 1.000000000000000000e+00 1.000000000000000000e+00 1.000000000000000000e+00 7.584645112563573877e-01 3.587741041891578941e-01
1.690000000000000000e+03 9.857834650344556859e-01 7.553762938976936736e-01 9.981739709569140695e-01 7.584645112563573877e-01 3.587741041891578941e-01
1.691000000000000000e+03 1.000000000000000000e+00 1.000000000000000000e+00 1.000000000000000000e+00 3.819427351768044376e-01 5.645068945852175224e-01
1.691000000000000000e+03 9.810446200459409516e-01 6.738350585302582685e-01 9.975652946092187223e-01 3.819427351768044376e-01 5.645068945852175224e-01
1.692000000000000000e+03 1.000000000000000000e+00 1.000000000000000000e+00 1.000000000000000000e+00 4.733927675867056761e-01 5.907094945960313925e-01
1.692000000000000000e+03 9.952611550114852657e-01 9.184587646325645949e-01 9.993913236523046528e-01 4.733927675867056761e-01 5.907094945960313925e-01
1.693000000000000000e+03 1.000000000000000000e+00 1.000000000000000000e+00 1.000000000000000000e+00 5.716416224814154790e-01 2.557590633108510758e-01
1.693000000000000000e+03 9.905223100229705313e-01 8.369175292651291898e-01 9.987826473046093056e-01 5.716416224814154790e-01 2.557590633108510758e-01
1.694000000000000000e+03 1.000000000000000000e+00 1.000000000000000000e+00 1.000000000000000000e+00 3.325247843574098416e-01 4.508755725526450986e-01
1.694000000000000000e+03 9.857834650344556859e-01 7.553762938976936736e-01 9.981739709569140695e-01 3.325247843574098416e-01 4.508755725526450986e-01
1.695000000000000000e+03 1.000000000000000000e+00 1.000000000000000000e+00 1.000000000000000000e+00 5.139437735494726267e-01 5.040900373792336353e-01
1.695000000000000000e+03 9.810446200459409516e-01 6.738350585302582685e-01 9.975652946092187223e-01 5.139437735494726267e-01 5.040900373792336353e-01
1.696000000000000000e+03 1.000000000000000000e+00 1.000000000000000000e+00 1.000000000000000000e+00 5.181125493291094397e-01 5.073078918549113192e-01
1.696000000000000000e+03 9.952611550114852657e-01 9.184587646325645949e-01 9.993913236523046528e-01 5.181125493291094397e-01 5.073078918549113192e-01
1.697000000000000000e+03 1.000000000000000000e+00 1.000000000000000000e+00 1.000000000000000000e+00 3.335094465668264618e-01 4.328258580696554558e-01
1.697000000000000000e+03 9.905223100229705313e-01 8.369175292651291898e-01 9.987826473046093056e-01 3.335094465668264618e-01 4.328258580696554558e-01
1.698000000000000000e+03 1.000000000000000000e+00 1.000000000000000000e+00 1.000000000000000000e+00 5.971072669680612677e-01 2.593204445147944126e-01
1.698000000000000000e+03 9.857834650344556859e-01 7.553762938976936736e-01 9.981739709569140695e-01 5.971072669680612677e-01 2.593204445147944126e-01
1.699000000000000000e+03 1.000000000000000000e+00 1.000000000000000000e+00 1.000000000000000000e+00 4.627589831073720683e-01 5.923015513811414889e-01
1.699000000000000000e+03 9.810446200459409516e-01 6.738350585302582685e-01 9.975652946092187223e-01 4.627589831073720683e-01 5.923015513811414889e-01
