4.760000000000000000e+03 1.000000000000000000e+00 1.000000000000000000e+00 1.000000000000000000e+00 5.260199167636964157e-01 5.482339890905051361e-01
4.760000000000000000e+03 9.982917738555602272e-01 9.977830284899665836e-01 9.055847591623571446e-01 5.260199167636964157e-01 5.482339890905051361e-01
4.761000000000000000e+03 1.000000000000000000e+00 1.000000000000000000e+00 1.000000000000000000e+00 3.980160211806368364e-01 3.109488909417764679e-01
4.761000000000000000e+03 9.965835477111204543e-01 9.955660569799331672e-01 8.111695183247142893e-01 3.980160211806368364e-01 3.109488909417764679e-01
4.762000000000000000e+03 1.000000000000000000e+00 1.000000000000000000e+00 1.000000000000000000e+00 7.594596690420827301e-01 3.600339901528034070e-01
4.762000000000000000e+03 9.948753215666805705e-01 9.933490854698997508e-01 7.167542774870715450e-01 7.594596690420827301e-01 3.600339901528034070e-01
4.763000000000000000e+03 1.000000000000000000e+00 1.000000000000000000e+00 1.000000000000000000e+00 3.813574509256356659e-01 5.640019477915297896e-01
4.763000000000000000e+03 9.931670954222407977e-01 9.911321139598663343e-01 6.223390366494286896e-01 3.813574509256356659e-01 5.640019477915297896e-01
4.764000000000000000e+03 1.000000000000000000e+00 1.000000000000000000e+00 1.000000000000000000e+00 4.728277695623712140e-01 5.908273013196860823e-01
4.764000000000000000e+03 9.982917738555602272e-01 9.977830284899665836e-01 9.055847591623571446e-01 4.728277695623712140e-01 5.908273013196860823e-01
4.765000000000000000e+03 1.000000000000000000e+00 1.000000000000000000e+00 1.000000000000000000e+00 5.730302674679244035e-01 2.558852548379428882e-01
4.765000000000000000e+03 9.965835477111204543e-01 9.955660569799331672e-01 8.111695183247142893e-01 5.730302674679244035e-01 2.558852548379428882e-01
4.766000000000000000e+03 1.000000000000000000e+00 1.000000000000000000e+00 1.000000000000000000e+00 3.325289767591284029e-01 4.498987510472234330e-01
4.766000000000000000e+03 9.948753215666805705e-01 9.933490854698997508e-01 7.167542774870715450e-01 3.325289767591284029e-01 4.498987510472234330e-01
4.767000000000000000e+03 1.000000000000000000e+00 1.000000000000000000e+00 1.000000000000000000e+00 5.141835793985006786e-01 5.042432119224810050e-01
4.767000000000000000e+03 9.931670954222407977e-01 9.911321139598663343e-01 6.223390366494286896e-01 5.141835793985006786e-01 5.042432119224810050e-01
4.768000000000000000e+03 1.000000000000000000e+00 1.000000000000000000e+00 1.000000000000000000e+00 5.183260756275923642e-01 5.075087015564889725e-01
4.768000000000000000e+03 9.982917738555602272e-01 9.977830284899665836e-01 9.055847591623571446e-01 5.183260756275923642e-01 5.075087015564889725e-01
4.769000000000000000e+03 1.000000000000000000e+00 1.000000000000000000e+00 1.000000000000000000e+00 3.336194751206945641e-01 4.318292835019355014e-01
4.769000000000000000e+03 9.965835477111204543e-01 9.955660569799331672e-01 8.111695183247142893e-01 3.336194751206945641e-01 4.318292835019355014e-01
4.770000000000000000e+03 1.000000000000000000e+00 1.000000000000000000e+00 1.000000000000000000e+00 5.985017239688521506e-01 2.595922504948380283e-01
4.770000000000000000e+03 9.948753215666805705e-01 9.933490854698997508e-01 7.167542774870715450e-01 5.985017239688521506e-01 2.595922504948380283e-01
4.771000000000000000e+03 1.000000000000000000e+00 1.000000000000000000e+00 1.000000000000000000e+00 4.621602909727232644e-01 5.923533002534489000e-01
4.771000000000000000e+03 9.931670954222407977e-01 9.911321139598663343e-01 6.223390366494286896e-01 4.621602909727232644e-01 5.923533002534489000e-01
4.772000000000000000e+03 1.000000000000000000e+00 1.000000000000000000e+00 1.000000000000000000e+00 3.710434334804273426e-01 5.539958757541323386e-01
4.772000000000000000e+03 9.982917738555602272e-01 9.977830284899665836e-01 9.055847591623571446e-01 3.710434334804273426e-01 5.539958757541323386e-01
4.773000000000000000e+03 1.000000000000000000e+00 1.000000000000000000e+00 1.000000000000000000e+00 7.765413936959261187e-01 3.842083413207694198e-01
4.773000000000000000e+03 9.965835477111204543e-01 9.955660569799331672e-01 8.111695183247142893e-01 7.765413936959261187e-01 3.842083413207694198e-01
4.774000000000000000e+03 1.000000000000000000e+00 1.000000000000000000e+00 1.000000000000000000e+00 4.151062327833184851e-01 2.972510198922506119e-01
4.774000000000000000e+03 9.948753215666805705e-01 9.933490854698997508e-01 7.167542774870715450e-01 4.151062327833184851e-01 2.972510198922506119e-01
4.775000000000000000e+03 1.000000000000000000e+00 1.000000000000000000e+00 1.000000000000000000e+00 5.230979842915832734e-01 5.551641529313958712e-01
4.775000000000000000e+03 9.931670954222407977e-01 9.911321139598663343e-01 6.223390366494286896e-01 5.230979842915832734e-01 5.551641529313958712e-01
4.776000000000000000e+03 1.000000000000000000e+00 1.000000000000000000e+00 1.000000000000000000e+00 5.003060463933558522e-01 5.798041006626712957e-01
4.776000000000000000e+03 9.982917738555602272e-01 9.977830284899665836e-01 9.055847591623571446e-01 5.003060463933558522e-01 5.798041006626712957e-01
4.777000000000000000e+03 1.000000000000000000e+00 1.000000000000000000e+00 1.000000000000000000e+00 4.990803627954911170e-01 2.601970758844155407e-01
4.777000000000000000e+03 9.965835477111204543e-01 9.955660569799331672e-01 8.111695183247142893e-01 4.990803627954911170e-01 2.601970758844155407e-01
4.778000000000000000e+03 1.000000000000000000e+00 1.000000000000000000e+00 1.000000000000000000e+00 8.198023358420409856e-01 4.987735673899145739e-01
4.778000000000000000e+03 9.948753215666805705e-01 9.933490854698997508e-01 7.167542774870715450e-01 8.198023358420409856e-01 4.987735673899145739e-01
4.779000000000000000e+03 1.000000000000000000e+00 1.000000000000000000e+00 1.000000000000000000e+00 3.401964876108721225e-01 5.006128417989323953e-01
4.779000000000000000e+03 9.931670954222407977e-01 9.911321139598663343e-01 6.223390366494286896e-01 3.401964876108721225e-01 5.006128417989323953e-01
