1.540000000000000000e+03 1.000000000000000000e+00 1.000000000000000000e+00 1.000000000000000000e+00 4.132947586206123791e-01 5.840851441629533181e-01
1.540000000000000000e+03 1.003090606432089693e+00 9.976122848072199734e-01 9.045475746806250772e-01 4.132947586206123791e-01 5.840851441629533181e-01
1.541000000000000000e+03 1.000000000000000000e+00 1.000000000000000000e+00 1.000000000000000000e+00 7.015644485883045789e-01 3.045265147984126397e-01
1.541000000000000000e+03 1.006181212864179386e+00 9.952245696144399467e-01 8.090951493612501544e-01 7.015644485883045789e-01 3.045265147984126397e-01
1.542000000000000000e+03 1.000000000000000000e+00 1.000000000000000000e+00 1.000000000000000000e+00 3.602206853177296608e-01 3.558651550161539001e-01
1.542000000000000000e+03 1.009271819296268857e+00 9.928368544216600311e-01 7.136427240418753426e-01 3.602206853177296608e-01 3.558651550161539001e-01
1.543000000000000000e+03 1.000000000000000000e+00 1.000000000000000000e+00 1.000000000000000000e+00 5.283909736436361859e-01 5.292756377749290309e-01
1.543000000000000000e+03 1.012362425728358550e+00 9.904491392288800045e-01 6.181902987225004198e-01 5.283909736436361859e-01 5.292756377749290309e-01
1.544000000000000000e+03 1.000000000000000000e+00 1.000000000000000000e+00 1.000000000000000000e+00 5.223958745081034305e-01 5.565047357004683226e-01
1.544000000000000000e+03 1.003090606432089693e+00 9.976122848072199734e-01 9.045475746806250772e-01 5.223958745081034305e-01 5.565047357004683226e-01
1.545000000000000000e+03 1.000000000000000000e+00 1.000000000000000000e+00 1.000000000000000000e+00 4.186494326993570603e-01 2.947527209646225721e-01
1.545000000000000000e+03 1.006181212864179386e+00 9.952245696144399467e-01 8.090951493612501544e-01 4.186494326993570603e-01 2.947527209646225721e-01
1.546000000000000000e+03 1.000000000000000000e+00 1.000000000000000000e+00 1.000000000000000000e+00 7.796185507028319250e-01 3.891720863030872501e-01
1.546000000000000000e+03 1.009271819296268857e+00 9.928368544216600311e-01 7.136427240418753426e-01 7.796185507028319250e-01 3.891720863030872501e-01
1.547000000000000000e+03 1.000000000000000000e+00 1.000000000000000000e+00 1.000000000000000000e+00 3.691239926320771803e-01 5.518732209043731851e-01
1.547000000000000000e+03 1.012362425728358550e+00 9.904491392288800045e-01 6.181902987225004198e-01 3.691239926320771803e-01 5.518732209043731851e-01
1.548000000000000000e+03 1.000000000000000000e+00 1.000000000000000000e+00 1.000000000000000000e+00 4.600089934556596538e-01 5.925071875430932833e-01
1.548000000000000000e+03 1.003090606432089693e+00 9.976122848072199734e-01 9.045475746806250772e-01 4.600089934556596538e-01 5.925071875430932833e-01
1.549000000000000000e+03 1.000000000000000000e+00 1.000000000000000000e+00 1.000000000000000000e+00 6.034806045310140421e-01 2.606286883574842617e-01
1.549000000000000000e+03 1.006181212864179386e+00 9.952245696144399467e-01 8.090951493612501544e-01 6.034806045310140421e-01 2.606286883574842617e-01
1.550000000000000000e+03 1.000000000000000000e+00 1.000000000000000000e+00 1.000000000000000000e+00 3.340607504071954614e-01 4.282641944623228891e-01
1.550000000000000000e+03 1.009271819296268857e+00 9.928368544216600311e-01 7.136427240418753426e-01 3.340607504071954614e-01 4.282641944623228891e-01
1.551000000000000000e+03 1.000000000000000000e+00 1.000000000000000000e+00 1.000000000000000000e+00 5.190751254933819725e-01 5.082462075510034705e-01
1.551000000000000000e+03 1.012362425728358550e+00 9.904491392288800045e-01 6.181902987225004198e-01 5.190751254933819725e-01 5.082462075510034705e-01
1.552000000000000000e+03 1.000000000000000000e+00 1.000000000000000000e+00 1.000000000000000000e+00 5.253283448329746363e-01 5.174917208868774487e-01
1.552000000000000000e+03 1.003090606432089693e+00 9.976122848072199734e-01 9.045475746806250772e-01 5.253283448329746363e-01 5.174917208868774487e-01
1.553000000000000000e+03 1.000000000000000000e+00 1.000000000000000000e+00 1.000000000000000000e+00 3.430156901468930930e-01 3.915868466859014907e-01
1.553000000000000000e+03 1.006181212864179386e+00 9.952245696144399467e-01 8.090951493612501544e-01 3.430156901468930930e-01 3.915868466859014907e-01
1.554000000000000000e+03 1.000000000000000000e+00 1.000000000000000000e+00 1.000000000000000000e+00 6.538738695277088731e-01 2.771877076368269299e-01
1.554000000000000000e+03 1.009271819296268857e+00 9.928368544216600311e-01 7.136427240418753426e-01 6.538738695277088731e-01 2.771877076368269299e-01
1.555000000000000000e+03 1.000000000000000000e+00 1.000000000000000000e+00 1.000000000000000000e+00 4.370475628995119655e-01 5.911563273430407994e-01
1.555000000000000000e+03 1.012362425728358550e+00 9.904491392288800045e-01 6.181902987225004198e-01 4.370475628995119655e-01 5.911563273430407994e-01
1.556000000000000000e+03 1.000000000000000000e+00 1.000000000000000000e+00 1.000000000000000000e+00 3.516821508532312901e-01 5.271440781025781286e-01
1.556000000000000000e+03 1.003090606432089693e+00 9.976122848072199734e-01 9.045475746806250772e-01 3.516821508532312901e-01 5.271440781025781286e-01
1.557000000000000000e+03 1.000000000000000000e+00 1.000000000000000000e+00 1.000000000000000000e+00 8.057038362206454529e-01 4.440522576725097759e-01
1.557000000000000000e+03 1.006181212864179386e+00 9.952245696144399467e-01 8.090951493612501544e-01 8.057038362206454529e-01 4.440522576725097759e-01
1.558000000000000000e+03 1.000000000000000000e+00 1.000000000000000000e+00 1.000000000000000000e+00 4.584540897849657681e-01 2.729891573162929186e-01
1.558000000000000000e+03 1.009271819296268857e+00 9.928368544216600311e-01 7.136427240418753426e-01 4.584540897849657681e-01 2.729891573162929186e-01
1.559000000000000000e+03 1.000000000000000000e+00 1.000000000000000000e+00 1.000000000000000000e+00 5.127422459901221918e-01 5.696248556098302274e-01
1.559000000000000000e+03 1.012362425728358550e+00 9.904491392288800045e-01 6.181902987225004198e-01 5.127422459901221918e-01 5.696248556098302274e-01
