2.460000000000000000e+03 1.000000000000000000e+00 1.000000000000000000e+00 1.000000000000000000e+00 4.757907083137656867e-01 5.901658643636351620e-01
2.460000000000000000e+03 9.011235287223400281e-01 1.013909748757561013e+00 1.008434810332722087e+00 4.757907083137656867e-01 5.901658643636351620e-01
2.461000000000000000e+03 1.000000000000000000e+00 1.000000000000000000e+00 1.000000000000000000e+00 5.656993581074960531e-01 2.553071982165114884e-01
2.461000000000000000e+03 8.022470574446800562e-01 1.027819497515122027e+00 1.016869620665444174e+00 5.656993581074960531e-01 2.553071982165114884e-01
2.462000000000000000e+03 1.000000000000000000e+00 1.000000000000000000e+00 1.000000000000000000e+00 3.325706669264381077e-01 4.550456751031348168e-01
2.462000000000000000e+03 7.033705861670201953e-01 1.041729246272683040e+00 1.025304430998166261e+00 3.325706669264381077e-01 4.550456751031348168e-01
2.463000000000000000e+03 1.000000000000000000e+00 1.000000000000000000e+00 1.000000000000000000e+00 5.129023956537084317e-01 5.034642584756033878e-01
2.463000000000000000e+03 6.044941148893602234e-01 1.055638995030244054e+00 1.033739241330888348e+00 5.129023956537084317e-01 5.034642584756033878e-01
2.464000000000000000e+03 1.000000000000000000e+00 1.000000000000000000e+00 1.000000000000000000e+00 5.171793388303167482e-01 5.064758758283183226e-01
2.464000000000000000e+03 9.011235287223400281e-01 1.013909748757561013e+00 1.008434810332722087e+00 5.171793388303167482e-01 5.064758758283183226e-01
2.465000000000000000e+03 1.000000000000000000e+00 1.000000000000000000e+00 1.000000000000000000e+00 3.331045508527104015e-01 4.370875552508479700e-01
2.465000000000000000e+03 8.022470574446800562e-01 1.027819497515122027e+00 1.016869620665444174e+00 3.331045508527104015e-01 4.370875552508479700e-01
2.466000000000000000e+03 1.000000000000000000e+00 1.000000000000000000e+00 1.000000000000000000e+00 5.911307292095687727e-01 2.582464956942239764e-01
2.466000000000000000e+03 7.033705861670201953e-01 1.041729246272683040e+00 1.025304430998166261e+00 5.911307292095687727e-01 2.582464956942239764e-01
2.467000000000000000e+03 1.000000000000000000e+00 1.000000000000000000e+00 1.000000000000000000e+00 4.653058397112648237e-01 5.920373939888031734e-01
2.467000000000000000e+03 6.044941148893602234e-01 1.055638995030244054e+00 1.033739241330888348e+00 4.653058397112648237e-01 5.920373939888031734e-01
2.468000000000000000e+03 1.000000000000000000e+00 1.000000000000000000e+00 1.000000000000000000e+00 3.739442692178345795e-01 5.570374384712782900e-01
2.468000000000000000e+03 9.011235287223400281e-01 1.013909748757561013e+00 1.008434810332722087e+00 3.739442692178345795e-01 5.570374384712782900e-01
2.469000000000000000e+03 1.000000000000000000e+00 1.000000000000000000e+00 1.000000000000000000e+00 7.718276882309935694e-01 3.770039652615402859e-01
2.469000000000000000e+03 8.022470574446800562e-01 1.027819497515122027e+00 1.016869620665444174e+00 7.718276882309935694e-01 3.770039652615402859e-01
2.470000000000000000e+03 1.000000000000000000e+00 1.000000000000000000e+00 1.000000000000000000e+00 4.099832633951309702e-01 3.010582904934205328e-01
2.470000000000000000e+03 7.033705861670201953e-01 1.041729246272683040e+00 1.025304430998166261e+00 4.099832633951309702e-01 3.010582904934205328e-01
2.471000000000000000e+03 1.000000000000000000e+00 1.000000000000000000e+00 1.000000000000000000e+00 5.240581403376877168e-01 5.531697520577513183e-01
2.471000000000000000e+03 6.044941148893602234e-01 1.055638995030244054e+00 1.033739241330888348e+00 5.240581403376877168e-01 5.531697520577513183e-01
2.472000000000000000e+03 1.000000000000000000e+00 1.000000000000000000e+00 1.000000000000000000e+00 5.025238007409789098e-01 5.783187211349269941e-01
2.472000000000000000e+03 9.011235287223400281e-01 1.013909748757561013e+00 1.008434810332722087e+00 5.025238007409789098e-01 5.783187211349269941e-01
2.473000000000000000e+03 1.000000000000000000e+00 1.000000000000000000e+00 1.000000000000000000e+00 4.923229151936924231e-01 2.617642889504863124e-01
2.473000000000000000e+03 8.022470574446800562e-01 1.027819497515122027e+00 1.016869620665444174e+00 4.923229151936924231e-01 2.617642889504863124e-01
2.474000000000000000e+03 1.000000000000000000e+00 1.000000000000000000e+00 1.000000000000000000e+00 8.181942060068070344e-01 4.897462731610280340e-01
2.474000000000000000e+03 7.033705861670201953e-01 1.041729246272683040e+00 1.025304430998166261e+00 8.181942060068070344e-01 4.897462731610280340e-01
2.475000000000000000e+03 1.000000000000000000e+00 1.000000000000000000e+00 1.000000000000000000e+00 3.417227839077796592e-01 5.051004427736431879e-01
2.475000000000000000e+03 6.044941148893602234e-01 1.055638995030244054e+00 1.033739241330888348e+00 3.417227839077796592e-01 5.051004427736431879e-01
2.476000000000000000e+03 1.000000000000000000e+00 1.000000000000000000e+00 1.000000000000000000e+00 4.190462813380521068e-01 5.863448729525547742e-01
2.476000000000000000e+03 9.011235287223400281e-01 1.013909748757561013e+00 1.008434810332722087e+00 4.190462813380521068e-01 5.863448729525547742e-01
2.477000000000000000e+03 1.000000000000000000e+00 1.000000000000000000e+00 1.000000000000000000e+00 6.903881845495183356e-01 2.969328169439257037e-01
2.477000000000000000e+03 8.022470574446800562e-01 1.027819497515122027e+00 1.016869620665444174e+00 6.903881845495183356e-01 2.969328169439257037e-01
2.478000000000000000e+03 1.000000000000000000e+00 1.000000000000000000e+00 1.000000000000000000e+00 3.552939719956855202e-01 3.643290483942668856e-01
2.478000000000000000e+03 7.033705861670201953e-01 1.041729246272683040e+00 1.025304430998166261e+00 3.552939719956855202e-01 3.643290483942668856e-01
2.479000000000000000e+03 1.000000000000000000e+00 1.000000000000000000e+00 1.000000000000000000e+00 5.279837179007950132e-01 5.262364857181626165e-01
2.479000000000000000e+03 6.044941148893602234e-01 1.055638995030244054e+00 1.033739241330888348e+00 5.279837179007950132e-01 5.262364857181626165e-01
