2.180000000000000000e+03 1.000000000000000000e+00 1.000000000000000000e+00 1.000000000000000000e+00 4.057462497046517291e-01 5.805503308460168155e-01
2.180000000000000000e+03 1.013666178104200233e+00 9.998653833442631145e-01 9.104070627780134206e-01 4.057462497046517291e-01 5.805503308460168155e-01
2.181000000000000000e+03 1.000000000000000000e+00 1.000000000000000000e+00 1.000000000000000000e+00 7.158868193595406826e-01 3.155006599714739179e-01
2.181000000000000000e+03 1.027332356208400466e+00 9.997307666885262289e-01 8.208141255560267302e-01 7.158868193595406826e-01 3.155006599714739179e-01
2.182000000000000000e+03 1.000000000000000000e+00 1.000000000000000000e+00 1.000000000000000000e+00 3.674751645627286623e-01 3.449297151725555510e-01
2.182000000000000000e+03 1.040998534312600921e+00 9.995961500327893434e-01 7.312211883340400398e-01 3.674751645627286623e-01 3.449297151725555510e-01
2.183000000000000000e+03 1.000000000000000000e+00 1.000000000000000000e+00 1.000000000000000000e+00 5.285758262547620712e-01 5.334372157632520928e-01
2.183000000000000000e+03 1.054664712416801153e+00 9.994615333770524579e-01 6.416282511120534604e-01 5.285758262547620712e-01 5.334372157632520928e-01
2.184000000000000000e+03 1.000000000000000000e+00 1.000000000000000000e+00 1.000000000000000000e+00 5.197909277106053105e-01 5.608466878679047030e-01
2.184000000000000000e+03 1.013666178104200233e+00 9.998653833442631145e-01 9.104070627780134206e-01 5.197909277106053105e-01 5.608466878679047030e-01
2.185000000000000000e+03 1.000000000000000000e+00 1.000000000000000000e+00 1.000000000000000000e+00 4.307196706394316177e-01 2.869994455222433238e-01
2.185000000000000000e+03 1.027332356208400466e+00 9.997307666885262289e-01 8.208141255560267302e-01 4.307196706394316177e-01 2.869994455222433238e-01
2.186000000000000000e+03 1.000000000000000000e+00 1.000000000000000000e+00 1.000000000000000000e+00 7.890774877826827183e-01 4.059749698144500263e-01
2.186000000000000000e+03 1.040998534312600921e+00 9.995961500327893434e-01 7.312211883340400398e-01 7.890774877826827183e-01 4.059749698144500263e-01
2.187000000000000000e+03 1.000000000000000000e+00 1.000000000000000000e+00 1.000000000000000000e+00 3.630763788271693659e-01 5.445356285355869019e-01
2.187000000000000000e+03 1.054664712416801153e+00 9.994615333770524579e-01 6.416282511120534604e-01 3.630763788271693659e-01 5.445356285355869019e-01
2.188000000000000000e+03 1.000000000000000000e+00 1.000000000000000000e+00 1.000000000000000000e+00 4.528205087459986067e-01 5.926652353860617506e-01
2.188000000000000000e+03 1.013666178104200233e+00 9.998653833442631145e-01 9.104070627780134206e-01 4.528205087459986067e-01 5.926652353860617506e-01
2.189000000000000000e+03 1.000000000000000000e+00 1.000000000000000000e+00 1.000000000000000000e+00 6.197742306140274771e-01 2.647514422468049133e-01
2.189000000000000000e+03 1.027332356208400466e+00 9.997307666885262289e-01 8.208141255560267302e-01 6.197742306140274771e-01 2.647514422468049133e-01
2.190000000000000000e+03 1.000000000000000000e+00 1.000000000000000000e+00 1.000000000000000000e+00 3.360431034303715814e-01 4.165231390659855371e-01
2.190000000000000000e+03 1.040998534312600921e+00 9.995961500327893434e-01 7.312211883340400398e-01 3.360431034303715814e-01 4.165231390659855371e-01
2.191000000000000000e+03 1.000000000000000000e+00 1.000000000000000000e+00 1.000000000000000000e+00 5.213735742024950826e-01 5.108821215739882682e-01
2.191000000000000000e+03 1.054664712416801153e+00 9.994615333770524579e-01 6.416282511120534604e-01 5.213735742024950826e-01 5.108821215739882682e-01
2.192000000000000000e+03 1.000000000000000000e+00 1.000000000000000000e+00 1.000000000000000000e+00 5.266949586609659395e-01 5.210313320127363257e-01
2.192000000000000000e+03 1.013666178104200233e+00 9.998653833442631145e-01 9.104070627780134206e-01 5.266949586609659395e-01 5.210313320127363257e-01
2.193000000000000000e+03 1.000000000000000000e+00 1.000000000000000000e+00 1.000000000000000000e+00 3.476239486087854269e-01 3.799521899135074876e-01
2.193000000000000000e+03 1.027332356208400466e+00 9.997307666885262289e-01 8.208141255560267302e-01 3.476239486087854269e-01 3.799521899135074876e-01
2.194000000000000000e+03 1.000000000000000000e+00 1.000000000000000000e+00 1.000000000000000000e+00 6.695560491233706335e-01 2.847834022436611656e-01
2.194000000000000000e+03 1.040998534312600921e+00 9.995961500327893434e-01 7.312211883340400398e-01 6.695560491233706335e-01 2.847834022436611656e-01
2.195000000000000000e+03 1.000000000000000000e+00 1.000000000000000000e+00 1.000000000000000000e+00 4.294604289503856087e-01 5.895355050260902008e-01
2.195000000000000000e+03 1.054664712416801153e+00 9.994615333770524579e-01 6.416282511120534604e-01 4.294604289503856087e-01 5.895355050260902008e-01
2.196000000000000000e+03 1.000000000000000000e+00 1.000000000000000000e+00 1.000000000000000000e+00 3.470885342000027407e-01 5.181458361900710408e-01
2.196000000000000000e+03 1.013666178104200233e+00 9.998653833442631145e-01 9.104070627780134206e-01 3.470885342000027407e-01 5.181458361900710408e-01
2.197000000000000000e+03 1.000000000000000000e+00 1.000000000000000000e+00 1.000000000000000000e+00 8.117966418316535648e-01 4.629994339685969407e-01
2.197000000000000000e+03 1.027332356208400466e+00 9.997307666885262289e-01 8.208141255560267302e-01 8.117966418316535648e-01 4.629994339685969407e-01
2.198000000000000000e+03 1.000000000000000000e+00 1.000000000000000000e+00 1.000000000000000000e+00 4.724267988892629777e-01 2.676459461841745879e-01
2.198000000000000000e+03 1.040998534312600921e+00 9.995961500327893434e-01 7.312211883340400398e-01 4.724267988892629777e-01 2.676459461841745879e-01
2.199000000000000000e+03 1.000000000000000000e+00 1.000000000000000000e+00 1.000000000000000000e+00 5.087184712694049482e-01 5.734688777841692175e-01
2.199000000000000000e+03 1.054664712416801153e+00 9.994615333770524579e-01 6.416282511120534604e-01 5.087184712694049482e-01 5.734688777841692175e-01
