1.140000000000000000e+03 1.000000000000000000e+00 1.000000000000000000e+00 1.000000000000000000e+00 3.649510271727727240e-01 5.469237510741984387e-01
1.140000000000000000e+03 8.935601630552070240e-01 1.010794226935098461e+00 1.009902770976894182e+00 3.649510271727727240e-01 5.469237510741984387e-01
1.141000000000000000e+03 1.000000000000000000e+00 1.000000000000000000e+00 1.000000000000000000e+00 7.861857467890640550e-01 4.005626739531468194e-01
1.141000000000000000e+03 7.871203261104140481e-01 1.021588453870196700e+00 1.019805541953788586e+00 7.861857467890640550e-01 4.005626739531468194e-01
1.142000000000000000e+03 1.000000000000000000e+00 1.000000000000000000e+00 1.000000000000000000e+00 4.268194614394742459e-01 2.893826401918543345e-01
1.142000000000000000e+03 6.806804891656211831e-01 1.032382680805294939e+00 1.029708312930682990e+00 4.268194614394742459e-01 2.893826401918543345e-01
1.143000000000000000e+03 1.000000000000000000e+00 1.000000000000000000e+00 1.000000000000000000e+00 5.206669635878710123e-01 5.594805858463088866e-01
1.143000000000000000e+03 5.742406522208282071e-01 1.043176907740393400e+00 1.039611083907577171e+00 5.206669635878710123e-01 5.594805858463088866e-01
1.144000000000000000e+03 1.000000000000000000e+00 1.000000000000000000e+00 1.000000000000000000e+00 5.285617998446749954e-01 5.321019791632108920e-01
1.144000000000000000e+03 8.935601630552070240e-01 1.010794226935098461e+00 1.009902770976894182e+00 5.285617998446749954e-01 5.321019791632108920e-01
1.145000000000000000e+03 1.000000000000000000e+00 1.000000000000000000e+00 1.000000000000000000e+00 3.650844436427898021e-01 3.483619238799603446e-01
1.145000000000000000e+03 7.871203261104140481e-01 1.021588453870196700e+00 1.019805541953788586e+00 3.650844436427898021e-01 3.483619238799603446e-01
1.146000000000000000e+03 1.000000000000000000e+00 1.000000000000000000e+00 1.000000000000000000e+00 7.114061245984539816e-01 3.119075653865222009e-01
1.146000000000000000e+03 6.806804891656211831e-01 1.032382680805294939e+00 1.029708312930682990e+00 7.114061245984539816e-01 3.119075653865222009e-01
1.147000000000000000e+03 1.000000000000000000e+00 1.000000000000000000e+00 1.000000000000000000e+00 4.081299723583747263e-01 5.817386781009425967e-01
1.147000000000000000e+03 5.742406522208282071e-01 1.043176907740393400e+00 1.039611083907577171e+00 4.081299723583747263e-01 5.817386781009425967e-01
1.148000000000000000e+03 1.000000000000000000e+00 1.000000000000000000e+00 1.000000000000000000e+00 4.951663846172295047e-01 5.828278313062339455e-01
1.148000000000000000e+03 8.935601630552070240e-01 1.010794226935098461e+00 1.009902770976894182e+00 4.951663846172295047e-01 5.828278313062339455e-01
1.149000000000000000e+03 1.000000000000000000e+00 1.000000000000000000e+00 1.000000000000000000e+00 5.141549377028401535e-01 2.574439215043431983e-01
1.149000000000000000e+03 7.871203261104140481e-01 1.021588453870196700e+00 1.019805541953788586e+00 5.141549377028401535e-01 2.574439215043431983e-01
1.150000000000000000e+03 1.000000000000000000e+00 1.000000000000000000e+00 1.000000000000000000e+00 3.373080450990546542e-01 4.905057234571946201e-01
1.150000000000000000e+03 6.806804891656211831e-01 1.032382680805294939e+00 1.029708312930682990e+00 3.373080450990546542e-01 4.905057234571946201e-01
1.151000000000000000e+03 1.000000000000000000e+00 1.000000000000000000e+00 1.000000000000000000e+00 5.029637077115225452e-01 5.001729542227356662e-01
1.151000000000000000e+03 5.742406522208282071e-01 1.043176907740393400e+00 1.039611083907577171e+00 5.029637077115225452e-01 5.001729542227356662e-01
1.152000000000000000e+03 1.000000000000000000e+00 1.000000000000000000e+00 1.000000000000000000e+00 5.042042845213039470e-01 5.003490604910676431e-01
1.152000000000000000e+03 8.935601630552070240e-01 1.010794226935098461e+00 1.009902770976894182e+00 5.042042845213039470e-01 5.003490604910676431e-01
1.153000000000000000e+03 1.000000000000000000e+00 1.000000000000000000e+00 1.000000000000000000e+00 3.363443321522073259e-01 4.864124971810322440e-01
1.153000000000000000e+03 7.871203261104140481e-01 1.021588453870196700e+00 1.019805541953788586e+00 3.363443321522073259e-01 4.864124971810322440e-01
1.154000000000000000e+03 1.000000000000000000e+00 1.000000000000000000e+00 1.000000000000000000e+00 5.202067239829177847e-01 2.566186404889629347e-01
1.154000000000000000e+03 6.806804891656211831e-01 1.032382680805294939e+00 1.029708312930682990e+00 5.202067239829177847e-01 2.566186404889629347e-01
1.155000000000000000e+03 1.000000000000000000e+00 1.000000000000000000e+00 1.000000000000000000e+00 4.930317183449822727e-01 5.839299761845482273e-01
1.155000000000000000e+03 5.742406522208282071e-01 1.043176907740393400e+00 1.039611083907577171e+00 4.930317183449822727e-01 5.839299761845482273e-01
1.156000000000000000e+03 1.000000000000000000e+00 1.000000000000000000e+00 1.000000000000000000e+00 4.051976887930643922e-01 5.802671766127713848e-01
1.156000000000000000e+03 8.935601630552070240e-01 1.010794226935098461e+00 1.009902770976894182e+00 4.051976887930643922e-01 5.802671766127713848e-01
1.157000000000000000e+03 1.000000000000000000e+00 1.000000000000000000e+00 1.000000000000000000e+00 7.169124579690766552e-01 3.163446613098979676e-01
1.157000000000000000e+03 7.871203261104140481e-01 1.021588453870196700e+00 1.019805541953788586e+00 7.169124579690766552e-01 3.163446613098979676e-01
1.158000000000000000e+03 1.000000000000000000e+00 1.000000000000000000e+00 1.000000000000000000e+00 3.680387423485633192e-01 3.441426154119938685e-01
1.158000000000000000e+03 6.806804891656211831e-01 1.032382680805294939e+00 1.029708312930682990e+00 3.680387423485633192e-01 3.441426154119938685e-01
1.159000000000000000e+03 1.000000000000000000e+00 1.000000000000000000e+00 1.000000000000000000e+00 5.285730955741060333e-01 5.337472378258651950e-01
1.159000000000000000e+03 5.742406522208282071e-01 1.043176907740393400e+00 1.039611083907577171e+00 5.285730955741060333e-01 5.337472378258651950e-01
