2.740000000000000000e+03 1.000000000000000000e+00 1.000000000000000000e+00 1.000000000000000000e+00 3.530038711138056007e-01 5.294738306975690367e-01
2.740000000000000000e+03 1.009107196145301977e+00 1.002711314118552188e+00 8.942610437078616359e-01 3.530038711138056007e-01 5.294738306975690367e-01
2.741000000000000000e+03 1.000000000000000000e+00 1.000000000000000000e+00 1.000000000000000000e+00 8.038737067699495142e-01 4.390710336752179366e-01
2.741000000000000000e+03 1.018214392290604176e+00 1.005422628237104377e+00 7.885220874157232718e-01 8.038737067699495142e-01 4.390710336752179366e-01
2.742000000000000000e+03 1.000000000000000000e+00 1.000000000000000000e+00 1.000000000000000000e+00 4.547986014888243944e-01 2.745650821719280987e-01
2.742000000000000000e+03 1.027321588435906374e+00 1.008133942355656565e+00 6.827831311235850187e-01 4.547986014888243944e-01 2.745650821719280987e-01
2.743000000000000000e+03 1.000000000000000000e+00 1.000000000000000000e+00 1.000000000000000000e+00 5.137462628839626344e-01 5.685573399443167864e-01
2.743000000000000000e+03 1.036428784581208351e+00 1.010845256474208753e+00 5.770441748314466546e-01 5.137462628839626344e-01 5.685573399443167864e-01
2.744000000000000000e+03 1.000000000000000000e+00 1.000000000000000000e+00 1.000000000000000000e+00 5.277987483452208917e-01 5.414659281091681597e-01
2.744000000000000000e+03 1.009107196145301977e+00 1.002711314118552188e+00 8.942610437078616359e-01 5.277987483452208917e-01 5.414659281091681597e-01
2.745000000000000000e+03 1.000000000000000000e+00 1.000000000000000000e+00 1.000000000000000000e+00 3.831060456907535161e-01 3.256354478414164033e-01
2.745000000000000000e+03 1.018214392290604176e+00 1.005422628237104377e+00 7.885220874157232718e-01 3.831060456907535161e-01 3.256354478414164033e-01
2.746000000000000000e+03 1.000000000000000000e+00 1.000000000000000000e+00 1.000000000000000000e+00 7.408138641832913152e-01 3.385584427087406922e-01
2.746000000000000000e+03 1.027321588435906374e+00 1.008133942355656565e+00 6.827831311235850187e-01 7.408138641832913152e-01 3.385584427087406922e-01
2.747000000000000000e+03 1.000000000000000000e+00 1.000000000000000000e+00 1.000000000000000000e+00 3.920847598661241218e-01 5.723463513272336600e-01
2.747000000000000000e+03 1.036428784581208351e+00 1.010845256474208753e+00 5.770441748314466546e-01 3.920847598661241218e-01 5.723463513272336600e-01
2.748000000000000000e+03 1.000000000000000000e+00 1.000000000000000000e+00 1.000000000000000000e+00 4.825924210173851425e-01 5.882208580636101303e-01
2.748000000000000000e+03 1.009107196145301977e+00 1.002711314118552188e+00 8.942610437078616359e-01 4.825924210173851425e-01 5.882208580636101303e-01
2.749000000000000000e+03 1.000000000000000000e+00 1.000000000000000000e+00 1.000000000000000000e+00 5.483812729499434324e-01 2.548057993523119569e-01
2.749000000000000000e+03 1.018214392290604176e+00 1.005422628237104377e+00 7.885220874157232718e-01 5.483812729499434324e-01 2.548057993523119569e-01
2.750000000000000000e+03 1.000000000000000000e+00 1.000000000000000000e+00 1.000000000000000000e+00 3.332924706443508578e-01 4.671055740337208828e-01
2.750000000000000000e+03 1.027321588435906374e+00 1.008133942355656565e+00 6.827831311235850187e-01 3.332924706443508578e-01 4.671055740337208828e-01
2.751000000000000000e+03 1.000000000000000000e+00 1.000000000000000000e+00 1.000000000000000000e+00 5.097341867715712294e-01 5.019207319989505978e-01
2.751000000000000000e+03 1.036428784581208351e+00 1.010845256474208753e+00 5.770441748314466546e-01 5.097341867715712294e-01 5.019207319989505978e-01
2.752000000000000000e+03 1.000000000000000000e+00 1.000000000000000000e+00 1.000000000000000000e+00 5.073432063000141712e-01 5.010777521751578201e-01
2.752000000000000000e+03 1.009107196145301977e+00 1.002711314118552188e+00 8.942610437078616359e-01 5.073432063000141712e-01 5.010777521751578201e-01
2.753000000000000000e+03 1.000000000000000000e+00 1.000000000000000000e+00 1.000000000000000000e+00 3.343527252533650129e-01 4.756881798803865857e-01
2.753000000000000000e+03 1.018214392290604176e+00 1.005422628237104377e+00 7.885220874157232718e-01 3.343527252533650129e-01 4.756881798803865857e-01
2.754000000000000000e+03 1.000000000000000000e+00 1.000000000000000000e+00 1.000000000000000000e+00 5.359288540918412114e-01 2.552006910300545495e-01
2.754000000000000000e+03 1.027321588435906374e+00 1.008133942355656565e+00 6.827831311235850187e-01 5.359288540918412114e-01 2.552006910300545495e-01
2.755000000000000000e+03 1.000000000000000000e+00 1.000000000000000000e+00 1.000000000000000000e+00 4.873052138526143828e-01 5.864952405233245791e-01
2.755000000000000000e+03 1.036428784581208351e+00 1.010845256474208753e+00 5.770441748314466546e-01 4.873052138526143828e-01 5.864952405233245791e-01
2.756000000000000000e+03 1.000000000000000000e+00 1.000000000000000000e+00 1.000000000000000000e+00 3.977703476935416926e-01 5.760620300663626958e-01
2.756000000000000000e+03 1.009107196145301977e+00 1.002711314118552188e+00 8.942610437078616359e-01 3.977703476935416926e-01 5.760620300663626958e-01
2.757000000000000000e+03 1.000000000000000000e+00 1.000000000000000000e+00 1.000000000000000000e+00 7.305964995925569028e-01 3.284290566436858794e-01
2.757000000000000000e+03 1.018214392290604176e+00 1.005422628237104377e+00 7.885220874157232718e-01 7.305964995925569028e-01 3.284290566436858794e-01
2.758000000000000000e+03 1.000000000000000000e+00 1.000000000000000000e+00 1.000000000000000000e+00 3.761835132886616195e-01 3.335869240504923949e-01
2.758000000000000000e+03 1.027321588435906374e+00 1.008133942355656565e+00 6.827831311235850187e-01 3.761835132886616195e-01 3.335869240504923949e-01
2.759000000000000000e+03 1.000000000000000000e+00 1.000000000000000000e+00 1.000000000000000000e+00 5.283075734213870112e-01 5.380462286634091207e-01
2.759000000000000000e+03 1.036428784581208351e+00 1.010845256474208753e+00 5.770441748314466546e-01 5.283075734213870112e-01 5.380462286634091207e-01
