3.000000000000000000e+02 1.000000000000000000e+00 1.000000000000000000e+00 1.000000000000000000e+00 4.225801559941486651e-01 5.875553161099292820e-01
3.000000000000000000e+02 9.143704734214594954e-01 9.901700209137205277e-01 1.000613012613576380e+00 4.225801559941486651e-01 5.875553161099292820e-01
3.010000000000000000e+02 1.000000000000000000e+00 1.000000000000000000e+00 1.000000000000000000e+00 6.834063684202786870e-01 2.925828607663171210e-01
3.010000000000000000e+02 8.287409468429189907e-01 9.803400418274410555e-01 1.001226025227152761e+00 6.834063684202786870e-01 2.925828607663171210e-01
3.020000000000000000e+02 1.000000000000000000e+00 1.000000000000000000e+00 1.000000000000000000e+00 3.525137723281939750e-01 3.695868937869349335e-01
3.020000000000000000e+02 7.431114202643785971e-01 9.705100627411616943e-01 1.001839037840728919e+00 3.525137723281939750e-01 3.695868937869349335e-01
3.030000000000000000e+02 1.000000000000000000e+00 1.000000000000000000e+00 1.000000000000000000e+00 5.276244045480525946e-01 5.244265817986375477e-01
3.030000000000000000e+02 6.574818936858380924e-01 9.606800836548822220e-01 1.002452050454305299e+00 5.276244045480525946e-01 5.244265817986375477e-01
3.040000000000000000e+02 1.000000000000000000e+00 1.000000000000000000e+00 1.000000000000000000e+00 5.232192705082676643e-01 5.135325940626286334e-01
3.040000000000000000e+02 9.143704734214594954e-01 9.901700209137205277e-01 1.000613012613576380e+00 5.232192705082676643e-01 5.135325940626286334e-01
3.050000000000000000e+02 1.000000000000000000e+00 1.000000000000000000e+00 1.000000000000000000e+00 3.385450725122784443e-01 4.059012645412565234e-01
3.050000000000000000e+02 8.287409468429189907e-01 9.803400418274410555e-01 1.001226025227152761e+00 3.385450725122784443e-01 4.059012645412565234e-01
3.060000000000000000e+02 1.000000000000000000e+00 1.000000000000000000e+00 1.000000000000000000e+00 6.343818061568009536e-01 2.694272440225515819e-01
3.060000000000000000e+02 7.431114202643785971e-01 9.705100627411616943e-01 1.001839037840728919e+00 6.343818061568009536e-01 2.694272440225515819e-01
3.070000000000000000e+02 1.000000000000000000e+00 1.000000000000000000e+00 1.000000000000000000e+00 4.461843352393139450e-01 5.923370989979945822e-01
3.070000000000000000e+02 6.574818936858380924e-01 9.606800836548822220e-01 1.002452050454305299e+00 4.461843352393139450e-01 5.923370989979945822e-01
3.080000000000000000e+02 1.000000000000000000e+00 1.000000000000000000e+00 1.000000000000000000e+00 3.579753308152873181e-01 5.374333937544131246e-01
3.080000000000000000e+02 9.143704734214594954e-01 9.901700209137205277e-01 1.000613012613576380e+00 3.579753308152873181e-01 5.374333937544131246e-01
3.090000000000000000e+02 1.000000000000000000e+00 1.000000000000000000e+00 1.000000000000000000e+00 7.967409045518889510e-01 4.217881007088646328e-01
3.090000000000000000e+02 8.287409468429189907e-01 9.803400418274410555e-01 1.001226025227152761e+00 7.967409045518889510e-01 4.217881007088646328e-01
3.100000000000000000e+02 1.000000000000000000e+00 1.000000000000000000e+00 1.000000000000000000e+00 4.421773534772258096e-01 2.806172131316991836e-01
3.100000000000000000e+02 7.431114202643785971e-01 9.705100627411616943e-01 1.001839037840728919e+00 4.421773534772258096e-01 2.806172131316991836e-01
3.110000000000000000e+02 1.000000000000000000e+00 1.000000000000000000e+00 1.000000000000000000e+00 5.170441409860518922e-01 5.646665515011244363e-01
3.110000000000000000e+02 6.574818936858380924e-01 9.606800836548822220e-01 1.002452050454305299e+00 5.170441409860518922e-01 5.646665515011244363e-01
3.120000000000000000e+02 1.000000000000000000e+00 1.000000000000000000e+00 1.000000000000000000e+00 5.283833300658277166e-01 5.373048549035414068e-01
3.120000000000000000e+02 9.143704734214594954e-01 9.901700209137205277e-01 1.000613012613576380e+00 5.283833300658277166e-01 5.373048549035414068e-01
3.130000000000000000e+02 1.000000000000000000e+00 1.000000000000000000e+00 1.000000000000000000e+00 3.747349033094801163e-01 3.353612403590372493e-01
3.130000000000000000e+02 8.287409468429189907e-01 9.803400418274410555e-01 1.001226025227152761e+00 3.747349033094801163e-01 3.353612403590372493e-01
3.140000000000000000e+02 1.000000000000000000e+00 1.000000000000000000e+00 1.000000000000000000e+00 7.283057120096734227e-01 3.262940199971340882e-01
3.140000000000000000e+02 7.431114202643785971e-01 9.705100627411616943e-01 1.001839037840728919e+00 7.283057120096734227e-01 3.262940199971340882e-01
3.150000000000000000e+02 1.000000000000000000e+00 1.000000000000000000e+00 1.000000000000000000e+00 3.990281927277479213e-01 5.768242133781738001e-01
3.150000000000000000e+02 6.574818936858380924e-01 9.606800836548822220e-01 1.002452050454305299e+00 3.990281927277479213e-01 5.768242133781738001e-01
3.160000000000000000e+02 1.000000000000000000e+00 1.000000000000000000e+00 1.000000000000000000e+00 4.883083009484434078e-01 5.860846664527883387e-01
3.160000000000000000e+02 9.143704734214594954e-01 9.901700209137205277e-01 1.000613012613576380e+00 4.883083009484434078e-01 5.860846664527883387e-01
3.170000000000000000e+02 1.000000000000000000e+00 1.000000000000000000e+00 1.000000000000000000e+00 5.332246124126966969e-01 2.553709118787668153e-01
3.170000000000000000e+02 8.287409468429189907e-01 9.803400418274410555e-01 1.001226025227152761e+00 5.332246124126966969e-01 2.553709118787668153e-01
3.180000000000000000e+02 1.000000000000000000e+00 1.000000000000000000e+00 1.000000000000000000e+00 3.346431227129892383e-01 4.775418442678733277e-01
3.180000000000000000e+02 7.431114202643785971e-01 9.705100627411616943e-01 1.001839037840728919e+00 3.346431227129892383e-01 4.775418442678733277e-01
3.190000000000000000e+02 1.000000000000000000e+00 1.000000000000000000e+00 1.000000000000000000e+00 5.068124556185660268e-01 5.009252423709864566e-01
3.190000000000000000e+02 6.574818936858380924e-01 9.606800836548822220e-01 1.002452050454305299e+00 5.068124556185660268e-01 5.009252423709864566e-01
