3.320000000000000000e+03 1.000000000000000000e+00 1.000000000000000000e+00 1.000000000000000000e+00 5.284807472256225491e-01 5.303774371509647478e-01
3.320000000000000000e+03 9.189458911249879236e-01 1.001379748465075492e+00 9.863010504237545994e-01 5.284807472256225491e-01 5.303774371509647478e-01
3.321000000000000000e+03 1.000000000000000000e+00 1.000000000000000000e+00 1.000000000000000000e+00 3.620847868868068975e-01 3.529002527455157301e-01
3.321000000000000000e+03 8.378917822499758472e-01 1.002759496930150984e+00 9.726021008475093099e-01 3.620847868868068975e-01 3.529002527455157301e-01
3.322000000000000000e+03 1.000000000000000000e+00 1.000000000000000000e+00 1.000000000000000000e+00 7.054609023062440309e-01 3.073675539430216208e-01
3.322000000000000000e+03 7.568376733749637708e-01 1.004139245395226698e+00 9.589031512712640204e-01 7.054609023062440309e-01 3.073675539430216208e-01
3.323000000000000000e+03 1.000000000000000000e+00 1.000000000000000000e+00 1.000000000000000000e+00 4.112614077972754911e-01 5.831979801694078258e-01
3.323000000000000000e+03 6.757835644999516944e-01 1.005518993860302190e+00 9.452042016950186198e-01 4.112614077972754911e-01 5.831979801694078258e-01
3.324000000000000000e+03 1.000000000000000000e+00 1.000000000000000000e+00 1.000000000000000000e+00 4.973705166756501317e-01 5.815982687796596995e-01
3.324000000000000000e+03 9.189458911249879236e-01 1.001379748465075492e+00 9.863010504237545994e-01 4.973705166756501317e-01 5.815982687796596995e-01
3.325000000000000000e+03 1.000000000000000000e+00 1.000000000000000000e+00 1.000000000000000000e+00 5.077827673896785354e-01 2.584847413057536070e-01
3.325000000000000000e+03 8.378917822499758472e-01 1.002759496930150984e+00 9.726021008475093099e-01 5.077827673896785354e-01 2.584847413057536070e-01
3.326000000000000000e+03 1.000000000000000000e+00 1.000000000000000000e+00 1.000000000000000000e+00 3.384432362630468982e-01 4.947938746429857981e-01
3.326000000000000000e+03 7.568376733749637708e-01 1.004139245395226698e+00 9.589031512712640204e-01 3.384432362630468982e-01 4.947938746429857981e-01
3.327000000000000000e+03 1.000000000000000000e+00 1.000000000000000000e+00 1.000000000000000000e+00 5.016397738223663527e-01 5.000528412916854792e-01
3.327000000000000000e+03 6.757835644999516944e-01 1.005518993860302190e+00 9.452042016950186198e-01 5.016397738223663527e-01 5.000528412916854792e-01
3.328000000000000000e+03 1.000000000000000000e+00 1.000000000000000000e+00 1.000000000000000000e+00 5.022633835851381123e-01 5.001007540924838901e-01
3.328000000000000000e+03 9.189458911249879236e-01 1.001379748465075492e+00 9.863010504237545994e-01 5.022633835851381123e-01 5.001007540924838901e-01
3.329000000000000000e+03 1.000000000000000000e+00 1.000000000000000000e+00 1.000000000000000000e+00 3.378949066782100941e-01 4.927839224107259941e-01
3.329000000000000000e+03 8.378917822499758472e-01 1.002759496930150984e+00 9.726021008475093099e-01 3.378949066782100941e-01 4.927839224107259941e-01
3.330000000000000000e+03 1.000000000000000000e+00 1.000000000000000000e+00 1.000000000000000000e+00 5.107737393376691193e-01 2.579740518098842528e-01
3.330000000000000000e+03 7.568376733749637708e-01 1.004139245395226698e+00 9.589031512712640204e-01 5.107737393376691193e-01 2.579740518098842528e-01
3.331000000000000000e+03 1.000000000000000000e+00 1.000000000000000000e+00 1.000000000000000000e+00 4.963415841591210520e-01 5.821842384534640091e-01
3.331000000000000000e+03 6.757835644999516944e-01 1.005518993860302190e+00 9.452042016950186198e-01 4.963415841591210520e-01 5.821842384534640091e-01
3.332000000000000000e+03 1.000000000000000000e+00 1.000000000000000000e+00 1.000000000000000000e+00 4.097859644418789804e-01 5.825246075116913280e-01
3.332000000000000000e+03 9.189458911249879236e-01 1.001379748465075492e+00 9.863010504237545994e-01 4.097859644418789804e-01 5.825246075116913280e-01
3.333000000000000000e+03 1.000000000000000000e+00 1.000000000000000000e+00 1.000000000000000000e+00 7.082704859242756612e-01 3.094815291119867862e-01
3.333000000000000000e+03 8.378917822499758472e-01 1.002759496930150984e+00 9.726021008475093099e-01 7.082704859242756612e-01 3.094815291119867862e-01
3.334000000000000000e+03 1.000000000000000000e+00 1.000000000000000000e+00 1.000000000000000000e+00 3.634784608001476736e-01 3.507577392588017151e-01
3.334000000000000000e+03 7.568376733749637708e-01 1.004139245395226698e+00 9.589031512712640204e-01 3.634784608001476736e-01 3.507577392588017151e-01
3.335000000000000000e+03 1.000000000000000000e+00 1.000000000000000000e+00 1.000000000000000000e+00 5.285276758235303296e-01 5.311858103750437543e-01
3.335000000000000000e+03 6.757835644999516944e-01 1.005518993860302190e+00 9.452042016950186198e-01 5.285276758235303296e-01 5.311858103750437543e-01
3.336000000000000000e+03 1.000000000000000000e+00 1.000000000000000000e+00 1.000000000000000000e+00 5.212462268944738630e-01 5.585286758725085399e-01
3.336000000000000000e+03 9.189458911249879236e-01 1.001379748465075492e+00 9.863010504237545994e-01 5.212462268944738630e-01 5.585286758725085399e-01
3.337000000000000000e+03 1.000000000000000000e+00 1.000000000000000000e+00 1.000000000000000000e+00 4.241587007342809135e-01 2.910739236420493148e-01
3.337000000000000000e+03 8.378917822499758472e-01 1.002759496930150984e+00 9.726021008475093099e-01 4.241587007342809135e-01 2.910739236420493148e-01
3.338000000000000000e+03 1.000000000000000000e+00 1.000000000000000000e+00 1.000000000000000000e+00 7.841247766006718134e-01 3.968611645486582740e-01
3.338000000000000000e+03 7.568376733749637708e-01 1.004139245395226698e+00 9.589031512712640204e-01 7.841247766006718134e-01 3.968611645486582740e-01
3.339000000000000000e+03 1.000000000000000000e+00 1.000000000000000000e+00 1.000000000000000000e+00 3.662726238847703319e-01 5.485437630800964470e-01
3.339000000000000000e+03 6.757835644999516944e-01 1.005518993860302190e+00 9.452042016950186198e-01 3.662726238847703319e-01 5.485437630800964470e-01
