3.160000000000000000e+03 1.000000000000000000e+00 1.000000000000000000e+00 1.000000000000000000e+00 5.243493222004895760e-01 5.525208051277527010e-01
3.160000000000000000e+03 1.009663964820763704e+00 9.970399724861892521e-01 8.937347441874190501e-01 5.243493222004895760e-01 5.525208051277527010e-01
3.161000000000000000e+03 1.000000000000000000e+00 1.000000000000000000e+00 1.000000000000000000e+00 4.083532258877659027e-01 3.023204784058000083e-01
3.161000000000000000e+03 1.019327929641527408e+00 9.940799449723785042e-01 7.874694883748379892e-01 4.083532258877659027e-01 3.023204784058000083e-01
3.162000000000000000e+03 1.000000000000000000e+00 1.000000000000000000e+00 1.000000000000000000e+00 7.702588798274236925e-01 3.747044999318936975e-01
3.162000000000000000e+03 1.028991894462291112e+00 9.911199174585676452e-01 6.812042325622569283e-01 7.702588798274236925e-01 3.747044999318936975e-01
3.163000000000000000e+03 1.000000000000000000e+00 1.000000000000000000e+00 1.000000000000000000e+00 3.748998366390236536e-01 5.579980481563617811e-01
3.163000000000000000e+03 1.038655859283054816e+00 9.881598899447568973e-01 5.749389767496759784e-01 3.748998366390236536e-01 5.579980481563617811e-01
3.164000000000000000e+03 1.000000000000000000e+00 1.000000000000000000e+00 1.000000000000000000e+00 4.663156963464536453e-01 5.919126876457559971e-01
3.164000000000000000e+03 1.009663964820763704e+00 9.970399724861892521e-01 8.937347441874190501e-01 4.663156963464536453e-01 5.919126876457559971e-01
3.165000000000000000e+03 1.000000000000000000e+00 1.000000000000000000e+00 1.000000000000000000e+00 5.887405318119364184e-01 2.578581149891136515e-01
3.165000000000000000e+03 1.019327929641527408e+00 9.940799449723785042e-01 7.874694883748379892e-01 5.887405318119364184e-01 2.578581149891136515e-01
3.166000000000000000e+03 1.000000000000000000e+00 1.000000000000000000e+00 1.000000000000000000e+00 3.329727136716787994e-01 4.387875822672585580e-01
3.166000000000000000e+03 1.028991894462291112e+00 9.911199174585676452e-01 6.812042325622569283e-01 3.329727136716787994e-01 4.387875822672585580e-01
3.167000000000000000e+03 1.000000000000000000e+00 1.000000000000000000e+00 1.000000000000000000e+00 5.167980889631907937e-01 5.061561895743512673e-01
3.167000000000000000e+03 1.038655859283054816e+00 9.881598899447568973e-01 5.749389767496759784e-01 5.167980889631907937e-01 5.061561895743512673e-01
3.168000000000000000e+03 1.000000000000000000e+00 1.000000000000000000e+00 1.000000000000000000e+00 5.124799181471211273e-01 5.032279801628546378e-01
3.168000000000000000e+03 1.009663964820763704e+00 9.970399724861892521e-01 8.937347441874190501e-01 5.124799181471211273e-01 5.032279801628546378e-01
3.169000000000000000e+03 1.000000000000000000e+00 1.000000000000000000e+00 1.000000000000000000e+00 3.326178250934609393e-01 4.567059387854709440e-01
3.169000000000000000e+03 1.019327929641527408e+00 9.940799449723785042e-01 7.874694883748379892e-01 3.326178250934609393e-01 4.567059387854709440e-01
3.170000000000000000e+03 1.000000000000000000e+00 1.000000000000000000e+00 1.000000000000000000e+00 5.633271017403662650e-01 2.551666967137519171e-01
3.170000000000000000e+03 1.028991894462291112e+00 9.911199174585676452e-01 6.812042325622569283e-01 5.633271017403662650e-01 2.551666967137519171e-01
3.171000000000000000e+03 1.000000000000000000e+00 1.000000000000000000e+00 1.000000000000000000e+00 4.767389793113081531e-01 5.899310465268300385e-01
3.171000000000000000e+03 1.038655859283054816e+00 9.881598899447568973e-01 5.749389767496759784e-01 4.767389793113081531e-01 5.899310465268300385e-01
3.172000000000000000e+03 1.000000000000000000e+00 1.000000000000000000e+00 1.000000000000000000e+00 3.854952632496577158e-01 5.674431870141487533e-01
3.172000000000000000e+03 1.009663964820763704e+00 9.970399724861892521e-01 8.937347441874190501e-01 3.854952632496577158e-01 5.674431870141487533e-01
3.173000000000000000e+03 1.000000000000000000e+00 1.000000000000000000e+00 1.000000000000000000e+00 7.523681705332352365e-01 3.513553744173758542e-01
3.173000000000000000e+03 1.019327929641527408e+00 9.940799449723785042e-01 7.874694883748379892e-01 7.523681705332352365e-01 3.513553744173758542e-01
3.174000000000000000e+03 1.000000000000000000e+00 1.000000000000000000e+00 1.000000000000000000e+00 3.919560937016136060e-01 3.165635463582112674e-01
3.174000000000000000e+03 1.028991894462291112e+00 9.911199174585676452e-01 6.812042325622569283e-01 3.919560937016136060e-01 3.165635463582112674e-01
3.175000000000000000e+03 1.000000000000000000e+00 1.000000000000000000e+00 1.000000000000000000e+00 5.268424677299110570e-01 5.455730198588958357e-01
3.175000000000000000e+03 1.038655859283054816e+00 9.881598899447568973e-01 5.749389767496759784e-01 5.268424677299110570e-01 5.455730198588958357e-01
3.176000000000000000e+03 1.000000000000000000e+00 1.000000000000000000e+00 1.000000000000000000e+00 5.101419537581913799e-01 5.721816042136591562e-01
3.176000000000000000e+03 1.009663964820763704e+00 9.970399724861892521e-01 8.937347441874190501e-01 5.101419537581913799e-01 5.721816042136591562e-01
3.177000000000000000e+03 1.000000000000000000e+00 1.000000000000000000e+00 1.000000000000000000e+00 4.675957511755964857e-01 2.693747458082338397e-01
3.177000000000000000e+03 1.019327929641527408e+00 9.940799449723785042e-01 7.874694883748379892e-01 4.675957511755964857e-01 2.693747458082338397e-01
3.178000000000000000e+03 1.000000000000000000e+00 1.000000000000000000e+00 1.000000000000000000e+00 8.098470791808196623e-01 4.564646036424903630e-01
3.178000000000000000e+03 1.028991894462291112e+00 9.911199174585676452e-01 6.812042325622569283e-01 8.098470791808196623e-01 4.564646036424903630e-01
3.179000000000000000e+03 1.000000000000000000e+00 1.000000000000000000e+00 1.000000000000000000e+00 3.485965707972873417e-01 5.212731012912975581e-01
3.179000000000000000e+03 1.038655859283054816e+00 9.881598899447568973e-01 5.749389767496759784e-01 3.485965707972873417e-01 5.212731012912975581e-01
