4.120000000000000000e+03 1.000000000000000000e+00 1.000000000000000000e+00 1.000000000000000000e+00 5.277476603312295511e-01 5.417348754527058219e-01
4.120000000000000000e+03 9.201843925950333736e-01 1.013383665053896987e+00 1.012834447880901489e+00 5.277476603312295511e-01 5.417348754527058219e-01
4.121000000000000000e+03 1.000000000000000000e+00 1.000000000000000000e+00 1.000000000000000000e+00 3.836674474499737753e-01 3.250258027590766652e-01
4.121000000000000000e+03 8.403687851900667471e-01 1.026767330107793974e+00 1.025668895761802979e+00 3.836674474499737753e-01 3.250258027590766652e-01
4.122000000000000000e+03 1.000000000000000000e+00 1.000000000000000000e+00 1.000000000000000000e+00 7.415938581350320913e-01 3.393750013405754107e-01
4.122000000000000000e+03 7.605531777851000097e-01 1.040150995161691183e+00 1.038503343642704468e+00 7.415938581350320913e-01 3.393750013405754107e-01
4.123000000000000000e+03 1.000000000000000000e+00 1.000000000000000000e+00 1.000000000000000000e+00 3.916454636531854216e-01 5.720401064406278602e-01
4.123000000000000000e+03 6.807375703801333833e-01 1.053534660215588170e+00 1.051337791523605958e+00 3.916454636531854216e-01 5.720401064406278602e-01
4.124000000000000000e+03 1.000000000000000000e+00 1.000000000000000000e+00 1.000000000000000000e+00 4.822156828480504420e-01 5.883449237157916123e-01
4.124000000000000000e+03 9.201843925950333736e-01 1.013383665053896987e+00 1.012834447880901489e+00 4.822156828480504420e-01 5.883449237157916123e-01
4.125000000000000000e+03 1.000000000000000000e+00 1.000000000000000000e+00 1.000000000000000000e+00 5.493597671105040492e-01 2.548016703284727291e-01
4.125000000000000000e+03 8.403687851900667471e-01 1.026767330107793974e+00 1.025668895761802979e+00 5.493597671105040492e-01 2.548016703284727291e-01
4.126000000000000000e+03 1.000000000000000000e+00 1.000000000000000000e+00 1.000000000000000000e+00 3.332283733063405862e-01 4.664279578687731687e-01
4.126000000000000000e+03 7.605531777851000097e-01 1.040150995161691183e+00 1.038503343642704468e+00 3.332283733063405862e-01 4.664279578687731687e-01
4.127000000000000000e+03 1.000000000000000000e+00 1.000000000000000000e+00 1.000000000000000000e+00 5.099182207379236997e-01 5.019965921726722291e-01
4.127000000000000000e+03 6.807375703801333833e-01 1.053534660215588170e+00 1.051337791523605958e+00 5.099182207379236997e-01 5.019965921726722291e-01
4.128000000000000000e+03 1.000000000000000000e+00 1.000000000000000000e+00 1.000000000000000000e+00 5.144561108709786446e-01 5.044215626645031092e-01
4.128000000000000000e+03 9.201843925950333736e-01 1.013383665053896987e+00 1.012834447880901489e+00 5.144561108709786446e-01 5.044215626645031092e-01
4.129000000000000000e+03 1.000000000000000000e+00 1.000000000000000000e+00 1.000000000000000000e+00 3.325407105049160150e-01 4.487807094962082965e-01
4.129000000000000000e+03 8.403687851900667471e-01 1.026767330107793974e+00 1.025668895761802979e+00 3.325407105049160150e-01 4.487807094962082965e-01
4.130000000000000000e+03 1.000000000000000000e+00 1.000000000000000000e+00 1.000000000000000000e+00 5.746181544234358896e-01 2.560391211928633171e-01
4.130000000000000000e+03 7.605531777851000097e-01 1.040150995161691183e+00 1.038503343642704468e+00 5.746181544234358896e-01 2.560391211928633171e-01
4.131000000000000000e+03 1.000000000000000000e+00 1.000000000000000000e+00 1.000000000000000000e+00 4.721795734158525937e-01 5.909577001830313980e-01
4.131000000000000000e+03 6.807375703801333833e-01 1.053534660215588170e+00 1.051337791523605958e+00 4.721795734158525937e-01 5.909577001830313980e-01
4.132000000000000000e+03 1.000000000000000000e+00 1.000000000000000000e+00 1.000000000000000000e+00 3.806910371444212626e-01 5.634194429196307530e-01
4.132000000000000000e+03 9.201843925950333736e-01 1.013383665053896987e+00 1.012834447880901489e+00 3.806910371444212626e-01 5.634194429196307530e-01
4.133000000000000000e+03 1.000000000000000000e+00 1.000000000000000000e+00 1.000000000000000000e+00 7.605895387030634502e-01 3.614819626314511591e-01
4.133000000000000000e+03 8.403687851900667471e-01 1.026767330107793974e+00 1.025668895761802979e+00 7.605895387030634502e-01 3.614819626314511591e-01
4.134000000000000000e+03 1.000000000000000000e+00 1.000000000000000000e+00 1.000000000000000000e+00 3.990312598559102031e-01 3.100507492206788784e-01
4.134000000000000000e+03 7.605531777851000097e-01 1.040150995161691183e+00 1.038503343642704468e+00 3.990312598559102031e-01 3.100507492206788784e-01
4.135000000000000000e+03 1.000000000000000000e+00 1.000000000000000000e+00 1.000000000000000000e+00 5.258701456951717645e-01 5.486686749318362422e-01
4.135000000000000000e+03 6.807375703801333833e-01 1.053534660215588170e+00 1.051337791523605958e+00 5.258701456951717645e-01 5.486686749318362422e-01
4.136000000000000000e+03 1.000000000000000000e+00 1.000000000000000000e+00 1.000000000000000000e+00 5.071907423692644246e-01 5.747722213264325752e-01
4.136000000000000000e+03 9.201843925950333736e-01 1.013383665053896987e+00 1.012834447880901489e+00 5.071907423692644246e-01 5.747722213264325752e-01
4.137000000000000000e+03 1.000000000000000000e+00 1.000000000000000000e+00 1.000000000000000000e+00 4.774929389908464938e-01 2.659625584171618207e-01
4.137000000000000000e+03 8.403687851900667471e-01 1.026767330107793974e+00 1.025668895761802979e+00 4.774929389908464938e-01 2.659625584171618207e-01
4.138000000000000000e+03 1.000000000000000000e+00 1.000000000000000000e+00 1.000000000000000000e+00 8.136700517110410091e-01 4.698347796709018698e-01
4.138000000000000000e+03 7.605531777851000097e-01 1.040150995161691183e+00 1.038503343642704468e+00 8.136700517110410091e-01 4.698347796709018698e-01
4.139000000000000000e+03 1.000000000000000000e+00 1.000000000000000000e+00 1.000000000000000000e+00 3.455951685453645950e-01 5.148489016892089376e-01
4.139000000000000000e+03 6.807375703801333833e-01 1.053534660215588170e+00 1.051337791523605958e+00 3.455951685453645950e-01 5.148489016892089376e-01
