3.340000000000000000e+03 1.000000000000000000e+00 1.000000000000000000e+00 1.000000000000000000e+00 4.567017085426383627e-01 5.926472666273214784e-01
3.340000000000000000e+03 9.826967486417570452e-01 9.127146371584798912e-01 1.001299312003001596e+00 4.567017085426383627e-01 5.926472666273214784e-01
3.341000000000000000e+03 1.000000000000000000e+00 1.000000000000000000e+00 1.000000000000000000e+00 6.110407673203689383e-01 2.624011657235155726e-01
3.341000000000000000e+03 9.653934972835140904e-01 8.254292743169597824e-01 1.002598624006003414e+00 6.110407673203689383e-01 2.624011657235155726e-01
3.342000000000000000e+03 1.000000000000000000e+00 1.000000000000000000e+00 1.000000000000000000e+00 3.348769495480970471e-01 4.228304706111347122e-01
3.342000000000000000e+03 9.480902459252711356e-01 7.381439114754397846e-01 1.003897936009005232e+00 3.348769495480970471e-01 4.228304706111347122e-01
3.343000000000000000e+03 1.000000000000000000e+00 1.000000000000000000e+00 1.000000000000000000e+00 5.201714828027399484e-01 5.094270535258579313e-01
3.343000000000000000e+03 9.307869945670281808e-01 6.508585486339196757e-01 1.005197248012006828e+00 5.201714828027399484e-01 5.094270535258579313e-01
3.344000000000000000e+03 1.000000000000000000e+00 1.000000000000000000e+00 1.000000000000000000e+00 5.260041704145230756e-01 5.191011433608846426e-01
3.344000000000000000e+03 9.826967486417570452e-01 9.127146371584798912e-01 1.001299312003001596e+00 5.260041704145230756e-01 5.191011433608846426e-01
3.345000000000000000e+03 1.000000000000000000e+00 1.000000000000000000e+00 1.000000000000000000e+00 3.450453670940886730e-01 3.861793854451888719e-01
3.345000000000000000e+03 9.653934972835140904e-01 8.254292743169597824e-01 1.002598624006003414e+00 3.450453670940886730e-01 3.861793854451888719e-01
3.346000000000000000e+03 1.000000000000000000e+00 1.000000000000000000e+00 1.000000000000000000e+00 6.611803501517743431e-01 2.805701358483945196e-01
3.346000000000000000e+03 9.480902459252711356e-01 7.381439114754397846e-01 1.003897936009005232e+00 6.611803501517743431e-01 2.805701358483945196e-01
3.347000000000000000e+03 1.000000000000000000e+00 1.000000000000000000e+00 1.000000000000000000e+00 4.335391210421521424e-01 5.904794016602172846e-01
3.347000000000000000e+03 9.307869945670281808e-01 6.508585486339196757e-01 1.005197248012006828e+00 4.335391210421521424e-01 5.904794016602172846e-01
3.348000000000000000e+03 1.000000000000000000e+00 1.000000000000000000e+00 1.000000000000000000e+00 3.494868316195386404e-01 5.230349017952216073e-01
3.348000000000000000e+03 9.826967486417570452e-01 9.127146371584798912e-01 1.001299312003001596e+00 3.494868316195386404e-01 5.230349017952216073e-01
3.349000000000000000e+03 1.000000000000000000e+00 1.000000000000000000e+00 1.000000000000000000e+00 8.086716952368928624e-01 4.527601321316054861e-01
3.349000000000000000e+03 9.653934972835140904e-01 8.254292743169597824e-01 1.002598624006003414e+00 8.086716952368928624e-01 4.527601321316054861e-01
3.350000000000000000e+03 1.000000000000000000e+00 1.000000000000000000e+00 1.000000000000000000e+00 4.648626151681919394e-01 2.704075681913228890e-01
3.350000000000000000e+03 9.480902459252711356e-01 7.381439114754397846e-01 1.003897936009005232e+00 4.648626151681919394e-01 2.704075681913228890e-01
3.351000000000000000e+03 1.000000000000000000e+00 1.000000000000000000e+00 1.000000000000000000e+00 5.109324187586351540e-01 5.714339049522456637e-01
3.351000000000000000e+03 9.307869945670281808e-01 6.508585486339196757e-01 1.005197248012006828e+00 5.109324187586351540e-01 5.714339049522456637e-01
3.352000000000000000e+03 1.000000000000000000e+00 1.000000000000000000e+00 1.000000000000000000e+00 5.270759197843924992e-01 5.447055938834254318e-01
3.352000000000000000e+03 9.826967486417570452e-01 9.127146371584798912e-01 1.001299312003001596e+00 5.270759197843924992e-01 5.447055938834254318e-01
3.353000000000000000e+03 1.000000000000000000e+00 1.000000000000000000e+00 1.000000000000000000e+00 3.900369595602475314e-01 3.184378197589432524e-01
3.353000000000000000e+03 9.653934972835140904e-01 8.254292743169597824e-01 1.002598624006003414e+00 3.900369595602475314e-01 3.184378197589432524e-01
3.354000000000000000e+03 1.000000000000000000e+00 1.000000000000000000e+00 1.000000000000000000e+00 7.499904734198724610e-01 3.485933992325674913e-01
3.354000000000000000e+03 9.480902459252711356e-01 7.381439114754397846e-01 1.003897936009005232e+00 7.499904734198724610e-01 3.485933992325674913e-01
3.355000000000000000e+03 1.000000000000000000e+00 1.000000000000000000e+00 1.000000000000000000e+00 3.868661129377588548e-01 5.685194801120724284e-01
3.355000000000000000e+03 9.307869945670281808e-01 6.508585486339196757e-01 1.005197248012006828e+00 3.868661129377588548e-01 5.685194801120724284e-01
3.356000000000000000e+03 1.000000000000000000e+00 1.000000000000000000e+00 1.000000000000000000e+00 4.779933941006921927e-01 5.896027614163379393e-01
3.356000000000000000e+03 9.826967486417570452e-01 9.127146371584798912e-01 1.001299312003001596e+00 4.779933941006921927e-01 5.896027614163379393e-01
3.357000000000000000e+03 1.000000000000000000e+00 1.000000000000000000e+00 1.000000000000000000e+00 5.601687810743986029e-01 2.550149732317060214e-01
3.357000000000000000e+03 9.653934972835140904e-01 8.254292743169597824e-01 1.002598624006003414e+00 5.601687810743986029e-01 2.550149732317060214e-01
3.358000000000000000e+03 1.000000000000000000e+00 1.000000000000000000e+00 1.000000000000000000e+00 3.327061059076840133e-01 4.589123065131467394e-01
3.358000000000000000e+03 9.480902459252711356e-01 7.381439114754397846e-01 1.003897936009005232e+00 3.327061059076840133e-01 4.589123065131467394e-01
3.359000000000000000e+03 1.000000000000000000e+00 1.000000000000000000e+00 1.000000000000000000e+00 5.119116287403598919e-01 5.029255183117623540e-01
3.359000000000000000e+03 9.307869945670281808e-01 6.508585486339196757e-01 1.005197248012006828e+00 5.119116287403598919e-01 5.029255183117623540e-01
