5.080000000000000000e+03 1.000000000000000000e+00 1.000000000000000000e+00 1.000000000000000000e+00 5.257160143751405945e-01 5.491033284106608958e-01
5.080000000000000000e+03 1.002701262629622558e+00 8.963199405301824907e-01 9.975842092965745422e-01 5.257160143751405945e-01 5.491033284106608958e-01
5.081000000000000000e+03 1.000000000000000000e+00 1.000000000000000000e+00 1.000000000000000000e+00 4.000536862023252316e-01 3.091579589959162488e-01
5.081000000000000000e+03 1.005402525259245117e+00 7.926398810603649814e-01 9.951684185931490845e-01 4.000536862023252316e-01 3.091579589959162488e-01
5.082000000000000000e+03 1.000000000000000000e+00 1.000000000000000000e+00 1.000000000000000000e+00 7.617113973007951788e-01 3.629385364910581724e-01
5.082000000000000000e+03 1.008103787888867453e+00 6.889598215905473610e-01 9.927526278897237377e-01 7.617113973007951788e-01 3.629385364910581724e-01
5.083000000000000000e+03 1.000000000000000000e+00 1.000000000000000000e+00 1.000000000000000000e+00 3.800273152926276765e-01 5.628311640864077647e-01
5.083000000000000000e+03 1.010805050518490011e+00 5.852797621207298517e-01 9.903368371862982800e-01 3.800273152926276765e-01 5.628311640864077647e-01
5.084000000000000000e+03 1.000000000000000000e+00 1.000000000000000000e+00 1.000000000000000000e+00 4.715287574666746084e-01 5.910835528784216253e-01
5.084000000000000000e+03 1.002701262629622558e+00 8.963199405301824907e-01 9.975842092965745422e-01 4.715287574666746084e-01 5.910835528784216253e-01
5.085000000000000000e+03 1.000000000000000000e+00 1.000000000000000000e+00 1.000000000000000000e+00 5.762068992736040229e-01 2.562032941989362822e-01
5.085000000000000000e+03 1.005402525259245117e+00 7.926398810603649814e-01 9.951684185931490845e-01 5.762068992736040229e-01 2.562032941989362822e-01
5.086000000000000000e+03 1.000000000000000000e+00 1.000000000000000000e+00 1.000000000000000000e+00 3.325598706602572729e-01 4.476609290965353760e-01
5.086000000000000000e+03 1.008103787888867453e+00 6.889598215905473610e-01 9.927526278897237377e-01 3.325598706602572729e-01 4.476609290965353760e-01
5.087000000000000000e+03 1.000000000000000000e+00 1.000000000000000000e+00 1.000000000000000000e+00 5.147269764171005235e-01 5.046034141631861036e-01
5.087000000000000000e+03 1.010805050518490011e+00 5.852797621207298517e-01 9.903368371862982800e-01 5.147269764171005235e-01 5.046034141631861036e-01
5.088000000000000000e+03 1.000000000000000000e+00 1.000000000000000000e+00 1.000000000000000000e+00 5.102117533075130051e-01 5.021209610402252999e-01
5.088000000000000000e+03 1.002701262629622558e+00 8.963199405301824907e-01 9.975842092965745422e-01 5.102117533075130051e-01 5.021209610402252999e-01
5.089000000000000000e+03 1.000000000000000000e+00 1.000000000000000000e+00 1.000000000000000000e+00 3.331315367764823288e-01 4.653417489943709739e-01
5.089000000000000000e+03 1.005402525259245117e+00 7.926398810603649814e-01 9.951684185931490845e-01 3.331315367764823288e-01 4.653417489943709739e-01
5.090000000000000000e+03 1.000000000000000000e+00 1.000000000000000000e+00 1.000000000000000000e+00 5.509268959883307781e-01 2.548031818184799402e-01
5.090000000000000000e+03 1.008103787888867453e+00 6.889598215905473610e-01 9.927526278897237377e-01 5.509268959883307781e-01 2.548031818184799402e-01
5.091000000000000000e+03 1.000000000000000000e+00 1.000000000000000000e+00 1.000000000000000000e+00 4.816103939770728370e-01 5.885401082655153937e-01
5.091000000000000000e+03 1.010805050518490011e+00 5.852797621207298517e-01 9.903368371862982800e-01 4.816103939770728370e-01 5.885401082655153937e-01
5.092000000000000000e+03 1.000000000000000000e+00 1.000000000000000000e+00 1.000000000000000000e+00 3.909441838473145525e-01 5.715453167203788931e-01
5.092000000000000000e+03 1.002701262629622558e+00 8.963199405301824907e-01 9.975842092965745422e-01 3.909441838473145525e-01 5.715453167203788931e-01
5.093000000000000000e+03 1.000000000000000000e+00 1.000000000000000000e+00 1.000000000000000000e+00 7.428361764286361968e-01 3.406889997556101779e-01
5.093000000000000000e+03 1.005402525259245117e+00 7.926398810603649814e-01 9.951684185931490845e-01 7.428361764286361968e-01 3.406889997556101779e-01
5.094000000000000000e+03 1.000000000000000000e+00 1.000000000000000000e+00 1.000000000000000000e+00 3.845718415176156424e-01 3.240540037093392334e-01
5.094000000000000000e+03 1.008103787888867453e+00 6.889598215905473610e-01 9.927526278897237377e-01 3.845718415176156424e-01 3.240540037093392334e-01
5.095000000000000000e+03 1.000000000000000000e+00 1.000000000000000000e+00 1.000000000000000000e+00 5.276624749583734841e-01 5.421656360147100173e-01
5.095000000000000000e+03 1.010805050518490011e+00 5.852797621207298517e-01 9.903368371862982800e-01 5.276624749583734841e-01 5.421656360147100173e-01
5.096000000000000000e+03 1.000000000000000000e+00 1.000000000000000000e+00 1.000000000000000000e+00 5.131568780160882248e-01 5.691898651698168443e-01
5.096000000000000000e+03 1.002701262629622558e+00 8.963199405301824907e-01 9.975842092965745422e-01 5.131568780160882248e-01 5.691898651698168443e-01
5.097000000000000000e+03 1.000000000000000000e+00 1.000000000000000000e+00 1.000000000000000000e+00 4.569537307726543318e-01 2.736267251044096072e-01
5.097000000000000000e+03 1.005402525259245117e+00 7.926398810603649814e-01 9.951684185931490845e-01 4.569537307726543318e-01 2.736267251044096072e-01
5.098000000000000000e+03 1.000000000000000000e+00 1.000000000000000000e+00 1.000000000000000000e+00 8.049649797584771393e-01 4.420090351670255546e-01
5.098000000000000000e+03 1.008103787888867453e+00 6.889598215905473610e-01 9.927526278897237377e-01 8.049649797584771393e-01 4.420090351670255546e-01
5.099000000000000000e+03 1.000000000000000000e+00 1.000000000000000000e+00 1.000000000000000000e+00 3.522184299672964092e-01 5.281015736217169465e-01
5.099000000000000000e+03 1.010805050518490011e+00 5.852797621207298517e-01 9.903368371862982800e-01 3.522184299672964092e-01 5.281015736217169465e-01
