1.460000000000000000e+03 1.000000000000000000e+00 1.000000000000000000e+00 1.000000000000000000e+00 3.551173276314513183e-01 5.330017239914869309e-01
1.460000000000000000e+03 9.958538540814323436e-01 9.132291874243840812e-01 9.938890648396734306e-01 3.551173276314513183e-01 5.330017239914869309e-01
1.461000000000000000e+03 1.000000000000000000e+00 1.000000000000000000e+00 1.000000000000000000e+00 8.008867275792677098e-01 4.314632966528005320e-01
1.461000000000000000e+03 9.917077081628646873e-01 8.264583748487680515e-01 9.877781296793468613e-01 8.008867275792677098e-01 4.314632966528005320e-01
1.462000000000000000e+03 1.000000000000000000e+00 1.000000000000000000e+00 1.000000000000000000e+00 4.492307863306568283e-01 2.771153000260917487e-01
1.462000000000000000e+03 9.875615622442971420e-01 7.396875622731520217e-01 9.816671945190204029e-01 4.492307863306568283e-01 2.771153000260917487e-01
1.463000000000000000e+03 1.000000000000000000e+00 1.000000000000000000e+00 1.000000000000000000e+00 5.152342343136306901e-01 5.668806447631891121e-01
1.463000000000000000e+03 9.834154163257294856e-01 6.529167496975361029e-01 9.755562593586938336e-01 5.152342343136306901e-01 5.668806447631891121e-01
1.464000000000000000e+03 1.000000000000000000e+00 1.000000000000000000e+00 1.000000000000000000e+00 5.281024360443788979e-01 5.396434815251397454e-01
1.464000000000000000e+03 9.958538540814323436e-01 9.132291874243840812e-01 9.938890648396734306e-01 5.281024360443788979e-01 5.396434815251397454e-01
1.465000000000000000e+03 1.000000000000000000e+00 1.000000000000000000e+00 1.000000000000000000e+00 3.793673565297561723e-01 3.298262127457829429e-01
1.465000000000000000e+03 9.917077081628646873e-01 8.264583748487680515e-01 9.877781296793468613e-01 3.793673565297561723e-01 3.298262127457829429e-01
1.466000000000000000e+03 1.000000000000000000e+00 1.000000000000000000e+00 1.000000000000000000e+00 7.354389401187557684e-01 3.331022528168237073e-01
1.466000000000000000e+03 9.875615622442971420e-01 7.396875622731520217e-01 9.816671945190204029e-01 7.354389401187557684e-01 3.331022528168237073e-01
1.467000000000000000e+03 1.000000000000000000e+00 1.000000000000000000e+00 1.000000000000000000e+00 3.950913656103215987e-01 5.743675397573113628e-01
1.467000000000000000e+03 9.834154163257294856e-01 6.529167496975361029e-01 9.755562593586938336e-01 3.950913656103215987e-01 5.743675397573113628e-01
1.468000000000000000e+03 1.000000000000000000e+00 1.000000000000000000e+00 1.000000000000000000e+00 4.851217166795824265e-01 5.873354980778141554e-01
1.468000000000000000e+03 9.958538540814323436e-01 9.132291874243840812e-01 9.938890648396734306e-01 4.851217166795824265e-01 5.873354980778141554e-01
1.469000000000000000e+03 1.000000000000000000e+00 1.000000000000000000e+00 1.000000000000000000e+00 5.417484105163745678e-01 2.549369004553749818e-01
1.469000000000000000e+03 9.917077081628646873e-01 8.264583748487680515e-01 9.877781296793468613e-01 5.417484105163745678e-01 2.549369004553749818e-01
1.470000000000000000e+03 1.000000000000000000e+00 1.000000000000000000e+00 1.000000000000000000e+00 3.338007011887804132e-01 4.716866530816039571e-01
1.470000000000000000e+03 9.875615622442971420e-01 7.396875622731520217e-01 9.816671945190204029e-01 3.338007011887804132e-01 4.716866530816039571e-01
1.471000000000000000e+03 1.000000000000000000e+00 1.000000000000000000e+00 1.000000000000000000e+00 5.084716973444087795e-01 5.014432197224391041e-01
1.471000000000000000e+03 9.834154163257294856e-01 6.529167496975361029e-01 9.755562593586938336e-01 5.084716973444087795e-01 5.014432197224391041e-01
1.472000000000000000e+03 1.000000000000000000e+00 1.000000000000000000e+00 1.000000000000000000e+00 5.060501822131148186e-01 5.007273817777544433e-01
1.472000000000000000e+03 9.958538540814323436e-01 9.132291874243840812e-01 9.938890648396734306e-01 5.060501822131148186e-01 5.007273817777544433e-01
1.473000000000000000e+03 1.000000000000000000e+00 1.000000000000000000e+00 1.000000000000000000e+00 3.350937514733067779e-01 4.801741838524868911e-01
1.473000000000000000e+03 9.917077081628646873e-01 8.264583748487680515e-01 9.877781296793468613e-01 3.350937514733067779e-01 4.801741838524868911e-01
1.474000000000000000e+03 1.000000000000000000e+00 1.000000000000000000e+00 1.000000000000000000e+00 5.293750333323924417e-01 2.556657183165175762e-01
1.474000000000000000e+03 9.875615622442971420e-01 7.396875622731520217e-01 9.816671945190204029e-01 5.293750333323924417e-01 2.556657183165175762e-01
1.475000000000000000e+03 1.000000000000000000e+00 1.000000000000000000e+00 1.000000000000000000e+00 4.897234010373662239e-01 5.854782153699039648e-01
1.475000000000000000e+03 9.834154163257294856e-01 6.529167496975361029e-01 9.755562593586938336e-01 4.897234010373662239e-01 5.854782153699039648e-01
1.476000000000000000e+03 1.000000000000000000e+00 1.000000000000000000e+00 1.000000000000000000e+00 4.008329129102402577e-01 5.778814652352824988e-01
1.476000000000000000e+03 9.958538540814323436e-01 9.132291874243840812e-01 9.938890648396734306e-01 4.008329129102402577e-01 5.778814652352824988e-01
1.477000000000000000e+03 1.000000000000000000e+00 1.000000000000000000e+00 1.000000000000000000e+00 7.249999212656134118e-01 3.232949654946689066e-01
1.477000000000000000e+03 9.917077081628646873e-01 8.264583748487680515e-01 9.877781296793468613e-01 7.249999212656134118e-01 3.232949654946689066e-01
1.478000000000000000e+03 1.000000000000000000e+00 1.000000000000000000e+00 1.000000000000000000e+00 3.727067501296932317e-01 3.379164958223134230e-01
1.478000000000000000e+03 9.875615622442971420e-01 7.396875622731520217e-01 9.816671945190204029e-01 3.727067501296932317e-01 3.379164958223134230e-01
1.479000000000000000e+03 1.000000000000000000e+00 1.000000000000000000e+00 1.000000000000000000e+00 5.284696806002581182e-01 5.362506700018329076e-01
1.479000000000000000e+03 9.834154163257294856e-01 6.529167496975361029e-01 9.755562593586938336e-01 5.284696806002581182e-01 5.362506700018329076e-01
