2.580000000000000000e+03 1.000000000000000000e+00 1.000000000000000000e+00 1.000000000000000000e+00 3.510935517961965568e-01 5.260730794948281774e-01
2.580000000000000000e+03 1.019807930493855208e+00 8.996663057672834585e-01 1.014250112398181525e+00 3.510935517961965568e-01 5.260730794948281774e-01
2.581000000000000000e+03 1.000000000000000000e+00 1.000000000000000000e+00 1.000000000000000000e+00 8.065087251657618861e-01 4.463312270656845659e-01
2.581000000000000000e+03 1.039615860987710416e+00 7.993326115345669169e-01 1.028500224796363050e+00 8.065087251657618861e-01 4.463312270656845659e-01
2.582000000000000000e+03 1.000000000000000000e+00 1.000000000000000000e+00 1.000000000000000000e+00 4.601290737854282220e-01 2.722924133152173631e-01
2.582000000000000000e+03 1.059423791481565402e+00 6.989989173018504864e-01 1.042750337194544574e+00 4.601290737854282220e-01 2.722924133152173631e-01
2.583000000000000000e+03 1.000000000000000000e+00 1.000000000000000000e+00 1.000000000000000000e+00 5.122752327750844659e-01 5.701053097228242494e-01
2.583000000000000000e+03 1.079231721975420610e+00 5.986652230691339449e-01 1.057000449592726099e+00 5.122752327750844659e-01 5.701053097228242494e-01
2.584000000000000000e+03 1.000000000000000000e+00 1.000000000000000000e+00 1.000000000000000000e+00 5.274431172881410834e-01 5.431906946520307367e-01
2.584000000000000000e+03 1.019807930493855208e+00 8.996663057672834585e-01 1.014250112398181525e+00 5.274431172881410834e-01 5.431906946520307367e-01
2.585000000000000000e+03 1.000000000000000000e+00 1.000000000000000000e+00 1.000000000000000000e+00 3.867500060613047741e-01 3.217642020695586358e-01
2.585000000000000000e+03 1.039615860987710416e+00 7.993326115345669169e-01 1.028500224796363050e+00 3.867500060613047741e-01 3.217642020695586358e-01
2.586000000000000000e+03 1.000000000000000000e+00 1.000000000000000000e+00 1.000000000000000000e+00 7.457583495696467057e-01 3.438465677360276751e-01
2.586000000000000000e+03 1.059423791481565402e+00 6.989989173018504864e-01 1.042750337194544574e+00 7.457583495696467057e-01 3.438465677360276751e-01
2.587000000000000000e+03 1.000000000000000000e+00 1.000000000000000000e+00 1.000000000000000000e+00 3.892867537087639773e-01 5.703465556134181824e-01
2.587000000000000000e+03 1.079231721975420610e+00 5.986652230691339449e-01 1.057000449592726099e+00 3.892867537087639773e-01 5.703465556134181824e-01
2.588000000000000000e+03 1.000000000000000000e+00 1.000000000000000000e+00 1.000000000000000000e+00 4.801606102731945103e-01 5.889871305655124401e-01
2.588000000000000000e+03 1.019807930493855208e+00 8.996663057672834585e-01 1.014250112398181525e+00 4.801606102731945103e-01 5.889871305655124401e-01
2.589000000000000000e+03 1.000000000000000000e+00 1.000000000000000000e+00 1.000000000000000000e+00 5.546560736689628568e-01 2.548469367882413295e-01
2.589000000000000000e+03 1.039615860987710416e+00 7.993326115345669169e-01 1.028500224796363050e+00 5.546560736689628568e-01 2.548469367882413295e-01
2.590000000000000000e+03 1.000000000000000000e+00 1.000000000000000000e+00 1.000000000000000000e+00 3.329299031113645002e-01 4.627522683021158545e-01
2.590000000000000000e+03 1.059423791481565402e+00 6.989989173018504864e-01 1.042750337194544574e+00 3.329299031113645002e-01 4.627522683021158545e-01
2.591000000000000000e+03 1.000000000000000000e+00 1.000000000000000000e+00 1.000000000000000000e+00 5.109041642423892693e-01 5.024310477557267784e-01
2.591000000000000000e+03 1.079231721975420610e+00 5.986652230691339449e-01 1.057000449592726099e+00 5.109041642423892693e-01 5.024310477557267784e-01
2.592000000000000000e+03 1.000000000000000000e+00 1.000000000000000000e+00 1.000000000000000000e+00 5.153634145871391903e-01 5.050492606626419967e-01
2.592000000000000000e+03 1.019807930493855208e+00 8.996663057672834585e-01 1.014250112398181525e+00 5.153634145871391903e-01 5.050492606626419967e-01
2.593000000000000000e+03 1.000000000000000000e+00 1.000000000000000000e+00 1.000000000000000000e+00 3.326352662125658943e-01 4.449947691098660174e-01
2.593000000000000000e+03 1.039615860987710416e+00 7.993326115345669169e-01 1.028500224796363050e+00 3.326352662125658943e-01 4.449947691098660174e-01
2.594000000000000000e+03 1.000000000000000000e+00 1.000000000000000000e+00 1.000000000000000000e+00 5.799832160038798090e-01 2.566346066124184366e-01
2.594000000000000000e+03 1.059423791481565402e+00 6.989989173018504864e-01 1.042750337194544574e+00 5.799832160038798090e-01 2.566346066124184366e-01
2.595000000000000000e+03 1.000000000000000000e+00 1.000000000000000000e+00 1.000000000000000000e+00 4.699727542236120104e-01 5.913640741872866480e-01
2.595000000000000000e+03 1.079231721975420610e+00 5.986652230691339449e-01 1.057000449592726099e+00 4.699727542236120104e-01 5.913640741872866480e-01
2.596000000000000000e+03 1.000000000000000000e+00 1.000000000000000000e+00 1.000000000000000000e+00 3.784620322603891585e-01 5.614109268676262809e-01
2.596000000000000000e+03 1.019807930493855208e+00 8.996663057672834585e-01 1.014250112398181525e+00 3.784620322603891585e-01 5.614109268676262809e-01
2.597000000000000000e+03 1.000000000000000000e+00 1.000000000000000000e+00 1.000000000000000000e+00 7.643433366040530696e-01 3.664321148851569787e-01
2.597000000000000000e+03 1.039615860987710416e+00 7.993326115345669169e-01 1.028500224796363050e+00 7.643433366040530696e-01 3.664321148851569787e-01
2.598000000000000000e+03 1.000000000000000000e+00 1.000000000000000000e+00 1.000000000000000000e+00 4.025105940087653211e-01 3.070593478281680166e-01
2.598000000000000000e+03 1.059423791481565402e+00 6.989989173018504864e-01 1.042750337194544574e+00 4.025105940087653211e-01 3.070593478281680166e-01
2.599000000000000000e+03 1.000000000000000000e+00 1.000000000000000000e+00 1.000000000000000000e+00 5.253324477440179940e-01 5.501352833073896997e-01
2.599000000000000000e+03 1.079231721975420610e+00 5.986652230691339449e-01 1.057000449592726099e+00 5.253324477440179940e-01 5.501352833073896997e-01
