1.500000000000000000e+03 1.000000000000000000e+00 1.000000000000000000e+00 1.000000000000000000e+00 4.701372189154670034e-01 5.913357711685830465e-01
1.500000000000000000e+03 1.005204419063707499e+00 1.009350146928611025e+00 9.007145342352714801e-01 4.701372189154670034e-01 5.913357711685830465e-01
1.501000000000000000e+03 1.000000000000000000e+00 1.000000000000000000e+00 1.000000000000000000e+00 5.795855255244708459e-01 2.565864569994998901e-01
1.501000000000000000e+03 1.010408838127414999e+00 1.018700293857222050e+00 8.014290684705429602e-01 5.795855255244708459e-01 2.565864569994998901e-01
1.502000000000000000e+03 1.000000000000000000e+00 1.000000000000000000e+00 1.000000000000000000e+00 3.326253429154584218e-01 4.452758466954981342e-01
1.502000000000000000e+03 1.015613257191122498e+00 1.028050440785833297e+00 7.021436027058144402e-01 3.326253429154584218e-01 4.452758466954981342e-01
1.503000000000000000e+03 1.000000000000000000e+00 1.000000000000000000e+00 1.000000000000000000e+00 5.152968852526245147e-01 5.050014088645640165e-01
1.503000000000000000e+03 1.020817676254829998e+00 1.037400587714444322e+00 6.028581369410859203e-01 5.152968852526245147e-01 5.050014088645640165e-01
1.504000000000000000e+03 1.000000000000000000e+00 1.000000000000000000e+00 1.000000000000000000e+00 5.108316017069424175e-01 5.023974347800642670e-01
1.504000000000000000e+03 1.005204419063707499e+00 1.009350146928611025e+00 9.007145342352714801e-01 5.108316017069424175e-01 5.023974347800642670e-01
1.505000000000000000e+03 1.000000000000000000e+00 1.000000000000000000e+00 1.000000000000000000e+00 3.329492412802541601e-01 4.630254776877406053e-01
1.505000000000000000e+03 1.010408838127414999e+00 1.018700293857222050e+00 8.014290684705429602e-01 3.329492412802541601e-01 4.630254776877406053e-01
1.506000000000000000e+03 1.000000000000000000e+00 1.000000000000000000e+00 1.000000000000000000e+00 5.542630660783568475e-01 2.548396627738525044e-01
1.506000000000000000e+03 1.015613257191122498e+00 1.028050440785833297e+00 7.021436027058144402e-01 5.542630660783568475e-01 2.548396627738525044e-01
1.507000000000000000e+03 1.000000000000000000e+00 1.000000000000000000e+00 1.000000000000000000e+00 4.803140214538381136e-01 5.889411802133440732e-01
1.507000000000000000e+03 1.020817676254829998e+00 1.037400587714444322e+00 6.028581369410859203e-01 4.803140214538381136e-01 5.889411802133440732e-01
1.508000000000000000e+03 1.000000000000000000e+00 1.000000000000000000e+00 1.000000000000000000e+00 3.894606698344518225e-01 5.704743057831322961e-01
1.508000000000000000e+03 1.005204419063707499e+00 1.009350146928611025e+00 9.007145342352714801e-01 3.894606698344518225e-01 5.704743057831322961e-01
1.509000000000000000e+03 1.000000000000000000e+00 1.000000000000000000e+00 1.000000000000000000e+00 7.454526485082433318e-01 3.435117620095643476e-01
1.509000000000000000e+03 1.010408838127414999e+00 1.018700293857222050e+00 8.014290684705429602e-01 7.454526485082433318e-01 3.435117620095643476e-01
1.510000000000000000e+03 1.000000000000000000e+00 1.000000000000000000e+00 1.000000000000000000e+00 3.865187281132160257e-01 3.220040106631042454e-01
1.510000000000000000e+03 1.015613257191122498e+00 1.028050440785833297e+00 7.021436027058144402e-01 3.865187281132160257e-01 3.220040106631042454e-01
1.511000000000000000e+03 1.000000000000000000e+00 1.000000000000000000e+00 1.000000000000000000e+00 5.274673396794806735e-01 5.430826709942004893e-01
1.511000000000000000e+03 1.020817676254829998e+00 1.037400587714444322e+00 6.028581369410859203e-01 5.274673396794806735e-01 5.430826709942004893e-01
1.512000000000000000e+03 1.000000000000000000e+00 1.000000000000000000e+00 1.000000000000000000e+00 5.123691659986400193e-01 5.700094637999790770e-01
1.512000000000000000e+03 1.005204419063707499e+00 1.009350146928611025e+00 9.007145342352714801e-01 5.123691659986400193e-01 5.700094637999790770e-01
1.513000000000000000e+03 1.000000000000000000e+00 1.000000000000000000e+00 1.000000000000000000e+00 4.597934142593658180e-01 2.724307759117161609e-01
1.513000000000000000e+03 1.010408838127414999e+00 1.018700293857222050e+00 8.014290684705429602e-01 4.597934142593658180e-01 2.724307759117161609e-01
1.514000000000000000e+03 1.000000000000000000e+00 1.000000000000000000e+00 1.000000000000000000e+00 8.063491042324362201e-01 4.458747043883686811e-01
1.514000000000000000e+03 1.015613257191122498e+00 1.028050440785833297e+00 7.021436027058144402e-01 8.063491042324362201e-01 4.458747043883686811e-01
1.515000000000000000e+03 1.000000000000000000e+00 1.000000000000000000e+00 1.000000000000000000e+00 3.512106560558685420e-01 5.262878758696372117e-01
1.515000000000000000e+03 1.020817676254829998e+00 1.037400587714444322e+00 6.028581369410859203e-01 3.512106560558685420e-01 5.262878758696372117e-01
1.516000000000000000e+03 1.000000000000000000e+00 1.000000000000000000e+00 1.000000000000000000e+00 4.363102678871393914e-01 5.910243885585316770e-01
1.516000000000000000e+03 1.005204419063707499e+00 1.009350146928611025e+00 9.007145342352714801e-01 4.363102678871393914e-01 5.910243885585316770e-01
1.517000000000000000e+03 1.000000000000000000e+00 1.000000000000000000e+00 1.000000000000000000e+00 6.554172787845473636e-01 2.778800082291807971e-01
1.517000000000000000e+03 1.010408838127414999e+00 1.018700293857222050e+00 8.014290684705429602e-01 6.554172787845473636e-01 2.778800082291807971e-01
1.518000000000000000e+03 1.000000000000000000e+00 1.000000000000000000e+00 1.000000000000000000e+00 3.434278098353245046e-01 3.904464945512960417e-01
1.518000000000000000e+03 1.015613257191122498e+00 1.028050440785833297e+00 7.021436027058144402e-01 3.434278098353245046e-01 3.904464945512960417e-01
1.519000000000000000e+03 1.000000000000000000e+00 1.000000000000000000e+00 1.000000000000000000e+00 5.254765869523878585e-01 5.178259587770172034e-01
1.519000000000000000e+03 1.020817676254829998e+00 1.037400587714444322e+00 6.028581369410859203e-01 5.254765869523878585e-01 5.178259587770172034e-01
