2.200000000000000000e+02 1.000000000000000000e+00 1.000000000000000000e+00 1.000000000000000000e+00 4.698081324866066888e-01 5.913920873820798230e-01
2.200000000000000000e+02 1.000727532496106686e+00 9.105766835317473662e-01 9.999944585343215619e-01 4.698081324866066888e-01 5.913920873820798230e-01
2.210000000000000000e+02 1.000000000000000000e+00 1.000000000000000000e+00 1.000000000000000000e+00 5.803809459772157897e-01 2.566834037230343313e-01
2.210000000000000000e+02 1.001455064992213373e+00 8.211533670634947324e-01 9.999889170686431239e-01 5.803809459772157897e-01 2.566834037230343313e-01
2.220000000000000000e+02 1.000000000000000000e+00 1.000000000000000000e+00 1.000000000000000000e+00 3.326456581704773097e-01 4.447135932546954495e-01
2.220000000000000000e+02 1.002182597488320059e+00 7.317300505952422096e-01 9.999833756029645748e-01 3.326456581704773097e-01 4.447135932546954495e-01
2.230000000000000000e+02 1.000000000000000000e+00 1.000000000000000000e+00 1.000000000000000000e+00 5.154298329346368446e-01 5.050973282814820164e-01
2.230000000000000000e+02 1.002910129984426746e+00 6.423067341269895758e-01 9.999778341372861368e-01 5.154298329346368446e-01 5.050973282814820164e-01
2.240000000000000000e+02 1.000000000000000000e+00 1.000000000000000000e+00 1.000000000000000000e+00 5.109766489629334885e-01 5.024648889517647765e-01
2.240000000000000000e+02 1.000727532496106686e+00 9.105766835317473662e-01 9.999944585343215619e-01 5.109766489629334885e-01 5.024648889517647765e-01
2.250000000000000000e+02 1.000000000000000000e+00 1.000000000000000000e+00 1.000000000000000000e+00 3.329110102309019714e-01 4.624789126231360625e-01
2.250000000000000000e+02 1.001455064992213373e+00 8.211533670634947324e-01 9.999889170686431239e-01 3.329110102309019714e-01 4.624789126231360625e-01
2.260000000000000000e+02 1.000000000000000000e+00 1.000000000000000000e+00 1.000000000000000000e+00 5.550491865894134902e-01 2.548548398278196458e-01
2.260000000000000000e+02 1.002182597488320059e+00 7.317300505952422096e-01 9.999833756029645748e-01 5.550491865894134902e-01 2.548548398278196458e-01
2.270000000000000000e+02 1.000000000000000000e+00 1.000000000000000000e+00 1.000000000000000000e+00 4.800070118356856153e-01 5.890328193660157030e-01
2.270000000000000000e+02 1.002910129984426746e+00 6.423067341269895758e-01 9.999778341372861368e-01 4.800070118356856153e-01 5.890328193660157030e-01
2.280000000000000000e+02 1.000000000000000000e+00 1.000000000000000000e+00 1.000000000000000000e+00 3.891129695609759631e-01 5.702184376101815388e-01
2.280000000000000000e+02 1.000727532496106686e+00 9.105766835317473662e-01 9.999944585343215619e-01 3.891129695609759631e-01 5.702184376101815388e-01
2.290000000000000000e+02 1.000000000000000000e+00 1.000000000000000000e+00 1.000000000000000000e+00 7.460636008789771623e-01 3.441819432078829233e-01
2.290000000000000000e+02 1.001455064992213373e+00 8.211533670634947324e-01 9.999889170686431239e-01 7.460636008789771623e-01 3.441819432078829233e-01
2.300000000000000000e+02 1.000000000000000000e+00 1.000000000000000000e+00 1.000000000000000000e+00 3.869817527988507200e-01 3.215246843409994004e-01
2.300000000000000000e+02 1.002182597488320059e+00 7.317300505952422096e-01 9.999833756029645748e-01 3.869817527988507200e-01 3.215246843409994004e-01
2.310000000000000000e+02 1.000000000000000000e+00 1.000000000000000000e+00 1.000000000000000000e+00 5.274186280192136866e-01 5.432987452190475297e-01
2.310000000000000000e+02 1.002910129984426746e+00 6.423067341269895758e-01 9.999778341372861368e-01 5.274186280192136866e-01 5.432987452190475297e-01
2.320000000000000000e+02 1.000000000000000000e+00 1.000000000000000000e+00 1.000000000000000000e+00 5.121810345741715231e-01 5.702010320202121063e-01
2.320000000000000000e+02 1.000727532496106686e+00 9.105766835317473662e-01 9.999944585343215619e-01 5.121810345741715231e-01 5.702010320202121063e-01
2.330000000000000000e+02 1.000000000000000000e+00 1.000000000000000000e+00 1.000000000000000000e+00 4.604650632241802377e-01 2.721545451975573293e-01
2.330000000000000000e+02 1.001455064992213373e+00 8.211533670634947324e-01 9.999889170686431239e-01 4.604650632241802377e-01 2.721545451975573293e-01
2.340000000000000000e+02 1.000000000000000000e+00 1.000000000000000000e+00 1.000000000000000000e+00 8.066676661935578974e-01 4.467881121233560626e-01
2.340000000000000000e+02 1.002182597488320059e+00 7.317300505952422096e-01 9.999833756029645748e-01 8.066676661935578974e-01 4.467881121233560626e-01
2.350000000000000000e+02 1.000000000000000000e+00 1.000000000000000000e+00 1.000000000000000000e+00 3.509767565886726670e-01 5.258579856749955317e-01
2.350000000000000000e+02 1.002910129984426746e+00 6.423067341269895758e-01 9.999778341372861368e-01 3.509767565886726670e-01 5.258579856749955317e-01
2.360000000000000000e+02 1.000000000000000000e+00 1.000000000000000000e+00 1.000000000000000000e+00 4.359413387047647026e-01 5.909563104631136987e-01
2.360000000000000000e+02 1.000727532496106686e+00 9.105766835317473662e-01 9.999944585343215619e-01 4.359413387047647026e-01 5.909563104631136987e-01
2.370000000000000000e+02 1.000000000000000000e+00 1.000000000000000000e+00 1.000000000000000000e+00 6.561879719220904406e-01 2.782301194326328719e-01
2.370000000000000000e+02 1.001455064992213373e+00 8.211533670634947324e-01 9.999889170686431239e-01 6.561879719220904406e-01 2.782301194326328719e-01
2.380000000000000000e+02 1.000000000000000000e+00 1.000000000000000000e+00 1.000000000000000000e+00 3.436369044847595866e-01 3.898766833913370755e-01
2.380000000000000000e+02 1.002182597488320059e+00 7.317300505952422096e-01 9.999833756029645748e-01 3.436369044847595866e-01 3.898766833913370755e-01
2.390000000000000000e+02 1.000000000000000000e+00 1.000000000000000000e+00 1.000000000000000000e+00 5.255495254109869840e-01 5.179940059818076703e-01
2.390000000000000000e+02 1.002910129984426746e+00 6.423067341269895758e-01 9.999778341372861368e-01 5.255495254109869840e-01 5.179940059818076703e-01
