5.800000000000000000e+02 1.000000000000000000e+00 1.000000000000000000e+00 1.000000000000000000e+00 3.954472089033922444e-01 5.745982927429247322e-01
5.800000000000000000e+02 9.084265961560042957e-01 9.965730520283453409e-01 9.934378399812676674e-01 3.954472089033922444e-01 5.745982927429247322e-01
5.810000000000000000e+02 1.000000000000000000e+00 1.000000000000000000e+00 1.000000000000000000e+00 7.347986038495594174e-01 3.324714739617528059e-01
5.810000000000000000e+02 8.168531923120085914e-01 9.931461040566905707e-01 9.868756799625353349e-01 7.347986038495594174e-01 3.324714739617528059e-01
5.820000000000000000e+02 1.000000000000000000e+00 1.000000000000000000e+00 1.000000000000000000e+00 3.789365906094139813e-01 3.303243025269164690e-01
5.820000000000000000e+02 7.252797884680129981e-01 9.897191560850358005e-01 9.803135199438031133e-01 3.789365906094139813e-01 3.303243025269164690e-01
5.830000000000000000e+02 1.000000000000000000e+00 1.000000000000000000e+00 1.000000000000000000e+00 5.281331760952635568e-01 5.394298847201318692e-01
5.830000000000000000e+02 6.337063846240172937e-01 9.862922081133811414e-01 9.737513599250707808e-01 5.281331760952635568e-01 5.394298847201318692e-01
5.840000000000000000e+02 1.000000000000000000e+00 1.000000000000000000e+00 1.000000000000000000e+00 5.154041801836858339e-01 5.666813515093878095e-01
5.840000000000000000e+02 9.084265961560042957e-01 9.965730520283453409e-01 9.934378399812676674e-01 5.154041801836858339e-01 5.666813515093878095e-01
5.850000000000000000e+02 1.000000000000000000e+00 1.000000000000000000e+00 1.000000000000000000e+00 4.485823939987473308e-01 2.774243472449199888e-01
5.850000000000000000e+02 8.168531923120085914e-01 9.931461040566905707e-01 9.868756799625353349e-01 4.485823939987473308e-01 2.774243472449199888e-01
5.860000000000000000e+02 1.000000000000000000e+00 1.000000000000000000e+00 1.000000000000000000e+00 8.005228033779261398e-01 4.305756810899638576e-01
5.860000000000000000e+02 7.252797884680129981e-01 9.897191560850358005e-01 9.803135199438031133e-01 8.005228033779261398e-01 4.305756810899638576e-01
5.870000000000000000e+02 1.000000000000000000e+00 1.000000000000000000e+00 1.000000000000000000e+00 3.553714978677661174e-01 5.334108930924692515e-01
5.870000000000000000e+02 6.337063846240172937e-01 9.862922081133811414e-01 9.737513599250707808e-01 3.553714978677661174e-01 5.334108930924692515e-01
5.880000000000000000e+02 1.000000000000000000e+00 1.000000000000000000e+00 1.000000000000000000e+00 4.425494194480799059e-01 5.919680498896076060e-01
5.880000000000000000e+02 9.084265961560042957e-01 9.965730520283453409e-01 9.934378399812676674e-01 4.425494194480799059e-01 5.919680498896076060e-01
5.890000000000000000e+02 1.000000000000000000e+00 1.000000000000000000e+00 1.000000000000000000e+00 6.422191605017272265e-01 2.723326949418648502e-01
5.890000000000000000e+02 8.168531923120085914e-01 9.931461040566905707e-01 9.868756799625353349e-01 6.422191605017272265e-01 2.723326949418648502e-01
5.900000000000000000e+02 1.000000000000000000e+00 1.000000000000000000e+00 1.000000000000000000e+00 3.401823225261286776e-01 4.001651294731763397e-01
5.900000000000000000e+02 7.252797884680129981e-01 9.897191560850358005e-01 9.803135199438031133e-01 3.401823225261286776e-01 4.001651294731763397e-01
5.910000000000000000e+02 1.000000000000000000e+00 1.000000000000000000e+00 1.000000000000000000e+00 5.241184223053437785e-01 5.150662905770164723e-01
5.910000000000000000e+02 6.337063846240172937e-01 9.862922081133811414e-01 9.737513599250707808e-01 5.241184223053437785e-01 5.150662905770164723e-01
5.920000000000000000e+02 1.000000000000000000e+00 1.000000000000000000e+00 1.000000000000000000e+00 5.280003500078536138e-01 5.263329034800131589e-01
5.920000000000000000e+02 9.084265961560042957e-01 9.965730520283453409e-01 9.934378399812676674e-01 5.280003500078536138e-01 5.263329034800131589e-01
5.930000000000000000e+02 1.000000000000000000e+00 1.000000000000000000e+00 1.000000000000000000e+00 3.554453475204302215e-01 3.640537096763548086e-01
5.930000000000000000e+02 8.168531923120085914e-01 9.931461040566905707e-01 9.868756799625353349e-01 3.554453475204302215e-01 3.640537096763548086e-01
5.940000000000000000e+02 1.000000000000000000e+00 1.000000000000000000e+00 1.000000000000000000e+00 6.907529837454613464e-01 2.971681962845723612e-01
5.940000000000000000e+02 7.252797884680129981e-01 9.897191560850358005e-01 9.803135199438031133e-01 6.907529837454613464e-01 2.971681962845723612e-01
5.950000000000000000e+02 1.000000000000000000e+00 1.000000000000000000e+00 1.000000000000000000e+00 4.188604030981707971e-01 5.862775012437116962e-01
5.950000000000000000e+02 6.337063846240172937e-01 9.862922081133811414e-01 9.737513599250707808e-01 4.188604030981707971e-01 5.862775012437116962e-01
5.960000000000000000e+02 1.000000000000000000e+00 1.000000000000000000e+00 1.000000000000000000e+00 3.416370579146705833e-01 5.048600391282983546e-01
5.960000000000000000e+02 9.084265961560042957e-01 9.965730520283453409e-01 9.934378399812676674e-01 3.416370579146705833e-01 5.048600391282983546e-01
5.970000000000000000e+02 1.000000000000000000e+00 1.000000000000000000e+00 1.000000000000000000e+00 8.182876488855043151e-01 4.902319923634397836e-01
5.970000000000000000e+02 8.168531923120085914e-01 9.931461040566905707e-01 9.868756799625353349e-01 8.182876488855043151e-01 4.902319923634397836e-01
5.980000000000000000e+02 1.000000000000000000e+00 1.000000000000000000e+00 1.000000000000000000e+00 4.926859766175707422e-01 2.616747045145830786e-01
5.980000000000000000e+02 7.252797884680129981e-01 9.897191560850358005e-01 9.803135199438031133e-01 4.926859766175707422e-01 2.616747045145830786e-01
5.990000000000000000e+02 1.000000000000000000e+00 1.000000000000000000e+00 1.000000000000000000e+00 5.024060548741674515e-01 5.784005886852420231e-01
5.990000000000000000e+02 6.337063846240172937e-01 9.862922081133811414e-01 9.737513599250707808e-01 5.024060548741674515e-01 5.784005886852420231e-01
