4.980000000000000000e+03 1.000000000000000000e+00 1.000000000000000000e+00 1.000000000000000000e+00 3.627206290955193868e-01 5.440699059639079183e-01
4.980000000000000000e+03 9.862914018383270864e-01 9.152583906745057618e-01 1.011840636605727095e+00 3.627206290955193868e-01 5.440699059639079183e-01
4.981000000000000000e+03 1.000000000000000000e+00 1.000000000000000000e+00 1.000000000000000000e+00 7.896219076762911460e-01 4.070245576426573253e-01
4.981000000000000000e+03 9.725828036766541729e-01 8.305167813490114126e-01 1.023681273211454190e+00 7.896219076762911460e-01 4.070245576426573253e-01
4.982000000000000000e+03 1.000000000000000000e+00 1.000000000000000000e+00 1.000000000000000000e+00 4.314773258393746480e-01 2.865493607096141204e-01
4.982000000000000000e+03 9.588742055149812593e-01 7.457751720235170634e-01 1.035521909817181285e+00 4.314773258393746480e-01 2.865493607096141204e-01
4.983000000000000000e+03 1.000000000000000000e+00 1.000000000000000000e+00 1.000000000000000000e+00 5.196171377671906511e-01 5.611081025185753468e-01
4.983000000000000000e+03 9.451656073533083458e-01 6.610335626980228252e-01 1.047362546422908380e+00 5.196171377671906511e-01 5.611081025185753468e-01
4.984000000000000000e+03 1.000000000000000000e+00 1.000000000000000000e+00 1.000000000000000000e+00 5.285737068657602178e-01 5.336955199328822230e-01
4.984000000000000000e+03 9.862914018383270864e-01 9.152583906745057618e-01 1.011840636605727095e+00 5.285737068657602178e-01 5.336955199328822230e-01
4.985000000000000000e+03 1.000000000000000000e+00 1.000000000000000000e+00 1.000000000000000000e+00 3.679445041668183980e-01 3.442736669414891981e-01
4.985000000000000000e+03 9.725828036766541729e-01 8.305167813490114126e-01 1.023681273211454190e+00 3.679445041668183980e-01 3.442736669414891981e-01
4.986000000000000000e+03 1.000000000000000000e+00 1.000000000000000000e+00 1.000000000000000000e+00 7.167417396213249248e-01 3.162036096831076781e-01
4.986000000000000000e+03 9.588742055149812593e-01 7.457751720235170634e-01 1.035521909817181285e+00 7.167417396213249248e-01 3.162036096831076781e-01
4.987000000000000000e+03 1.000000000000000000e+00 1.000000000000000000e+00 1.000000000000000000e+00 4.052890735043034875e-01 5.803146013494708821e-01
4.987000000000000000e+03 9.451656073533083458e-01 6.610335626980228252e-01 1.047362546422908380e+00 4.052890735043034875e-01 5.803146013494708821e-01
4.988000000000000000e+03 1.000000000000000000e+00 1.000000000000000000e+00 1.000000000000000000e+00 4.930992960566027428e-01 5.838963650743179690e-01
4.988000000000000000e+03 9.862914018383270864e-01 9.152583906745057618e-01 1.011840636605727095e+00 4.930992960566027428e-01 5.838963650743179690e-01
4.989000000000000000e+03 1.000000000000000000e+00 1.000000000000000000e+00 1.000000000000000000e+00 5.200168447100584901e-01 2.566421447426628921e-01
4.989000000000000000e+03 9.725828036766541729e-01 8.305167813490114126e-01 1.023681273211454190e+00 5.200168447100584901e-01 2.566421447426628921e-01
4.990000000000000000e+03 1.000000000000000000e+00 1.000000000000000000e+00 1.000000000000000000e+00 3.363728898341724616e-01 4.865412256732721263e-01
4.990000000000000000e+03 9.588742055149812593e-01 7.457751720235170634e-01 1.035521909817181285e+00 3.363728898341724616e-01 4.865412256732721263e-01
4.991000000000000000e+03 1.000000000000000000e+00 1.000000000000000000e+00 1.000000000000000000e+00 5.041656199828083995e-01 5.003426335600665853e-01
4.991000000000000000e+03 9.451656073533083458e-01 6.610335626980228252e-01 1.047362546422908380e+00 5.041656199828083995e-01 5.003426335600665853e-01
4.992000000000000000e+03 1.000000000000000000e+00 1.000000000000000000e+00 1.000000000000000000e+00 5.029248416059215465e-01 5.001684352336260853e-01
4.992000000000000000e+03 9.862914018383270864e-01 9.152583906745057618e-01 1.011840636605727095e+00 5.029248416059215465e-01 5.001684352336260853e-01
4.993000000000000000e+03 1.000000000000000000e+00 1.000000000000000000e+00 1.000000000000000000e+00 3.373398088226844949e-01 4.906327552072751730e-01
4.993000000000000000e+03 9.725828036766541729e-01 8.305167813490114126e-01 1.023681273211454190e+00 3.373398088226844949e-01 4.906327552072751730e-01
4.994000000000000000e+03 1.000000000000000000e+00 1.000000000000000000e+00 1.000000000000000000e+00 5.139666495722743367e-01 2.574721340369874878e-01
4.994000000000000000e+03 9.588742055149812593e-01 7.457751720235170634e-01 1.035521909817181285e+00 5.139666495722743367e-01 2.574721340369874878e-01
4.995000000000000000e+03 1.000000000000000000e+00 1.000000000000000000e+00 1.000000000000000000e+00 4.952321599868245161e-01 5.827925163916185536e-01
4.995000000000000000e+03 9.451656073533083458e-01 6.610335626980228252e-01 1.047362546422908380e+00 4.952321599868245161e-01 5.827925163916185536e-01
4.996000000000000000e+03 1.000000000000000000e+00 1.000000000000000000e+00 1.000000000000000000e+00 4.082218558492545224e-01 5.817831298318464350e-01
4.996000000000000000e+03 9.862914018383270864e-01 9.152583906745057618e-01 1.011840636605727095e+00 4.082218558492545224e-01 5.817831298318464350e-01
4.997000000000000000e+03 1.000000000000000000e+00 1.000000000000000000e+00 1.000000000000000000e+00 7.112326336459642295e-01 3.117714619090996564e-01
4.997000000000000000e+03 9.725828036766541729e-01 8.305167813490114126e-01 1.023681273211454190e+00 7.112326336459642295e-01 3.117714619090996564e-01
4.998000000000000000e+03 1.000000000000000000e+00 1.000000000000000000e+00 1.000000000000000000e+00 3.649941660386265552e-01 3.484946111016451464e-01
4.998000000000000000e+03 9.588742055149812593e-01 7.457751720235170634e-01 1.035521909817181285e+00 3.649941660386265552e-01 3.484946111016451464e-01
4.999000000000000000e+03 1.000000000000000000e+00 1.000000000000000000e+00 1.000000000000000000e+00 5.285604257023194252e-01 5.320508994031361016e-01
4.999000000000000000e+03 9.451656073533083458e-01 6.610335626980228252e-01 1.047362546422908380e+00 5.285604257023194252e-01 5.320508994031361016e-01
