1.260000000000000000e+03 1.000000000000000000e+00 1.000000000000000000e+00 1.000000000000000000e+00 4.348334864296165003e-01 5.907436202200657682e-01
1.260000000000000000e+03 8.985380393528551446e-01 1.025039207335135316e+00 1.003709378792860374e+00 4.348334864296165003e-01 5.907436202200657682e-01
1.261000000000000000e+03 1.000000000000000000e+00 1.000000000000000000e+00 1.000000000000000000e+00 6.584958980404150841e-01 2.792962859263015130e-01
1.261000000000000000e+03 7.970760787057102892e-01 1.050078414670270632e+00 1.007418757585720748e+00 6.584958980404150841e-01 2.792962859263015130e-01
1.262000000000000000e+03 1.000000000000000000e+00 1.000000000000000000e+00 1.000000000000000000e+00 3.442763328531179834e-01 3.881687941946006526e-01
1.262000000000000000e+03 6.956141180585653228e-01 1.075117622005405948e+00 1.011128136378581122e+00 3.442763328531179834e-01 3.881687941946006526e-01
1.263000000000000000e+03 1.000000000000000000e+00 1.000000000000000000e+00 1.000000000000000000e+00 5.257635732932494088e-01 5.185018213353675964e-01
1.263000000000000000e+03 5.941521574114204673e-01 1.100156829340541265e+00 1.014837515171441495e+00 5.257635732932494088e-01 5.185018213353675964e-01
1.264000000000000000e+03 1.000000000000000000e+00 1.000000000000000000e+00 1.000000000000000000e+00 5.197736468162299506e-01 5.089837070939284835e-01
1.264000000000000000e+03 8.985380393528551446e-01 1.025039207335135316e+00 1.003709378792860374e+00 5.197736468162299506e-01 5.089837070939284835e-01
1.265000000000000000e+03 1.000000000000000000e+00 1.000000000000000000e+00 1.000000000000000000e+00 3.345557464224793165e-01 4.248341629479219783e-01
1.265000000000000000e+03 7.970760787057102892e-01 1.050078414670270632e+00 1.007418757585720748e+00 3.345557464224793165e-01 4.248341629479219783e-01
1.266000000000000000e+03 1.000000000000000000e+00 1.000000000000000000e+00 1.000000000000000000e+00 6.082569020311527908e-01 2.617204430418340055e-01
1.266000000000000000e+03 6.956141180585653228e-01 1.075117622005405948e+00 1.011128136378581122e+00 6.082569020311527908e-01 2.617204430418340055e-01
1.267000000000000000e+03 1.000000000000000000e+00 1.000000000000000000e+00 1.000000000000000000e+00 4.579252279269967474e-01 5.926089501968753170e-01
1.267000000000000000e+03 5.941521574114204673e-01 1.100156829340541265e+00 1.014837515171441495e+00 4.579252279269967474e-01 5.926089501968753170e-01
1.268000000000000000e+03 1.000000000000000000e+00 1.000000000000000000e+00 1.000000000000000000e+00 3.673135999807121133e-01 5.497847702765015221e-01
1.268000000000000000e+03 8.985380393528551446e-01 1.025039207335135316e+00 1.003709378792860374e+00 3.673135999807121133e-01 5.497847702765015221e-01
1.269000000000000000e+03 1.000000000000000000e+00 1.000000000000000000e+00 1.000000000000000000e+00 7.824889067665323772e-01 3.940083887498078696e-01
1.269000000000000000e+03 7.970760787057102892e-01 1.050078414670270632e+00 1.007418757585720748e+00 7.824889067665323772e-01 3.940083887498078696e-01
1.270000000000000000e+03 1.000000000000000000e+00 1.000000000000000000e+00 1.000000000000000000e+00 4.221118092366532570e-01 2.924123466070898125e-01
1.270000000000000000e+03 6.956141180585653228e-01 1.075117622005405948e+00 1.011128136378581122e+00 4.221118092366532570e-01 2.924123466070898125e-01
1.271000000000000000e+03 1.000000000000000000e+00 1.000000000000000000e+00 1.000000000000000000e+00 5.216813497896560792e-01 5.577851466456655860e-01
1.271000000000000000e+03 5.941521574114204673e-01 1.100156829340541265e+00 1.014837515171441495e+00 5.216813497896560792e-01 5.577851466456655860e-01
1.272000000000000000e+03 1.000000000000000000e+00 1.000000000000000000e+00 1.000000000000000000e+00 5.284874626382595197e-01 5.304781655287233999e-01
1.272000000000000000e+03 8.985380393528551446e-01 1.025039207335135316e+00 1.003709378792860374e+00 5.284874626382595197e-01 5.304781655287233999e-01
1.273000000000000000e+03 1.000000000000000000e+00 1.000000000000000000e+00 1.000000000000000000e+00 3.622572499401007229e-01 3.526317913948241456e-01
1.273000000000000000e+03 7.970760787057102892e-01 1.050078414670270632e+00 1.007418757585720748e+00 3.622572499401007229e-01 3.526317913948241456e-01
1.274000000000000000e+03 1.000000000000000000e+00 1.000000000000000000e+00 1.000000000000000000e+00 7.058132301434020262e-01 3.076296062292808164e-01
1.274000000000000000e+03 6.956141180585653228e-01 1.075117622005405948e+00 1.011128136378581122e+00 7.058132301434020262e-01 3.076296062292808164e-01
1.275000000000000000e+03 1.000000000000000000e+00 1.000000000000000000e+00 1.000000000000000000e+00 4.110768129330503728e-01 5.831151063490793707e-01
1.275000000000000000e+03 5.941521574114204673e-01 1.100156829340541265e+00 1.014837515171441495e+00 4.110768129330503728e-01 5.831151063490793707e-01
1.276000000000000000e+03 1.000000000000000000e+00 1.000000000000000000e+00 1.000000000000000000e+00 4.972427136127702263e-01 5.816722197160166807e-01
1.276000000000000000e+03 8.985380393528551446e-01 1.025039207335135316e+00 1.003709378792860374e+00 4.972427136127702263e-01 5.816722197160166807e-01
1.277000000000000000e+03 1.000000000000000000e+00 1.000000000000000000e+00 1.000000000000000000e+00 5.081558738834501820e-01 2.584188835551094465e-01
1.277000000000000000e+03 7.970760787057102892e-01 1.050078414670270632e+00 1.007418757585720748e+00 5.081558738834501820e-01 2.584188835551094465e-01
1.278000000000000000e+03 1.000000000000000000e+00 1.000000000000000000e+00 1.000000000000000000e+00 3.383733319195464384e-01 4.945434198646600499e-01
1.278000000000000000e+03 6.956141180585653228e-01 1.075117622005405948e+00 1.011128136378581122e+00 3.383733319195464384e-01 4.945434198646600499e-01
1.279000000000000000e+03 1.000000000000000000e+00 1.000000000000000000e+00 1.000000000000000000e+00 5.017177713515796889e-01 5.000579926391195418e-01
1.279000000000000000e+03 5.941521574114204673e-01 1.100156829340541265e+00 1.014837515171441495e+00 5.017177713515796889e-01 5.000579926391195418e-01
