1.400000000000000000e+03 1.000000000000000000e+00 1.000000000000000000e+00 1.000000000000000000e+00 5.285547897148146212e-01 5.345772453848657291e-01
1.400000000000000000e+03 1.000154548139679855e+00 8.868685338761923553e-01 9.997804480620672285e-01 5.285547897148146212e-01 5.345772453848657291e-01
1.401000000000000000e+03 1.000000000000000000e+00 1.000000000000000000e+00 1.000000000000000000e+00 3.695633124873799469e-01 3.420530707332440912e-01
1.401000000000000000e+03 1.000309096279359711e+00 7.737370677523847107e-01 9.995608961241344570e-01 3.695633124873799469e-01 3.420530707332440912e-01
1.402000000000000000e+03 1.000000000000000000e+00 1.000000000000000000e+00 1.000000000000000000e+00 7.196317712077010542e-01 3.186223635884771754e-01
1.402000000000000000e+03 1.000463644419039344e+00 6.606056016285769550e-01 9.993413441862017965e-01 7.196317712077010542e-01 3.186223635884771754e-01
1.403000000000000000e+03 1.000000000000000000e+00 1.000000000000000000e+00 1.000000000000000000e+00 4.037379126741892366e-01 5.794957386137173927e-01
1.403000000000000000e+03 1.000618192558719199e+00 5.474741355047693103e-01 9.991217922482690250e-01 4.037379126741892366e-01 5.794957386137173927e-01
1.404000000000000000e+03 1.000000000000000000e+00 1.000000000000000000e+00 1.000000000000000000e+00 4.919429409431259614e-01 5.844603203487681586e-01
1.404000000000000000e+03 1.000154548139679855e+00 8.868685338761923553e-01 9.997804480620672285e-01 4.919429409431259614e-01 5.844603203487681586e-01
1.405000000000000000e+03 1.000000000000000000e+00 1.000000000000000000e+00 1.000000000000000000e+00 5.232512183096162950e-01 2.562627587725235245e-01
1.405000000000000000e+03 1.000309096279359711e+00 7.737370677523847107e-01 9.995608961241344570e-01 5.232512183096162950e-01 2.562627587725235245e-01
1.406000000000000000e+03 1.000000000000000000e+00 1.000000000000000000e+00 1.000000000000000000e+00 3.359012192118776552e-01 4.843458613167548887e-01
1.406000000000000000e+03 1.000463644419039344e+00 6.606056016285769550e-01 9.993413441862017965e-01 3.359012192118776552e-01 4.843458613167548887e-01
1.407000000000000000e+03 1.000000000000000000e+00 1.000000000000000000e+00 1.000000000000000000e+00 5.048218599094139725e-01 5.004599794305029103e-01
1.407000000000000000e+03 1.000618192558719199e+00 5.474741355047693103e-01 9.991217922482690250e-01 5.048218599094139725e-01 5.004599794305029103e-01
1.408000000000000000e+03 1.000000000000000000e+00 1.000000000000000000e+00 1.000000000000000000e+00 5.035848067955042140e-01 5.002533758106189055e-01
1.408000000000000000e+03 1.000154548139679855e+00 8.868685338761923553e-01 9.997804480620672285e-01 5.035848067955042140e-01 5.002533758106189055e-01
1.409000000000000000e+03 1.000000000000000000e+00 1.000000000000000000e+00 1.000000000000000000e+00 3.368133602220472200e-01 4.884658924470429153e-01
1.409000000000000000e+03 1.000309096279359711e+00 7.737370677523847107e-01 9.995608961241344570e-01 3.368133602220472200e-01 4.884658924470429153e-01
1.410000000000000000e+03 1.000000000000000000e+00 1.000000000000000000e+00 1.000000000000000000e+00 5.171744734241262575e-01 2.570124437308229925e-01
1.410000000000000000e+03 1.000463644419039344e+00 6.606056016285769550e-01 9.993413441862017965e-01 5.171744734241262575e-01 2.570124437308229925e-01
1.411000000000000000e+03 1.000000000000000000e+00 1.000000000000000000e+00 1.000000000000000000e+00 4.941062583182119772e-01 5.833857232867285525e-01
1.411000000000000000e+03 1.000618192558719199e+00 5.474741355047693103e-01 9.991217922482690250e-01 4.941062583182119772e-01 5.833857232867285525e-01
1.412000000000000000e+03 1.000000000000000000e+00 1.000000000000000000e+00 1.000000000000000000e+00 4.066618298241936880e-01 5.810148198004212450e-01
1.412000000000000000e+03 1.000154548139679855e+00 8.868685338761923553e-01 9.997804480620672285e-01 4.066618298241936880e-01 5.810148198004212450e-01
1.413000000000000000e+03 1.000000000000000000e+00 1.000000000000000000e+00 1.000000000000000000e+00 7.141703904792522373e-01 3.141063237196403124e-01
1.413000000000000000e+03 1.000309096279359711e+00 7.737370677523847107e-01 9.995608961241344570e-01 7.141703904792522373e-01 3.141063237196403124e-01
1.414000000000000000e+03 1.000000000000000000e+00 1.000000000000000000e+00 1.000000000000000000e+00 3.665457519596094782e-01 3.462457196724707531e-01
1.414000000000000000e+03 1.000463644419039344e+00 6.606056016285769550e-01 9.993413441862017965e-01 3.665457519596094782e-01 3.462457196724707531e-01
1.415000000000000000e+03 1.000000000000000000e+00 1.000000000000000000e+00 1.000000000000000000e+00 5.285753915604519682e-01 5.329220600240833772e-01
1.415000000000000000e+03 1.000618192558719199e+00 5.474741355047693103e-01 9.991217922482690250e-01 5.285753915604519682e-01 5.329220600240833772e-01
1.416000000000000000e+03 1.000000000000000000e+00 1.000000000000000000e+00 1.000000000000000000e+00 5.201333599767749005e-01 5.603225733462035008e-01
1.416000000000000000e+03 1.000154548139679855e+00 8.868685338761923553e-01 9.997804480620672285e-01 5.201333599767749005e-01 5.603225733462035008e-01
1.417000000000000000e+03 1.000000000000000000e+00 1.000000000000000000e+00 1.000000000000000000e+00 4.292116999342384664e-01 2.879076106672797120e-01
1.417000000000000000e+03 1.000309096279359711e+00 7.737370677523847107e-01 9.995608961241344570e-01 4.292116999342384664e-01 2.879076106672797120e-01
1.418000000000000000e+03 1.000000000000000000e+00 1.000000000000000000e+00 1.000000000000000000e+00 7.879772973259786539e-01 4.038842298897451499e-01
1.418000000000000000e+03 1.000463644419039344e+00 6.606056016285769550e-01 9.993413441862017965e-01 7.879772973259786539e-01 4.038842298897451499e-01
1.419000000000000000e+03 1.000000000000000000e+00 1.000000000000000000e+00 1.000000000000000000e+00 3.637925186605380778e-01 5.454608300212682170e-01
1.419000000000000000e+03 1.000618192558719199e+00 5.474741355047693103e-01 9.991217922482690250e-01 3.637925186605380778e-01 5.454608300212682170e-01
