1.580000000000000000e+03 1.000000000000000000e+00 1.000000000000000000e+00 1.000000000000000000e+00 4.251849334967753857e-01 5.883629089362758524e-01
1.580000000000000000e+03 9.803488770492136961e-01 9.112444067321398000e-01 9.965399807762722606e-01 4.251849334967753857e-01 5.883629089362758524e-01
1.581000000000000000e+03 1.000000000000000000e+00 1.000000000000000000e+00 1.000000000000000000e+00 6.782032285805552618e-01 2.895269443015831001e-01
1.581000000000000000e+03 9.606977540984273922e-01 8.224888134642796000e-01 9.930799615525444102e-01 6.782032285805552618e-01 2.895269443015831001e-01
1.582000000000000000e+03 1.000000000000000000e+00 1.000000000000000000e+00 1.000000000000000000e+00 3.505820176826536239e-01 3.734908524581100897e-01
1.582000000000000000e+03 9.410466311476410883e-01 7.337332201964195111e-01 9.896199423288165598e-01 3.505820176826536239e-01 3.734908524581100897e-01
1.583000000000000000e+03 1.000000000000000000e+00 1.000000000000000000e+00 1.000000000000000000e+00 5.273078355552053287e-01 5.231209854645593182e-01
1.583000000000000000e+03 9.213955081968547844e-01 6.449776269285593111e-01 9.861599231050888203e-01 5.273078355552053287e-01 5.231209854645593182e-01
1.584000000000000000e+03 1.000000000000000000e+00 1.000000000000000000e+00 1.000000000000000000e+00 5.225479371290466801e-01 5.125005353000203767e-01
1.584000000000000000e+03 9.803488770492136961e-01 9.112444067321398000e-01 9.965399807762722606e-01 5.225479371290466801e-01 5.125005353000203767e-01
1.585000000000000000e+03 1.000000000000000000e+00 1.000000000000000000e+00 1.000000000000000000e+00 3.375181985064450441e-01 4.099203850198530619e-01
1.585000000000000000e+03 9.606977540984273922e-01 8.224888134642796000e-01 9.930799615525444102e-01 3.375181985064450441e-01 4.099203850198530619e-01
1.586000000000000000e+03 1.000000000000000000e+00 1.000000000000000000e+00 1.000000000000000000e+00 6.288691548202102188e-01 2.675512663241909617e-01
1.586000000000000000e+03 9.410466311476410883e-01 7.337332201964195111e-01 9.896199423288165598e-01 6.288691548202102188e-01 2.675512663241909617e-01
1.587000000000000000e+03 1.000000000000000000e+00 1.000000000000000000e+00 1.000000000000000000e+00 4.487099248599163426e-01 5.925148693113008180e-01
1.587000000000000000e+03 9.213955081968547844e-01 6.449776269285593111e-01 9.861599231050888203e-01 4.487099248599163426e-01 5.925148693113008180e-01
1.588000000000000000e+03 1.000000000000000000e+00 1.000000000000000000e+00 1.000000000000000000e+00 3.598633291778183807e-01 5.401732042839256787e-01
1.588000000000000000e+03 9.803488770492136961e-01 9.112444067321398000e-01 9.965399807762722606e-01 3.598633291778183807e-01 5.401732042839256787e-01
1.589000000000000000e+03 1.000000000000000000e+00 1.000000000000000000e+00 1.000000000000000000e+00 7.939415485519928373e-01 4.157353046263210228e-01
1.589000000000000000e+03 9.606977540984273922e-01 8.224888134642796000e-01 9.930799615525444102e-01 7.939415485519928373e-01 4.157353046263210228e-01
1.590000000000000000e+03 1.000000000000000000e+00 1.000000000000000000e+00 1.000000000000000000e+00 4.377810501711976721e-01 2.829608903129127717e-01
1.590000000000000000e+03 9.410466311476410883e-01 7.337332201964195111e-01 9.896199423288165598e-01 4.377810501711976721e-01 2.829608903129127717e-01
1.591000000000000000e+03 1.000000000000000000e+00 1.000000000000000000e+00 1.000000000000000000e+00 5.181274587390489739e-01 5.632342319572759548e-01
1.591000000000000000e+03 9.213955081968547844e-01 6.449776269285593111e-01 9.861599231050888203e-01 5.181274587390489739e-01 5.632342319572759548e-01
1.592000000000000000e+03 1.000000000000000000e+00 1.000000000000000000e+00 1.000000000000000000e+00 5.284970554463478409e-01 5.358307226057510420e-01
1.592000000000000000e+03 9.803488770492136961e-01 9.112444067321398000e-01 9.965399807762722606e-01 5.284970554463478409e-01 5.358307226057510420e-01
1.593000000000000000e+03 1.000000000000000000e+00 1.000000000000000000e+00 1.000000000000000000e+00 3.719091398537882620e-01 3.389451820075968236e-01
1.593000000000000000e+03 9.606977540984273922e-01 8.224888134642796000e-01 9.930799615525444102e-01 3.719091398537882620e-01 3.389451820075968236e-01
1.594000000000000000e+03 1.000000000000000000e+00 1.000000000000000000e+00 1.000000000000000000e+00 7.236668656857292437e-01 3.221122375038562580e-01
1.594000000000000000e+03 9.410466311476410883e-01 7.337332201964195111e-01 9.896199423288165598e-01 7.236668656857292437e-01 3.221122375038562580e-01
1.595000000000000000e+03 1.000000000000000000e+00 1.000000000000000000e+00 1.000000000000000000e+00 4.015572297009228908e-01 5.782939577962797895e-01
1.595000000000000000e+03 9.213955081968547844e-01 6.449776269285593111e-01 9.861599231050888203e-01 4.015572297009228908e-01 5.782939577962797895e-01
1.596000000000000000e+03 1.000000000000000000e+00 1.000000000000000000e+00 1.000000000000000000e+00 4.902834761335183034e-01 5.852291735001260431e-01
1.596000000000000000e+03 9.803488770492136961e-01 9.112444067321398000e-01 9.965399807762722606e-01 4.902834761335183034e-01 5.852291735001260431e-01
1.597000000000000000e+03 1.000000000000000000e+00 1.000000000000000000e+00 1.000000000000000000e+00 5.278398762148920342e-01 2.558005648165786461e-01
1.597000000000000000e+03 9.606977540984273922e-01 8.224888134642796000e-01 9.930799615525444102e-01 5.278398762148920342e-01 2.558005648165786461e-01
1.598000000000000000e+03 1.000000000000000000e+00 1.000000000000000000e+00 1.000000000000000000e+00 3.352856956582263015e-01 4.812217999593131901e-01
1.598000000000000000e+03 9.410466311476410883e-01 7.337332201964195111e-01 9.896199423288165598e-01 3.352856956582263015e-01 4.812217999593131901e-01
1.599000000000000000e+03 1.000000000000000000e+00 1.000000000000000000e+00 1.000000000000000000e+00 5.057440426584783877e-01 5.006548476922765278e-01
1.599000000000000000e+03 9.213955081968547844e-01 6.449776269285593111e-01 9.861599231050888203e-01 5.057440426584783877e-01 5.006548476922765278e-01
