2.840000000000000000e+03 1.000000000000000000e+00 1.000000000000000000e+00 1.000000000000000000e+00 5.272397190010413848e-01 5.440558051624293512e-01
2.840000000000000000e+03 1.004275197727500402e+00 9.803290938055833070e-01 9.104634746721735894e-01 5.272397190010413848e-01 5.440558051624293512e-01
2.841000000000000000e+03 1.000000000000000000e+00 1.000000000000000000e+00 1.000000000000000000e+00 3.886170766035851321e-01 3.198562778350740876e-01
2.841000000000000000e+03 1.008550395455000581e+00 9.606581876111666141e-01 8.209269493443470678e-01 3.886170766035851321e-01 3.198562778350740876e-01
2.842000000000000000e+03 1.000000000000000000e+00 1.000000000000000000e+00 1.000000000000000000e+00 7.481876806661741375e-01 3.465454744058983905e-01
2.842000000000000000e+03 1.012825593182500761e+00 9.409872814167500321e-01 7.313904240165205461e-01 7.481876806661741375e-01 3.465454744058983905e-01
2.843000000000000000e+03 1.000000000000000000e+00 1.000000000000000000e+00 1.000000000000000000e+00 3.879002363363224237e-01 5.693113211987281819e-01
2.843000000000000000e+03 1.017100790910001162e+00 9.213163752223333391e-01 6.418538986886941355e-01 3.879002363363224237e-01 5.693113211987281819e-01
2.844000000000000000e+03 1.000000000000000000e+00 1.000000000000000000e+00 1.000000000000000000e+00 4.789266168094445941e-01 5.893452784464273675e-01
2.844000000000000000e+03 1.004275197727500402e+00 9.803290938055833070e-01 9.104634746721735894e-01 4.789266168094445941e-01 5.893452784464273675e-01
2.845000000000000000e+03 1.000000000000000000e+00 1.000000000000000000e+00 1.000000000000000000e+00 5.578038417218385003e-01 2.549278021848209175e-01
2.845000000000000000e+03 1.008550395455000581e+00 9.606581876111666141e-01 8.209269493443470678e-01 5.578038417218385003e-01 2.549278021848209175e-01
2.846000000000000000e+03 1.000000000000000000e+00 1.000000000000000000e+00 1.000000000000000000e+00 3.327912618691967195e-01 4.605613875438030469e-01
2.846000000000000000e+03 1.012825593182500761e+00 9.409872814167500321e-01 7.313904240165205461e-01 3.327912618691967195e-01 4.605613875438030469e-01
2.847000000000000000e+03 1.000000000000000000e+00 1.000000000000000000e+00 1.000000000000000000e+00 5.114818187620515655e-01 5.027081539249139697e-01
2.847000000000000000e+03 1.017100790910001162e+00 9.213163752223333391e-01 6.418538986886941355e-01 5.114818187620515655e-01 5.027081539249139697e-01
2.848000000000000000e+03 1.000000000000000000e+00 1.000000000000000000e+00 1.000000000000000000e+00 5.158916113249716329e-01 5.054398252969795058e-01
2.848000000000000000e+03 1.004275197727500402e+00 9.803290938055833070e-01 9.104634746721735894e-01 5.158916113249716329e-01 5.054398252969795058e-01
2.849000000000000000e+03 1.000000000000000000e+00 1.000000000000000000e+00 1.000000000000000000e+00 3.327315514957638332e-01 4.427426760601639866e-01
2.849000000000000000e+03 1.008550395455000581e+00 9.606581876111666141e-01 8.209269493443470678e-01 3.327315514957638332e-01 4.427426760601639866e-01
2.850000000000000000e+03 1.000000000000000000e+00 1.000000000000000000e+00 1.000000000000000000e+00 5.831660732612642395e-01 2.570431329061315662e-01
2.850000000000000000e+03 1.012825593182500761e+00 9.409872814167500321e-01 7.313904240165205461e-01 5.831660732612642395e-01 2.570431329061315662e-01
2.851000000000000000e+03 1.000000000000000000e+00 1.000000000000000000e+00 1.000000000000000000e+00 4.686514253815922126e-01 5.915800299146038999e-01
2.851000000000000000e+03 1.017100790910001162e+00 9.213163752223333391e-01 6.418538986886941355e-01 4.686514253815922126e-01 5.915800299146038999e-01
2.852000000000000000e+03 1.000000000000000000e+00 1.000000000000000000e+00 1.000000000000000000e+00 3.771563269432784971e-01 5.601898413330600457e-01
2.852000000000000000e+03 1.004275197727500402e+00 9.803290938055833070e-01 9.104634746721735894e-01 3.771563269432784971e-01 5.601898413330600457e-01
2.853000000000000000e+03 1.000000000000000000e+00 1.000000000000000000e+00 1.000000000000000000e+00 7.665237658152399547e-01 3.694110752573986356e-01
2.853000000000000000e+03 1.008550395455000581e+00 9.606581876111666141e-01 8.209269493443470678e-01 7.665237658152399547e-01 3.694110752573986356e-01
2.854000000000000000e+03 1.000000000000000000e+00 1.000000000000000000e+00 1.000000000000000000e+00 4.046106169621693227e-01 3.053162805640192712e-01
2.854000000000000000e+03 1.012825593182500761e+00 9.409872814167500321e-01 7.313904240165205461e-01 4.046106169621693227e-01 3.053162805640192712e-01
2.855000000000000000e+03 1.000000000000000000e+00 1.000000000000000000e+00 1.000000000000000000e+00 5.249902996282893586e-01 5.510036266774623881e-01
2.855000000000000000e+03 1.017100790910001162e+00 9.213163752223333391e-01 6.418538986886941355e-01 5.249902996282893586e-01 5.510036266774623881e-01
2.856000000000000000e+03 1.000000000000000000e+00 1.000000000000000000e+00 1.000000000000000000e+00 5.048268185691852095e-01 5.766450378841696534e-01
2.856000000000000000e+03 1.004275197727500402e+00 9.803290938055833070e-01 9.104634746721735894e-01 5.048268185691852095e-01 5.766450378841696534e-01
2.857000000000000000e+03 1.000000000000000000e+00 1.000000000000000000e+00 1.000000000000000000e+00 4.851169002205488190e-01 2.636713023123926081e-01
2.857000000000000000e+03 1.008550395455000581e+00 9.606581876111666141e-01 8.209269493443470678e-01 4.851169002205488190e-01 2.636713023123926081e-01
2.858000000000000000e+03 1.000000000000000000e+00 1.000000000000000000e+00 1.000000000000000000e+00 8.161705275893262890e-01 4.800887596154158610e-01
2.858000000000000000e+03 1.012825593182500761e+00 9.409872814167500321e-01 7.313904240165205461e-01 8.161705275893262890e-01 4.800887596154158610e-01
2.859000000000000000e+03 1.000000000000000000e+00 1.000000000000000000e+00 1.000000000000000000e+00 3.435131322141115051e-01 5.098549591743181120e-01
2.859000000000000000e+03 1.017100790910001162e+00 9.213163752223333391e-01 6.418538986886941355e-01 3.435131322141115051e-01 5.098549591743181120e-01
