1.900000000000000000e+03 1.000000000000000000e+00 1.000000000000000000e+00 1.000000000000000000e+00 4.296461113302095236e-01 5.895821641740208729e-01
1.900000000000000000e+03 1.007821392966550489e+00 1.010302718057259019e+00 9.135271741265681422e-01 4.296461113302095236e-01 5.895821641740208729e-01
1.901000000000000000e+03 1.000000000000000000e+00 1.000000000000000000e+00 1.000000000000000000e+00 6.691774579398390710e-01 2.845850016501253466e-01
1.901000000000000000e+03 1.015642785933100978e+00 1.020605436114518039e+00 8.270543482531362844e-01 6.691774579398390710e-01 2.845850016501253466e-01
1.902000000000000000e+03 1.000000000000000000e+00 1.000000000000000000e+00 1.000000000000000000e+00 3.475014187380522368e-01 3.802343266951852541e-01
1.902000000000000000e+03 1.023464178899651467e+00 1.030908154171777058e+00 7.405815223797044267e-01 3.475014187380522368e-01 3.802343266951852541e-01
1.903000000000000000e+03 1.000000000000000000e+00 1.000000000000000000e+00 1.000000000000000000e+00 5.266657470860940382e-01 5.209421040347661513e-01
1.903000000000000000e+03 1.031285571866201956e+00 1.041210872229036077e+00 6.541086965062725689e-01 5.266657470860940382e-01 5.209421040347661513e-01
1.904000000000000000e+03 1.000000000000000000e+00 1.000000000000000000e+00 1.000000000000000000e+00 5.213205669589107139e-01 5.108139823198073470e-01
1.904000000000000000e+03 1.007821392966550489e+00 1.010302718057259019e+00 9.135271741265681422e-01 5.213205669589107139e-01 5.108139823198073470e-01
1.905000000000000000e+03 1.000000000000000000e+00 1.000000000000000000e+00 1.000000000000000000e+00 3.359849195383144416e-01 4.168100837227893263e-01
1.905000000000000000e+03 1.015642785933100978e+00 1.020605436114518039e+00 8.270543482531362844e-01 3.359849195383144416e-01 4.168100837227893263e-01
1.906000000000000000e+03 1.000000000000000000e+00 1.000000000000000000e+00 1.000000000000000000e+00 6.193778832559122538e-01 2.646376627869270193e-01
1.906000000000000000e+03 1.023464178899651467e+00 1.030908154171777058e+00 7.405815223797044267e-01 6.193778832559122538e-01 2.646376627869270193e-01
1.907000000000000000e+03 1.000000000000000000e+00 1.000000000000000000e+00 1.000000000000000000e+00 4.529980507014910174e-01 5.926678237102981361e-01
1.907000000000000000e+03 1.031285571866201956e+00 1.041210872229036077e+00 6.541086965062725689e-01 4.529980507014910174e-01 5.926678237102981361e-01
1.908000000000000000e+03 1.000000000000000000e+00 1.000000000000000000e+00 1.000000000000000000e+00 3.632191134207073957e-01 5.447213355753738329e-01
1.908000000000000000e+03 1.007821392966550489e+00 1.010302718057259019e+00 9.135271741265681422e-01 3.632191134207073957e-01 5.447213355753738329e-01
1.909000000000000000e+03 1.000000000000000000e+00 1.000000000000000000e+00 1.000000000000000000e+00 7.888586584112096123e-01 4.055559199846882068e-01
1.909000000000000000e+03 1.015642785933100978e+00 1.020605436114518039e+00 8.270543482531362844e-01 7.888586584112096123e-01 4.055559199846882068e-01
1.910000000000000000e+03 1.000000000000000000e+00 1.000000000000000000e+00 1.000000000000000000e+00 4.304172922046571870e-01 2.871802275047489195e-01
1.910000000000000000e+03 1.023464178899651467e+00 1.030908154171777058e+00 7.405815223797044267e-01 4.304172922046571870e-01 2.871802275047489195e-01
1.911000000000000000e+03 1.000000000000000000e+00 1.000000000000000000e+00 1.000000000000000000e+00 5.198599633554048527e-01 5.607420006633340170e-01
1.911000000000000000e+03 1.031285571866201956e+00 1.041210872229036077e+00 6.541086965062725689e-01 5.198599633554048527e-01 5.607420006633340170e-01
1.912000000000000000e+03 1.000000000000000000e+00 1.000000000000000000e+00 1.000000000000000000e+00 5.285762372631223061e-01 5.333340284535823539e-01
1.912000000000000000e+03 1.007821392966550489e+00 1.010302718057259019e+00 9.135271741265681422e-01 5.285762372631223061e-01 5.333340284535823539e-01
1.913000000000000000e+03 1.000000000000000000e+00 1.000000000000000000e+00 1.000000000000000000e+00 3.672882931374567006e-01 3.451925013098755546e-01
1.913000000000000000e+03 1.015642785933100978e+00 1.020605436114518039e+00 8.270543482531362844e-01 3.672882931374567006e-01 3.451925013098755546e-01
1.914000000000000000e+03 1.000000000000000000e+00 1.000000000000000000e+00 1.000000000000000000e+00 7.155442338083954912e-01 3.152205583377462039e-01
1.914000000000000000e+03 1.023464178899651467e+00 1.030908154171777058e+00 7.405815223797044267e-01 7.155442338083954912e-01 3.152205583377462039e-01
1.915000000000000000e+03 1.000000000000000000e+00 1.000000000000000000e+00 1.000000000000000000e+00 4.059292364281466003e-01 5.806439720628328027e-01
1.915000000000000000e+03 1.031285571866201956e+00 1.041210872229036077e+00 6.541086965062725689e-01 4.059292364281466003e-01 5.806439720628328027e-01
1.916000000000000000e+03 1.000000000000000000e+00 1.000000000000000000e+00 1.000000000000000000e+00 4.935707791300748548e-01 5.836595715269222717e-01
1.916000000000000000e+03 1.007821392966550489e+00 1.010302718057259019e+00 9.135271741265681422e-01 4.935707791300748548e-01 5.836595715269222717e-01
1.917000000000000000e+03 1.000000000000000000e+00 1.000000000000000000e+00 1.000000000000000000e+00 5.186890386926501506e-01 2.568108172187604787e-01
1.917000000000000000e+03 1.015642785933100978e+00 1.020605436114518039e+00 8.270543482531362844e-01 5.186890386926501506e-01 2.568108172187604787e-01
1.918000000000000000e+03 1.000000000000000000e+00 1.000000000000000000e+00 1.000000000000000000e+00 3.365756228459191313e-01 4.874408702187123521e-01
1.918000000000000000e+03 1.023464178899651467e+00 1.030908154171777058e+00 7.405815223797044267e-01 3.365756228459191313e-01 4.874408702187123521e-01
1.919000000000000000e+03 1.000000000000000000e+00 1.000000000000000000e+00 1.000000000000000000e+00 5.038947658997635637e-01 5.002993119585625870e-01
1.919000000000000000e+03 1.031285571866201956e+00 1.041210872229036077e+00 6.541086965062725689e-01 5.038947658997635637e-01 5.002993119585625870e-01
