2.020000000000000000e+03 1.000000000000000000e+00 1.000000000000000000e+00 1.000000000000000000e+00 3.915576957505165767e-01 5.719785805856504313e-01
2.020000000000000000e+03 9.161653721521305638e-01 9.917697791203401447e-01 1.002268974678159230e+00 3.915576957505165767e-01 5.719785805856504313e-01
2.021000000000000000e+03 1.000000000000000000e+00 1.000000000000000000e+00 1.000000000000000000e+00 7.417495306017893864e-01 3.395387465215450318e-01
2.021000000000000000e+03 8.323307443042610165e-01 9.835395582406801784e-01 1.004537949356318460e+00 7.417495306017893864e-01 3.395387465215450318e-01
2.022000000000000000e+03 1.000000000000000000e+00 1.000000000000000000e+00 1.000000000000000000e+00 3.837800829679472447e-01 3.249040825743636507e-01
2.022000000000000000e+03 7.484961164563914693e-01 9.753093373610202121e-01 1.006806924034477912e+00 3.837800829679472447e-01 3.249040825743636507e-01
2.023000000000000000e+03 1.000000000000000000e+00 1.000000000000000000e+00 1.000000000000000000e+00 5.277372441392482738e-01 5.417886910733302752e-01
2.023000000000000000e+03 6.646614886085220331e-01 9.670791164813603569e-01 1.009075898712637143e+00 5.277372441392482738e-01 5.417886910733302752e-01
2.024000000000000000e+03 1.000000000000000000e+00 1.000000000000000000e+00 1.000000000000000000e+00 5.134756403555315041e-01 5.688498840309180737e-01
2.024000000000000000e+03 9.161653721521305638e-01 9.917697791203401447e-01 1.002268974678159230e+00 5.134756403555315041e-01 5.688498840309180737e-01
2.025000000000000000e+03 1.000000000000000000e+00 1.000000000000000000e+00 1.000000000000000000e+00 4.557914961164856726e-01 2.741294450388811477e-01
2.025000000000000000e+03 8.323307443042610165e-01 9.835395582406801784e-01 1.004537949356318460e+00 4.557914961164856726e-01 2.741294450388811477e-01
2.026000000000000000e+03 1.000000000000000000e+00 1.000000000000000000e+00 1.000000000000000000e+00 8.043808904262191861e-01 4.404250643524942332e-01
2.026000000000000000e+03 7.484961164563914693e-01 9.753093373610202121e-01 1.006806924034477912e+00 8.043808904262191861e-01 4.404250643524942332e-01
2.027000000000000000e+03 1.000000000000000000e+00 1.000000000000000000e+00 1.000000000000000000e+00 3.526397805039815370e-01 5.288420721195229435e-01
2.027000000000000000e+03 6.646614886085220331e-01 9.670791164813603569e-01 1.009075898712637143e+00 3.526397805039815370e-01 5.288420721195229435e-01
2.028000000000000000e+03 1.000000000000000000e+00 1.000000000000000000e+00 1.000000000000000000e+00 4.385197555452355900e-01 5.914033859101779367e-01
2.028000000000000000e+03 9.161653721521305638e-01 9.917697791203401447e-01 1.002268974678159230e+00 4.385197555452355900e-01 5.914033859101779367e-01
2.029000000000000000e+03 1.000000000000000000e+00 1.000000000000000000e+00 1.000000000000000000e+00 6.507792094500532976e-01 2.758348166826983805e-01
2.029000000000000000e+03 8.323307443042610165e-01 9.835395582406801784e-01 1.004537949356318460e+00 6.507792094500532976e-01 2.758348166826983805e-01
2.030000000000000000e+03 1.000000000000000000e+00 1.000000000000000000e+00 1.000000000000000000e+00 3.422157153862602219e-01 3.938702730475911462e-01
2.030000000000000000e+03 7.484961164563914693e-01 9.753093373610202121e-01 1.006806924034477912e+00 3.422157153862602219e-01 3.938702730475911462e-01
2.031000000000000000e+03 1.000000000000000000e+00 1.000000000000000000e+00 1.000000000000000000e+00 5.250224872066160398e-01 5.168307619571198552e-01
2.031000000000000000e+03 6.646614886085220331e-01 9.670791164813603569e-01 1.009075898712637143e+00 5.250224872066160398e-01 5.168307619571198552e-01
2.032000000000000000e+03 1.000000000000000000e+00 1.000000000000000000e+00 1.000000000000000000e+00 5.185981946179797353e-01 5.077705579602914687e-01
2.032000000000000000e+03 9.161653721521305638e-01 9.917697791203401447e-01 1.002268974678159230e+00 5.185981946179797353e-01 5.077705579602914687e-01
2.033000000000000000e+03 1.000000000000000000e+00 1.000000000000000000e+00 1.000000000000000000e+00 3.337696248485996775e-01 4.305468734246815643e-01
2.033000000000000000e+03 8.323307443042610165e-01 9.835395582406801784e-01 1.004537949356318460e+00 3.337696248485996775e-01 4.305468734246815643e-01
2.034000000000000000e+03 1.000000000000000000e+00 1.000000000000000000e+00 1.000000000000000000e+00 6.002944108828319747e-01 2.599535345818894116e-01
2.034000000000000000e+03 7.484961164563914693e-01 9.753093373610202121e-01 1.006806924034477912e+00 6.002944108828319747e-01 2.599535345818894116e-01
2.035000000000000000e+03 1.000000000000000000e+00 1.000000000000000000e+00 1.000000000000000000e+00 4.613881577321949923e-01 5.924142848846900566e-01
2.035000000000000000e+03 6.646614886085220331e-01 9.670791164813603569e-01 1.009075898712637143e+00 4.613881577321949923e-01 5.924142848846900566e-01
2.036000000000000000e+03 1.000000000000000000e+00 1.000000000000000000e+00 1.000000000000000000e+00 3.703485673465528594e-01 5.532379603757615616e-01
2.036000000000000000e+03 9.161653721521305638e-01 9.917697791203401447e-01 1.002268974678159230e+00 3.703485673465528594e-01 5.532379603757615616e-01
2.037000000000000000e+03 1.000000000000000000e+00 1.000000000000000000e+00 1.000000000000000000e+00 7.776593111786755941e-01 3.859864861963901439e-01
2.037000000000000000e+03 8.323307443042610165e-01 9.835395582406801784e-01 1.004537949356318460e+00 7.776593111786755941e-01 3.859864861963901439e-01
2.038000000000000000e+03 1.000000000000000000e+00 1.000000000000000000e+00 1.000000000000000000e+00 4.163742629103143189e-01 2.963446280839386882e-01
2.038000000000000000e+03 7.484961164563914693e-01 9.753093373610202121e-01 1.006806924034477912e+00 4.163742629103143189e-01 2.963446280839386882e-01
2.039000000000000000e+03 1.000000000000000000e+00 1.000000000000000000e+00 1.000000000000000000e+00 5.228501836618374421e-01 5.556474933908329694e-01
2.039000000000000000e+03 6.646614886085220331e-01 9.670791164813603569e-01 1.009075898712637143e+00 5.228501836618374421e-01 5.556474933908329694e-01
