1.280000000000000000e+03 1.000000000000000000e+00 1.000000000000000000e+00 1.000000000000000000e+00 5.023412686559066698e-01 5.001078199581193706e-01
1.280000000000000000e+03 9.085543901700094960e-01 1.003673252035660601e+00 9.963961432203367607e-01 5.023412686559066698e-01 5.001078199581193706e-01
1.281000000000000000e+03 1.000000000000000000e+00 1.000000000000000000e+00 1.000000000000000000e+00 3.378281244341961864e-01 4.925316709009343596e-01
1.281000000000000000e+03 8.171087803400189920e-01 1.007346504071321203e+00 9.927922864406736325e-01 3.378281244341961864e-01 4.925316709009343596e-01
1.282000000000000000e+03 1.000000000000000000e+00 1.000000000000000000e+00 1.000000000000000000e+00 5.111485836695388585e-01 2.579128209792476700e-01
1.282000000000000000e+03 7.256631705100284879e-01 1.011019756106981582e+00 9.891884296610105043e-01 5.111485836695388585e-01 2.579128209792476700e-01
1.283000000000000000e+03 1.000000000000000000e+00 1.000000000000000000e+00 1.000000000000000000e+00 4.962119254714075223e-01 5.822565721108552417e-01
1.283000000000000000e+03 6.342175606800379839e-01 1.014693008142642183e+00 9.855845728813472650e-01 4.962119254714075223e-01 5.822565721108552417e-01
1.284000000000000000e+03 1.000000000000000000e+00 1.000000000000000000e+00 1.000000000000000000e+00 4.096017538980216144e-01 5.824387667650884337e-01
1.284000000000000000e+03 9.085543901700094960e-01 1.003673252035660601e+00 9.963961432203367607e-01 4.096017538980216144e-01 5.824387667650884337e-01
1.285000000000000000e+03 1.000000000000000000e+00 1.000000000000000000e+00 1.000000000000000000e+00 7.086202180156768726e-01 3.097485931743106380e-01
1.285000000000000000e+03 8.171087803400189920e-01 1.007346504071321203e+00 9.927922864406736325e-01 7.086202180156768726e-01 3.097485931743106380e-01
1.286000000000000000e+03 1.000000000000000000e+00 1.000000000000000000e+00 1.000000000000000000e+00 3.636549132046110189e-01 3.504907679411723986e-01
1.286000000000000000e+03 7.256631705100284879e-01 1.011019756106981582e+00 9.891884296610105043e-01 3.636549132046110189e-01 3.504907679411723986e-01
1.287000000000000000e+03 1.000000000000000000e+00 1.000000000000000000e+00 1.000000000000000000e+00 5.285324467347879418e-01 5.312872601451291699e-01
1.287000000000000000e+03 6.342175606800379839e-01 1.014693008142642183e+00 9.855845728813472650e-01 5.285324467347879418e-01 5.312872601451291699e-01
1.288000000000000000e+03 1.000000000000000000e+00 1.000000000000000000e+00 1.000000000000000000e+00 5.211829651372381633e-01 5.586346753385490471e-01
1.288000000000000000e+03 9.085543901700094960e-01 1.003673252035660601e+00 9.963961432203367607e-01 5.211829651372381633e-01 5.586346753385490471e-01
1.289000000000000000e+03 1.000000000000000000e+00 1.000000000000000000e+00 1.000000000000000000e+00 4.244527333576695316e-01 2.908843533665279590e-01
1.289000000000000000e+03 8.171087803400189920e-01 1.007346504071321203e+00 9.927922864406736325e-01 4.244527333576695316e-01 2.908843533665279590e-01
1.290000000000000000e+03 1.000000000000000000e+00 1.000000000000000000e+00 1.000000000000000000e+00 7.843561322809333713e-01 3.972705826051233791e-01
1.290000000000000000e+03 7.256631705100284879e-01 1.011019756106981582e+00 9.891884296610105043e-01 7.843561322809333713e-01 3.972705826051233791e-01
1.291000000000000000e+03 1.000000000000000000e+00 1.000000000000000000e+00 1.000000000000000000e+00 3.661248390139895115e-01 5.483651158897843159e-01
1.291000000000000000e+03 6.342175606800379839e-01 1.014693008142642183e+00 9.855845728813472650e-01 3.661248390139895115e-01 5.483651158897843159e-01
1.292000000000000000e+03 1.000000000000000000e+00 1.000000000000000000e+00 1.000000000000000000e+00 4.565264545012552855e-01 5.926514652114637238e-01
1.292000000000000000e+03 9.085543901700094960e-01 1.003673252035660601e+00 9.963961432203367607e-01 4.565264545012552855e-01 5.926514652114637238e-01
1.293000000000000000e+03 1.000000000000000000e+00 1.000000000000000000e+00 1.000000000000000000e+00 6.114382944922021057e-01 2.625010532976372879e-01
1.293000000000000000e+03 8.171087803400189920e-01 1.007346504071321203e+00 9.927922864406736325e-01 6.114382944922021057e-01 2.625010532976372879e-01
1.294000000000000000e+03 1.000000000000000000e+00 1.000000000000000000e+00 1.000000000000000000e+00 3.349247940430867820e-01 4.225440800045265899e-01
1.294000000000000000e+03 7.256631705100284879e-01 1.011019756106981582e+00 9.891884296610105043e-01 3.349247940430867820e-01 4.225440800045265899e-01
1.295000000000000000e+03 1.000000000000000000e+00 1.000000000000000000e+00 1.000000000000000000e+00 5.202277244660141742e-01 5.094911710020160189e-01
1.295000000000000000e+03 6.342175606800379839e-01 1.014693008142642183e+00 9.855845728813472650e-01 5.202277244660141742e-01 5.094911710020160189e-01
1.296000000000000000e+03 1.000000000000000000e+00 1.000000000000000000e+00 1.000000000000000000e+00 5.260377321166552766e-01 5.191873570426934759e-01
1.296000000000000000e+03 9.085543901700094960e-01 1.003673252035660601e+00 9.963961432203367607e-01 5.260377321166552766e-01 5.191873570426934759e-01
1.297000000000000000e+03 1.000000000000000000e+00 1.000000000000000000e+00 1.000000000000000000e+00 3.451572549004706114e-01 3.858954757509385214e-01
1.297000000000000000e+03 8.171087803400189920e-01 1.007346504071321203e+00 9.927922864406736325e-01 3.451572549004706114e-01 3.858954757509385214e-01
1.298000000000000000e+03 1.000000000000000000e+00 1.000000000000000000e+00 1.000000000000000000e+00 6.615631078522454800e-01 2.807547484090334722e-01
1.298000000000000000e+03 7.256631705100284879e-01 1.011019756106981582e+00 9.891884296610105043e-01 6.615631078522454800e-01 2.807547484090334722e-01
1.299000000000000000e+03 1.000000000000000000e+00 1.000000000000000000e+00 1.000000000000000000e+00 4.333540593541224673e-01 5.904402386080923604e-01
1.299000000000000000e+03 6.342175606800379839e-01 1.014693008142642183e+00 9.855845728813472650e-01 4.333540593541224673e-01 5.904402386080923604e-01
