4.920000000000000000e+03 1.000000000000000000e+00 1.000000000000000000e+00 1.000000000000000000e+00 5.284073242302295137e-01 5.370407499272932261e-01
4.920000000000000000e+03 1.005007768080319774e+00 9.046256763463508266e-01 1.004485522319561008e+00 5.284073242302295137e-01 5.370407499272932261e-01
4.921000000000000000e+03 1.000000000000000000e+00 1.000000000000000000e+00 1.000000000000000000e+00 3.742233033454857027e-01 3.359978176859345633e-01
4.921000000000000000e+03 1.010015536160639327e+00 8.092513526927016532e-01 1.008971044639122017e+00 3.742233033454857027e-01 3.359978176859345633e-01
4.922000000000000000e+03 1.000000000000000000e+00 1.000000000000000000e+00 1.000000000000000000e+00 7.274828985074515142e-01 3.255386171333433110e-01
4.922000000000000000e+03 1.015023304240958879e+00 7.138770290390523687e-01 1.013456566958682803e+00 7.274828985074515142e-01 3.255386171333433110e-01
4.923000000000000000e+03 1.000000000000000000e+00 1.000000000000000000e+00 1.000000000000000000e+00 3.994785338793206964e-01 5.770920104423719055e-01
4.923000000000000000e+03 1.020031072321278653e+00 6.185027053854031953e-01 1.017942089278243811e+00 3.994785338793206964e-01 5.770920104423719055e-01
4.924000000000000000e+03 1.000000000000000000e+00 1.000000000000000000e+00 1.000000000000000000e+00 4.886640595775476603e-01 5.859352353801179358e-01
4.924000000000000000e+03 1.005007768080319774e+00 9.046256763463508266e-01 1.004485522319561008e+00 4.886640595775476603e-01 5.859352353801179358e-01
4.925000000000000000e+03 1.000000000000000000e+00 1.000000000000000000e+00 1.000000000000000000e+00 5.322606866912061863e-01 2.554389313089479030e-01
4.925000000000000000e+03 1.010015536160639327e+00 8.092513526927016532e-01 1.008971044639122017e+00 5.322606866912061863e-01 2.554389313089479030e-01
4.926000000000000000e+03 1.000000000000000000e+00 1.000000000000000000e+00 1.000000000000000000e+00 3.347518479644150391e-01 4.782016864431707370e-01
4.926000000000000000e+03 1.015023304240958879e+00 7.138770290390523687e-01 1.013456566958682803e+00 3.347518479644150391e-01 4.782016864431707370e-01
4.927000000000000000e+03 1.000000000000000000e+00 1.000000000000000000e+00 1.000000000000000000e+00 5.066223187246507997e-01 5.008735672880754164e-01
4.927000000000000000e+03 1.020031072321278653e+00 6.185027053854031953e-01 1.017942089278243811e+00 5.066223187246507997e-01 5.008735672880754164e-01
4.928000000000000000e+03 1.000000000000000000e+00 1.000000000000000000e+00 1.000000000000000000e+00 5.090309784507858204e-01 5.016456277887473281e-01
4.928000000000000000e+03 1.005007768080319774e+00 9.046256763463508266e-01 1.004485522319561008e+00 5.090309784507858204e-01 5.016456277887473281e-01
4.929000000000000000e+03 1.000000000000000000e+00 1.000000000000000000e+00 1.000000000000000000e+00 3.335609886367930654e-01 4.696714299869589881e-01
4.929000000000000000e+03 1.010015536160639327e+00 8.092513526927016532e-01 1.008971044639122017e+00 3.335609886367930654e-01 4.696714299869589881e-01
4.930000000000000000e+03 1.000000000000000000e+00 1.000000000000000000e+00 1.000000000000000000e+00 5.446700411251877982e-01 2.548569721805825639e-01
4.930000000000000000e+03 1.015023304240958879e+00 7.138770290390523687e-01 1.013456566958682803e+00 5.446700411251877982e-01 2.548569721805825639e-01
4.931000000000000000e+03 1.000000000000000000e+00 1.000000000000000000e+00 1.000000000000000000e+00 4.840129010991058300e-01 5.877349949069964330e-01
4.931000000000000000e+03 1.020031072321278653e+00 6.185027053854031953e-01 1.017942089278243811e+00 4.840129010991058300e-01 5.877349949069964330e-01
4.932000000000000000e+03 1.000000000000000000e+00 1.000000000000000000e+00 1.000000000000000000e+00 3.937608565003762884e-01 5.734890199353891438e-01
4.932000000000000000e+03 1.005007768080319774e+00 9.046256763463508266e-01 1.004485522319561008e+00 3.937608565003762884e-01 5.734890199353891438e-01
4.933000000000000000e+03 1.000000000000000000e+00 1.000000000000000000e+00 1.000000000000000000e+00 7.378253339364118091e-01 3.354885955301826206e-01
4.933000000000000000e+03 1.010015536160639327e+00 8.092513526927016532e-01 1.008971044639122017e+00 7.378253339364118091e-01 3.354885955301826206e-01
4.934000000000000000e+03 1.000000000000000000e+00 1.000000000000000000e+00 1.000000000000000000e+00 3.809997877973967384e-01 3.279677612819822397e-01
4.934000000000000000e+03 1.015023304240958879e+00 7.138770290390523687e-01 1.013456566958682803e+00 3.809997877973967384e-01 3.279677612819822397e-01
4.935000000000000000e+03 1.000000000000000000e+00 1.000000000000000000e+00 1.000000000000000000e+00 5.279778276681750260e-01 5.404460482812295519e-01
4.935000000000000000e+03 1.020031072321278653e+00 6.185027053854031953e-01 1.017942089278243811e+00 5.279778276681750260e-01 5.404460482812295519e-01
4.936000000000000000e+03 1.000000000000000000e+00 1.000000000000000000e+00 1.000000000000000000e+00 5.145873426478315693e-01 5.676242456303388639e-01
4.936000000000000000e+03 1.005007768080319774e+00 9.046256763463508266e-01 1.004485522319561008e+00 5.145873426478315693e-01 5.676242456303388639e-01
4.937000000000000000e+03 1.000000000000000000e+00 1.000000000000000000e+00 1.000000000000000000e+00 4.516747942886349398e-01 2.759732077282899820e-01
4.937000000000000000e+03 1.010015536160639327e+00 8.092513526927016532e-01 1.008971044639122017e+00 4.516747942886349398e-01 2.759732077282899820e-01
4.938000000000000000e+03 1.000000000000000000e+00 1.000000000000000000e+00 1.000000000000000000e+00 8.022280655923955672e-01 4.348058627568681112e-01
4.938000000000000000e+03 1.015023304240958879e+00 7.138770290390523687e-01 1.013456566958682803e+00 8.022280655923955672e-01 4.348058627568681112e-01
4.939000000000000000e+03 1.000000000000000000e+00 1.000000000000000000e+00 1.000000000000000000e+00 3.541744810489755313e-01 5.314562741795983980e-01
4.939000000000000000e+03 1.020031072321278653e+00 6.185027053854031953e-01 1.017942089278243811e+00 3.541744810489755313e-01 5.314562741795983980e-01
