1.980000000000000000e+03 1.000000000000000000e+00 1.000000000000000000e+00 1.000000000000000000e+00 4.868722025071910431e-01 5.866676358108970923e-01
1.980000000000000000e+03 9.072468081568739739e-01 1.005598022787556722e+00 9.937138397188296501e-01 4.868722025071910431e-01 5.866676358108970923e-01
1.981000000000000000e+03 1.000000000000000000e+00 1.000000000000000000e+00 1.000000000000000000e+00 5.370901230411803118e-01 2.551368934754510986e-01
1.981000000000000000e+03 8.144936163137479479e-01 1.011196045575113667e+00 9.874276794376591893e-01 5.370901230411803118e-01 2.551368934754510986e-01
1.982000000000000000e+03 1.000000000000000000e+00 1.000000000000000000e+00 1.000000000000000000e+00 3.342346288322769476e-01 4.748910397330053934e-01
1.982000000000000000e+03 7.217404244706218108e-01 1.016794068362670611e+00 9.811415191564887284e-01 3.342346288322769476e-01 4.748910397330053934e-01
1.983000000000000000e+03 1.000000000000000000e+00 1.000000000000000000e+00 1.000000000000000000e+00 5.075699004540712433e-01 5.011466347186231962e-01
1.983000000000000000e+03 6.289872326274957848e-01 1.022392091150227333e+00 9.748553588753183785e-01 5.075699004540712433e-01 5.011466347186231962e-01
1.984000000000000000e+03 1.000000000000000000e+00 1.000000000000000000e+00 1.000000000000000000e+00 5.051298465494107326e-01 5.005211414798296232e-01
1.984000000000000000e+03 9.072468081568739739e-01 1.005598022787556722e+00 9.937138397188296501e-01 5.051298465494107326e-01 5.005211414798296232e-01
1.985000000000000000e+03 1.000000000000000000e+00 1.000000000000000000e+00 1.000000000000000000e+00 3.356894605234204132e-01 4.833076804793979830e-01
1.985000000000000000e+03 8.144936163137479479e-01 1.011196045575113667e+00 9.874276794376591893e-01 3.356894605234204132e-01 4.833076804793979830e-01
1.986000000000000000e+03 1.000000000000000000e+00 1.000000000000000000e+00 1.000000000000000000e+00 5.247779085409881583e-01 2.560991140598359306e-01
1.986000000000000000e+03 7.217404244706218108e-01 1.016794068362670611e+00 9.811415191564887284e-01 5.247779085409881583e-01 2.560991140598359306e-01
1.987000000000000000e+03 1.000000000000000000e+00 1.000000000000000000e+00 1.000000000000000000e+00 4.913932694997841799e-01 5.847201930129951597e-01
1.987000000000000000e+03 6.289872326274957848e-01 1.022392091150227333e+00 9.748553588753183785e-01 4.913932694997841799e-01 5.847201930129951597e-01
1.988000000000000000e+03 1.000000000000000000e+00 1.000000000000000000e+00 1.000000000000000000e+00 4.030097752527352917e-01 5.791010949199667524e-01
1.988000000000000000e+03 9.072468081568739739e-01 1.005598022787556722e+00 9.937138397188296501e-01 4.030097752527352917e-01 5.791010949199667524e-01
1.989000000000000000e+03 1.000000000000000000e+00 1.000000000000000000e+00 1.000000000000000000e+00 7.209827218024444928e-01 3.197759073296637666e-01
1.989000000000000000e+03 8.144936163137479479e-01 1.011196045575113667e+00 9.874276794376591893e-01 7.209827218024444928e-01 3.197759073296637666e-01
1.990000000000000000e+03 1.000000000000000000e+00 1.000000000000000000e+00 1.000000000000000000e+00 3.703374062048485071e-01 3.410135267251453994e-01
1.990000000000000000e+03 7.217404244706218108e-01 1.016794068362670611e+00 9.811415191564887284e-01 3.703374062048485071e-01 3.410135267251453994e-01
1.991000000000000000e+03 1.000000000000000000e+00 1.000000000000000000e+00 1.000000000000000000e+00 5.285395960447819563e-01 5.349939762196748161e-01
1.991000000000000000e+03 6.289872326274957848e-01 1.022392091150227333e+00 9.748553588753183785e-01 5.285395960447819563e-01 5.349939762196748161e-01
1.992000000000000000e+03 1.000000000000000000e+00 1.000000000000000000e+00 1.000000000000000000e+00 5.187224829109612356e-01 5.624083772238251955e-01
1.992000000000000000e+03 9.072468081568739739e-01 1.005598022787556722e+00 9.937138397188296501e-01 5.187224829109612356e-01 5.624083772238251955e-01
1.993000000000000000e+03 1.000000000000000000e+00 1.000000000000000000e+00 1.000000000000000000e+00 4.353019235618820204e-01 2.843393966917695526e-01
1.993000000000000000e+03 8.144936163137479479e-01 1.011196045575113667e+00 9.874276794376591893e-01 4.353019235618820204e-01 2.843393966917695526e-01
1.994000000000000000e+03 1.000000000000000000e+00 1.000000000000000000e+00 1.000000000000000000e+00 7.922867163504331289e-01 4.123141267983037039e-01
1.994000000000000000e+03 7.217404244706218108e-01 1.016794068362670611e+00 9.811415191564887284e-01 7.922867163504331289e-01 4.123141267983037039e-01
1.995000000000000000e+03 1.000000000000000000e+00 1.000000000000000000e+00 1.000000000000000000e+00 3.609655097339721230e-01 5.417102796745396631e-01
1.995000000000000000e+03 6.289872326274957848e-01 1.022392091150227333e+00 9.748553588753183785e-01 3.609655097339721230e-01 5.417102796745396631e-01
1.996000000000000000e+03 1.000000000000000000e+00 1.000000000000000000e+00 1.000000000000000000e+00 4.501453993031531153e-01 5.925870169268913079e-01
1.996000000000000000e+03 9.072468081568739739e-01 1.005598022787556722e+00 9.937138397188296501e-01 4.501453993031531153e-01 5.925870169268913079e-01
1.997000000000000000e+03 1.000000000000000000e+00 1.000000000000000000e+00 1.000000000000000000e+00 6.257106350409349371e-01 2.665376408247630557e-01
1.997000000000000000e+03 8.144936163137479479e-01 1.011196045575113667e+00 9.874276794376591893e-01 6.257106350409349371e-01 2.665376408247630557e-01
1.998000000000000000e+03 1.000000000000000000e+00 1.000000000000000000e+00 1.000000000000000000e+00 3.369753119489358184e-01 4.122173821311091446e-01
1.998000000000000000e+03 7.217404244706218108e-01 1.016794068362670611e+00 9.811415191564887284e-01 3.369753119489358184e-01 4.122173821311091446e-01
1.999000000000000000e+03 1.000000000000000000e+00 1.000000000000000000e+00 1.000000000000000000e+00 5.221493458027184342e-01 5.119265835248029139e-01
1.999000000000000000e+03 6.289872326274957848e-01 1.022392091150227333e+00 9.748553588753183785e-01 5.221493458027184342e-01 5.119265835248029139e-01
