3.840000000000000000e+03 1.000000000000000000e+00 1.000000000000000000e+00 1.000000000000000000e+00 5.013276734331755247e-01 5.000346304846168266e-01
3.840000000000000000e+03 1.016614005159017786e+00 9.035781749488827064e-01 9.988623604630162411e-01 5.013276734331755247e-01 5.000346304846168266e-01
3.841000000000000000e+03 1.000000000000000000e+00 1.000000000000000000e+00 1.000000000000000000e+00 3.387267270877909464e-01 4.957934146627265837e-01
3.841000000000000000e+03 1.033228010318035572e+00 8.071563498977653017e-01 9.977247209260325933e-01 3.387267270877909464e-01 4.957934146627265837e-01
3.842000000000000000e+03 1.000000000000000000e+00 1.000000000000000000e+00 1.000000000000000000e+00 5.062925627636016834e-01 2.587539273482741820e-01
3.842000000000000000e+03 1.049842015477053359e+00 7.107345248466478971e-01 9.965870813890489455e-01 5.062925627636016834e-01 2.587539273482741820e-01
3.843000000000000000e+03 1.000000000000000000e+00 1.000000000000000000e+00 1.000000000000000000e+00 4.978793920890549063e-01 5.813004731726922891e-01
3.843000000000000000e+03 1.066456020636071145e+00 6.143126997955306035e-01 9.954494418520651866e-01 4.978793920890549063e-01 5.813004731726922891e-01
3.844000000000000000e+03 1.000000000000000000e+00 1.000000000000000000e+00 1.000000000000000000e+00 4.120002289769247317e-01 5.835257697713822633e-01
3.844000000000000000e+03 1.016614005159017786e+00 9.035781749488827064e-01 9.988623604630162411e-01 4.120002289769247317e-01 5.835257697713822633e-01
3.845000000000000000e+03 1.000000000000000000e+00 1.000000000000000000e+00 1.000000000000000000e+00 7.040484066027649090e-01 3.063256297831633002e-01
3.845000000000000000e+03 1.033228010318035572e+00 8.071563498977653017e-01 9.977247209260325933e-01 7.040484066027649090e-01 3.063256297831633002e-01
3.846000000000000000e+03 1.000000000000000000e+00 1.000000000000000000e+00 1.000000000000000000e+00 3.613999300058905462e-01 3.539759111870799391e-01
3.846000000000000000e+03 1.049842015477053359e+00 7.107345248466478971e-01 9.965870813890489455e-01 3.613999300058905462e-01 3.539759111870799391e-01
3.847000000000000000e+03 1.000000000000000000e+00 1.000000000000000000e+00 1.000000000000000000e+00 5.284514695486549618e-01 5.299754532332303647e-01
3.847000000000000000e+03 1.066456020636071145e+00 6.143126997955306035e-01 9.954494418520651866e-01 5.284514695486549618e-01 5.299754532332303647e-01
3.848000000000000000e+03 1.000000000000000000e+00 1.000000000000000000e+00 1.000000000000000000e+00 5.219838894685533415e-01 5.572524892022177045e-01
3.848000000000000000e+03 1.016614005159017786e+00 9.035781749488827064e-01 9.988623604630162411e-01 5.219838894685533415e-01 5.572524892022177045e-01
3.849000000000000000e+03 1.000000000000000000e+00 1.000000000000000000e+00 1.000000000000000000e+00 4.206619632300486744e-01 2.933805071211685878e-01
3.849000000000000000e+03 1.033228010318035572e+00 8.071563498977653017e-01 9.977247209260325933e-01 4.206619632300486744e-01 2.933805071211685878e-01
3.850000000000000000e+03 1.000000000000000000e+00 1.000000000000000000e+00 1.000000000000000000e+00 7.813029947171383771e-01 3.919848895793496824e-01
3.850000000000000000e+03 1.049842015477053359e+00 7.107345248466478971e-01 9.965870813890489455e-01 7.813029947171383771e-01 3.919848895793496824e-01
3.851000000000000000e+03 1.000000000000000000e+00 1.000000000000000000e+00 1.000000000000000000e+00 3.680640089594754416e-01 5.506609631192522780e-01
3.851000000000000000e+03 1.066456020636071145e+00 6.143126997955306035e-01 9.954494418520651866e-01 3.680640089594754416e-01 5.506609631192522780e-01
3.852000000000000000e+03 1.000000000000000000e+00 1.000000000000000000e+00 1.000000000000000000e+00 4.587956052905571291e-01 5.925720625925773311e-01
3.852000000000000000e+03 1.016614005159017786e+00 9.035781749488827064e-01 9.988623604630162411e-01 4.587956052905571291e-01 5.925720625925773311e-01
3.853000000000000000e+03 1.000000000000000000e+00 1.000000000000000000e+00 1.000000000000000000e+00 6.062673094087017711e-01 2.612540097361824021e-01
3.853000000000000000e+03 1.033228010318035572e+00 8.071563498977653017e-01 9.977247209260325933e-01 6.062673094087017711e-01 2.612540097361824021e-01
3.854000000000000000e+03 1.000000000000000000e+00 1.000000000000000000e+00 1.000000000000000000e+00 3.343409735718025910e-01 4.262641479409275957e-01
3.854000000000000000e+03 1.049842015477053359e+00 7.107345248466478971e-01 9.965870813890489455e-01 3.343409735718025910e-01 4.262641479409275957e-01
3.855000000000000000e+03 1.000000000000000000e+00 1.000000000000000000e+00 1.000000000000000000e+00 5.194850987569572531e-01 5.086729373598133375e-01
3.855000000000000000e+03 1.066456020636071145e+00 6.143126997955306035e-01 9.954494418520651866e-01 5.194850987569572531e-01 5.086729373598133375e-01
3.856000000000000000e+03 1.000000000000000000e+00 1.000000000000000000e+00 1.000000000000000000e+00 5.255856976343435960e-01 5.180782602199318632e-01
3.856000000000000000e+03 1.016614005159017786e+00 9.035781749488827064e-01 9.988623604630162411e-01 5.255856976343435960e-01 5.180782602199318632e-01
3.857000000000000000e+03 1.000000000000000000e+00 1.000000000000000000e+00 1.000000000000000000e+00 3.437422107069639243e-01 3.895918721231594883e-01
3.857000000000000000e+03 1.033228010318035572e+00 8.071563498977653017e-01 9.977247209260325933e-01 3.437422107069639243e-01 3.895918721231594883e-01
3.858000000000000000e+03 1.000000000000000000e+00 1.000000000000000000e+00 1.000000000000000000e+00 6.565730617052948359e-01 2.784061648776176567e-01
3.858000000000000000e+03 1.049842015477053359e+00 7.107345248466478971e-01 9.965870813890489455e-01 6.565730617052948359e-01 2.784061648776176567e-01
3.859000000000000000e+03 1.000000000000000000e+00 1.000000000000000000e+00 1.000000000000000000e+00 4.357568059516138126e-01 5.909217434636898636e-01
3.859000000000000000e+03 1.066456020636071145e+00 6.143126997955306035e-01 9.954494418520651866e-01 4.357568059516138126e-01 5.909217434636898636e-01
