1.960000000000000000e+03 1.000000000000000000e+00 1.000000000000000000e+00 1.000000000000000000e+00 5.035724346123537920e-01 5.775740347990419021e-01
1.960000000000000000e+03 9.259509654225746011e-01 9.957692467828178629e-01 9.981919624906880895e-01 5.035724346123537920e-01 5.775740347990419021e-01
1.961000000000000000e+03 1.000000000000000000e+00 1.000000000000000000e+00 1.000000000000000000e+00 4.890670562466996607e-01 2.625953582910610651e-01
1.961000000000000000e+03 8.519019308451493133e-01 9.915384935656358367e-01 9.963839249813761789e-01 4.890670562466996607e-01 2.625953582910610651e-01
1.962000000000000000e+03 1.000000000000000000e+00 1.000000000000000000e+00 1.000000000000000000e+00 8.173199451638875068e-01 4.853868016762264426e-01
1.962000000000000000e+03 7.778528962677240255e-01 9.873077403484538106e-01 9.945758874720641574e-01 8.173199451638875068e-01 4.853868016762264426e-01
1.963000000000000000e+03 1.000000000000000000e+00 1.000000000000000000e+00 1.000000000000000000e+00 3.425106617460096370e-01 5.072526891828270657e-01
1.963000000000000000e+03 7.038038616902986266e-01 9.830769871312716734e-01 9.927678499627522468e-01 3.425106617460096370e-01 5.072526891828270657e-01
1.964000000000000000e+03 1.000000000000000000e+00 1.000000000000000000e+00 1.000000000000000000e+00 4.207198066741869580e-01 5.869347117685692616e-01
1.964000000000000000e+03 9.259509654225746011e-01 9.957692467828178629e-01 9.981919624906880895e-01 4.207198066741869580e-01 5.869347117685692616e-01
1.965000000000000000e+03 1.000000000000000000e+00 1.000000000000000000e+00 1.000000000000000000e+00 6.870928333864139148e-01 2.948433163177321958e-01
1.965000000000000000e+03 8.519019308451493133e-01 9.915384935656358367e-01 9.963839249813761789e-01 6.870928333864139148e-01 2.948433163177321958e-01
1.966000000000000000e+03 1.000000000000000000e+00 1.000000000000000000e+00 1.000000000000000000e+00 3.539543022745815226e-01 3.668134866438864661e-01
1.966000000000000000e+03 7.778528962677240255e-01 9.873077403484538106e-01 9.945758874720641574e-01 3.539543022745815226e-01 3.668134866438864661e-01
1.967000000000000000e+03 1.000000000000000000e+00 1.000000000000000000e+00 1.000000000000000000e+00 5.278237258117199904e-01 5.253738732955125501e-01
1.967000000000000000e+03 7.038038616902986266e-01 9.830769871312716734e-01 9.927678499627522468e-01 5.278237258117199904e-01 5.253738732955125501e-01
1.968000000000000000e+03 1.000000000000000000e+00 1.000000000000000000e+00 1.000000000000000000e+00 5.236778245503764806e-01 5.142908638165818447e-01
1.968000000000000000e+03 9.259509654225746011e-01 9.957692467828178629e-01 9.981919624906880895e-01 5.236778245503764806e-01 5.142908638165818447e-01
1.969000000000000000e+03 1.000000000000000000e+00 1.000000000000000000e+00 1.000000000000000000e+00 3.393386029095923906e-01 4.030320483405941956e-01
1.969000000000000000e+03 8.519019308451493133e-01 9.915384935656358367e-01 9.963839249813761789e-01 3.393386029095923906e-01 4.030320483405941956e-01
1.970000000000000000e+03 1.000000000000000000e+00 1.000000000000000000e+00 1.000000000000000000e+00 6.383064955808178675e-01 2.708468166395768817e-01
1.970000000000000000e+03 7.778528962677240255e-01 9.873077403484538106e-01 9.945758874720641574e-01 6.383064955808178675e-01 2.708468166395768817e-01
1.971000000000000000e+03 1.000000000000000000e+00 1.000000000000000000e+00 1.000000000000000000e+00 4.443705922620061477e-01 5.921696108203919895e-01
1.971000000000000000e+03 7.038038616902986266e-01 9.830769871312716734e-01 9.927678499627522468e-01 4.443705922620061477e-01 5.921696108203919895e-01
1.972000000000000000e+03 1.000000000000000000e+00 1.000000000000000000e+00 1.000000000000000000e+00 3.566594260954909501e-01 5.354379462834469861e-01
1.972000000000000000e+03 9.259509654225746011e-01 9.957692467828178629e-01 9.981919624906880895e-01 3.566594260954909501e-01 5.354379462834469861e-01
1.973000000000000000e+03 1.000000000000000000e+00 1.000000000000000000e+00 1.000000000000000000e+00 7.986641164211412125e-01 4.261615701247544186e-01
1.973000000000000000e+03 8.519019308451493133e-01 9.915384935656358367e-01 9.963839249813761789e-01 7.986641164211412125e-01 4.261615701247544186e-01
1.974000000000000000e+03 1.000000000000000000e+00 1.000000000000000000e+00 1.000000000000000000e+00 4.453618119206537163e-01 2.789976548371748688e-01
1.974000000000000000e+03 7.778528962677240255e-01 9.873077403484538106e-01 9.945758874720641574e-01 4.453618119206537163e-01 2.789976548371748688e-01
1.975000000000000000e+03 1.000000000000000000e+00 1.000000000000000000e+00 1.000000000000000000e+00 5.162377044875476884e-01 5.656788026461930796e-01
1.975000000000000000e+03 7.038038616902986266e-01 9.830769871312716734e-01 9.927678499627522468e-01 5.162377044875476884e-01 5.656788026461930796e-01
1.976000000000000000e+03 1.000000000000000000e+00 1.000000000000000000e+00 1.000000000000000000e+00 5.282712265604904145e-01 5.383647743747819181e-01
1.976000000000000000e+03 9.259509654225746011e-01 9.957692467828178629e-01 9.981919624906880895e-01 5.282712265604904145e-01 5.383647743747819181e-01
1.977000000000000000e+03 1.000000000000000000e+00 1.000000000000000000e+00 1.000000000000000000e+00 3.768116062331414717e-01 3.328302126423440255e-01
1.977000000000000000e+03 8.519019308451493133e-01 9.915384935656358367e-01 9.963839249813761789e-01 3.768116062331414717e-01 3.328302126423440255e-01
1.978000000000000000e+03 1.000000000000000000e+00 1.000000000000000000e+00 1.000000000000000000e+00 7.315722938490930582e-01 3.293530226299574704e-01
1.978000000000000000e+03 7.778528962677240255e-01 9.873077403484538106e-01 9.945758874720641574e-01 7.315722938490930582e-01 3.293530226299574704e-01
1.979000000000000000e+03 1.000000000000000000e+00 1.000000000000000000e+00 1.000000000000000000e+00 3.972327191337811092e-01 5.757298101636745269e-01
1.979000000000000000e+03 7.038038616902986266e-01 9.830769871312716734e-01 9.927678499627522468e-01 3.972327191337811092e-01 5.757298101636745269e-01
