2.660000000000000000e+03 1.000000000000000000e+00 1.000000000000000000e+00 1.000000000000000000e+00 3.837950461033229899e-01 5.660649593649068612e-01
2.660000000000000000e+03 9.942614344864085796e-01 9.869077112174502453e-01 8.997815348309621264e-01 3.837950461033229899e-01 5.660649593649068612e-01
2.661000000000000000e+03 1.000000000000000000e+00 1.000000000000000000e+00 1.000000000000000000e+00 7.552977333124540893e-01 3.548578712725395379e-01
2.661000000000000000e+03 9.885228689728171592e-01 9.738154224349004906e-01 7.995630696619242528e-01 7.552977333124540893e-01 3.548578712725395379e-01
2.662000000000000000e+03 1.000000000000000000e+00 1.000000000000000000e+00 1.000000000000000000e+00 3.943964559538163384e-01 3.142486563954344225e-01
2.662000000000000000e+03 9.827843034592257387e-01 9.607231336523508469e-01 6.993446044928863792e-01 3.943964559538163384e-01 3.142486563954344225e-01
2.663000000000000000e+03 1.000000000000000000e+00 1.000000000000000000e+00 1.000000000000000000e+00 5.265263746836300607e-01 5.466585641887885538e-01
2.663000000000000000e+03 9.770457379456343183e-01 9.476308448698010922e-01 5.991261393238485056e-01 5.265263746836300607e-01 5.466585641887885538e-01
2.664000000000000000e+03 1.000000000000000000e+00 1.000000000000000000e+00 1.000000000000000000e+00 5.091303746513091699e-01 5.731039084094848857e-01
2.664000000000000000e+03 9.942614344864085796e-01 9.869077112174502453e-01 8.997815348309621264e-01 5.091303746513091699e-01 5.731039084094848857e-01
2.665000000000000000e+03 1.000000000000000000e+00 1.000000000000000000e+00 1.000000000000000000e+00 4.710403493297289357e-01 2.681295969747938823e-01
2.665000000000000000e+03 9.885228689728171592e-01 9.738154224349004906e-01 7.995630696619242528e-01 4.710403493297289357e-01 2.681295969747938823e-01
2.666000000000000000e+03 1.000000000000000000e+00 1.000000000000000000e+00 1.000000000000000000e+00 8.112536503330667337e-01 4.611257113202479330e-01
2.666000000000000000e+03 9.827843034592257387e-01 9.607231336523508469e-01 6.993446044928863792e-01 8.112536503330667337e-01 4.611257113202479330e-01
2.667000000000000000e+03 1.000000000000000000e+00 1.000000000000000000e+00 1.000000000000000000e+00 3.475128442826544983e-01 5.190450126607901726e-01
2.667000000000000000e+03 9.770457379456343183e-01 9.476308448698010922e-01 5.991261393238485056e-01 3.475128442826544983e-01 5.190450126607901726e-01
2.668000000000000000e+03 1.000000000000000000e+00 1.000000000000000000e+00 1.000000000000000000e+00 4.302030181058859037e-01 5.897199893250569813e-01
2.668000000000000000e+03 9.942614344864085796e-01 9.869077112174502453e-01 8.997815348309621264e-01 4.302030181058859037e-01 5.897199893250569813e-01
2.669000000000000000e+03 1.000000000000000000e+00 1.000000000000000000e+00 1.000000000000000000e+00 6.680404313230803304e-01 2.839937301679213988e-01
2.669000000000000000e+03 9.885228689728171592e-01 9.738154224349004906e-01 7.995630696619242528e-01 6.680404313230803304e-01 2.839937301679213988e-01
2.670000000000000000e+03 1.000000000000000000e+00 1.000000000000000000e+00 1.000000000000000000e+00 3.471368704214321532e-01 3.810812933914028422e-01
2.670000000000000000e+03 9.827843034592257387e-01 9.607231336523508469e-01 6.993446044928863792e-01 3.471368704214321532e-01 3.810812933914028422e-01
2.671000000000000000e+03 1.000000000000000000e+00 1.000000000000000000e+00 1.000000000000000000e+00 5.265768490715461159e-01 5.206752571796310347e-01
2.671000000000000000e+03 9.770457379456343183e-01 9.476308448698010922e-01 5.991261393238485056e-01 5.265768490715461159e-01 5.206752571796310347e-01
2.672000000000000000e+03 1.000000000000000000e+00 1.000000000000000000e+00 1.000000000000000000e+00 5.211605954983591360e-01 5.106106957439391358e-01
2.672000000000000000e+03 9.942614344864085796e-01 9.869077112174502453e-01 8.997815348309621264e-01 5.211605954983591360e-01 5.106106957439391358e-01
2.673000000000000000e+03 1.000000000000000000e+00 1.000000000000000000e+00 1.000000000000000000e+00 3.358133332784083436e-01 4.176708062904256336e-01
2.673000000000000000e+03 9.885228689728171592e-01 9.738154224349004906e-01 7.995630696619242528e-01 3.358133332784083436e-01 4.176708062904256336e-01
2.674000000000000000e+03 1.000000000000000000e+00 1.000000000000000000e+00 1.000000000000000000e+00 6.181884426923919262e-01 2.643002976667920834e-01
2.674000000000000000e+03 9.827843034592257387e-01 9.607231336523508469e-01 6.993446044928863792e-01 6.181884426923919262e-01 2.643002976667920834e-01
2.675000000000000000e+03 1.000000000000000000e+00 1.000000000000000000e+00 1.000000000000000000e+00 4.535300552732431933e-01 5.926736311099753962e-01
2.675000000000000000e+03 9.770457379456343183e-01 9.476308448698010922e-01 5.991261393238485056e-01 4.535300552732431933e-01 5.926736311099753962e-01
2.676000000000000000e+03 1.000000000000000000e+00 1.000000000000000000e+00 1.000000000000000000e+00 3.636487986931939975e-01 5.452764571074912858e-01
2.676000000000000000e+03 9.942614344864085796e-01 9.869077112174502453e-01 8.997815348309621264e-01 3.636487986931939975e-01 5.452764571074912858e-01
2.677000000000000000e+03 1.000000000000000000e+00 1.000000000000000000e+00 1.000000000000000000e+00 7.881985424032380561e-01 4.043014742921050564e-01
2.677000000000000000e+03 9.885228689728171592e-01 9.738154224349004906e-01 7.995630696619242528e-01 7.881985424032380561e-01 4.043014742921050564e-01
2.678000000000000000e+03 1.000000000000000000e+00 1.000000000000000000e+00 1.000000000000000000e+00 4.295125085923068853e-01 2.877251281449779707e-01
2.678000000000000000e+03 9.827843034592257387e-01 9.607231336523508469e-01 6.993446044928863792e-01 4.295125085923068853e-01 2.877251281449779707e-01
2.679000000000000000e+03 1.000000000000000000e+00 1.000000000000000000e+00 1.000000000000000000e+00 5.200654228072895124e-01 5.604275307585899757e-01
2.679000000000000000e+03 9.770457379456343183e-01 9.476308448698010922e-01 5.991261393238485056e-01 5.200654228072895124e-01 5.604275307585899757e-01
