2.400000000000000000e+02 1.000000000000000000e+00 1.000000000000000000e+00 1.000000000000000000e+00 5.194269573087000325e-01 5.086113779226060228e-01
2.400000000000000000e+02 1.003068178352628514e+00 9.331628461350444104e-01 9.910004107808862983e-01 5.194269573087000325e-01 5.086113779226060228e-01
2.410000000000000000e+02 1.000000000000000000e+00 1.000000000000000000e+00 1.000000000000000000e+00 3.342994817787350303e-01 4.265500118365956328e-01
2.410000000000000000e+02 1.006136356705256807e+00 8.663256922700888207e-01 9.820008215617724856e-01 3.342994817787350303e-01 4.265500118365956328e-01
2.420000000000000000e+02 1.000000000000000000e+00 1.000000000000000000e+00 1.000000000000000000e+00 6.058692932838036782e-01 2.611627013224526728e-01
2.420000000000000000e+02 1.009204535057885099e+00 7.994885384051332311e-01 9.730012323426586729e-01 6.058692932838036782e-01 2.611627013224526728e-01
2.430000000000000000e+02 1.000000000000000000e+00 1.000000000000000000e+00 1.000000000000000000e+00 4.589693169569947773e-01 5.925637377649825011e-01
2.430000000000000000e+02 1.012272713410513614e+00 7.326513845401776415e-01 9.640016431235449712e-01 4.589693169569947773e-01 5.925637377649825011e-01
2.440000000000000000e+02 1.000000000000000000e+00 1.000000000000000000e+00 1.000000000000000000e+00 3.682147671645931153e-01 5.508351739105671330e-01
2.440000000000000000e+02 1.003068178352628514e+00 9.331628461350444104e-01 9.910004107808862983e-01 3.682147671645931153e-01 5.508351739105671330e-01
2.450000000000000000e+02 1.000000000000000000e+00 1.000000000000000000e+00 1.000000000000000000e+00 7.810640806489651533e-01 3.915816202438348603e-01
2.450000000000000000e+02 1.006136356705256807e+00 8.663256922700888207e-01 9.820008215617724856e-01 7.810640806489651533e-01 3.915816202438348603e-01
2.460000000000000000e+02 1.000000000000000000e+00 1.000000000000000000e+00 1.000000000000000000e+00 4.203732231666339469e-01 2.935753432578139810e-01
2.460000000000000000e+02 1.009204535057885099e+00 7.994885384051332311e-01 9.730012323426586729e-01 4.203732231666339469e-01 2.935753432578139810e-01
2.470000000000000000e+02 1.000000000000000000e+00 1.000000000000000000e+00 1.000000000000000000e+00 5.220435709877679908e-01 5.571458089286277504e-01
2.470000000000000000e+02 1.012272713410513614e+00 7.326513845401776415e-01 9.640016431235449712e-01 5.220435709877679908e-01 5.571458089286277504e-01
2.480000000000000000e+02 1.000000000000000000e+00 1.000000000000000000e+00 1.000000000000000000e+00 5.284435474704040070e-01 5.298751921717480551e-01
2.480000000000000000e+02 1.003068178352628514e+00 9.331628461350444104e-01 9.910004107808862983e-01 5.284435474704040070e-01 5.298751921717480551e-01
2.490000000000000000e+02 1.000000000000000000e+00 1.000000000000000000e+00 1.000000000000000000e+00 3.612299653716652403e-01 3.542452745560172866e-01
2.490000000000000000e+02 1.006136356705256807e+00 8.663256922700888207e-01 9.820008215617724856e-01 3.612299653716652403e-01 3.542452745560172866e-01
2.500000000000000000e+02 1.000000000000000000e+00 1.000000000000000000e+00 1.000000000000000000e+00 7.036944920801000425e-01 3.060667217926998918e-01
2.500000000000000000e+02 1.009204535057885099e+00 7.994885384051332311e-01 9.730012323426586729e-01 7.036944920801000425e-01 3.060667217926998918e-01
2.510000000000000000e+02 1.000000000000000000e+00 1.000000000000000000e+00 1.000000000000000000e+00 4.121850411921346713e-01 5.836067910493694111e-01
2.510000000000000000e+02 1.012272713410513614e+00 7.326513845401776415e-01 9.640016431235449712e-01 4.121850411921346713e-01 5.836067910493694111e-01
2.520000000000000000e+02 1.000000000000000000e+00 1.000000000000000000e+00 1.000000000000000000e+00 4.980060251825134121e-01 5.812255290190666557e-01
2.520000000000000000e+02 1.003068178352628514e+00 9.331628461350444104e-01 9.910004107808862983e-01 4.980060251825134121e-01 5.812255290190666557e-01
2.530000000000000000e+02 1.000000000000000000e+00 1.000000000000000000e+00 1.000000000000000000e+00 5.059205713811525396e-01 2.588226599895407376e-01
2.530000000000000000e+02 1.006136356705256807e+00 8.663256922700888207e-01 9.820008215617724856e-01 5.059205713811525396e-01 2.588226599895407376e-01
2.540000000000000000e+02 1.000000000000000000e+00 1.000000000000000000e+00 1.000000000000000000e+00 3.387985654852370687e-01 4.960427269006804085e-01
2.540000000000000000e+02 1.009204535057885099e+00 7.994885384051332311e-01 9.730012323426586729e-01 3.387985654852370687e-01 4.960427269006804085e-01
2.550000000000000000e+02 1.000000000000000000e+00 1.000000000000000000e+00 1.000000000000000000e+00 5.012496235233702135e-01 5.000306765356536953e-01
2.550000000000000000e+02 1.012272713410513614e+00 7.326513845401776415e-01 9.640016431235449712e-01 5.012496235233702135e-01 5.000306765356536953e-01
2.560000000000000000e+02 1.000000000000000000e+00 1.000000000000000000e+00 1.000000000000000000e+00 5.018737294711032026e-01 5.000690135430150285e-01
2.560000000000000000e+02 1.003068178352628514e+00 9.331628461350444104e-01 9.910004107808862983e-01 5.018737294711032026e-01 5.000690135430150285e-01
2.570000000000000000e+02 1.000000000000000000e+00 1.000000000000000000e+00 1.000000000000000000e+00 3.382346889947609458e-01 4.940418307863675973e-01
2.570000000000000000e+02 1.006136356705256807e+00 8.663256922700888207e-01 9.820008215617724856e-01 3.382346889947609458e-01 4.940418307863675973e-01
2.580000000000000000e+02 1.000000000000000000e+00 1.000000000000000000e+00 1.000000000000000000e+00 5.089027470489412286e-01 2.582888982276929646e-01
2.580000000000000000e+02 1.009204535057885099e+00 7.994885384051332311e-01 9.730012323426586729e-01 5.089027470489412286e-01 2.582888982276929646e-01
2.590000000000000000e+02 1.000000000000000000e+00 1.000000000000000000e+00 1.000000000000000000e+00 4.969864086216762566e-01 5.818195202381710729e-01
2.590000000000000000e+02 1.012272713410513614e+00 7.326513845401776415e-01 9.640016431235449712e-01 4.969864086216762566e-01 5.818195202381710729e-01
