1.380000000000000000e+03 1.000000000000000000e+00 1.000000000000000000e+00 1.000000000000000000e+00 3.812740035543726869e-01 5.639294508192851385e-01
1.380000000000000000e+03 9.216579828591950907e-01 1.000465836220789217e+00 1.002221767801282581e+00 3.812740035543726869e-01 5.639294508192851385e-01
1.381000000000000000e+03 1.000000000000000000e+00 1.000000000000000000e+00 1.000000000000000000e+00 7.596013386939729495e-01 3.602145148366266980e-01
1.381000000000000000e+03 8.433159657183901814e-01 1.000931672441578435e+00 1.004443535602565163e+00 7.596013386939729495e-01 3.602145148366266980e-01
1.382000000000000000e+03 1.000000000000000000e+00 1.000000000000000000e+00 1.000000000000000000e+00 3.981425320086707798e-01 3.108363324301999242e-01
1.382000000000000000e+03 7.649739485775853831e-01 1.001397508662367875e+00 1.006665303403847744e+00 3.981425320086707798e-01 3.108363324301999242e-01
1.383000000000000000e+03 1.000000000000000000e+00 1.000000000000000000e+00 1.000000000000000000e+00 5.260014336472410568e-01 5.482883253214544395e-01
1.383000000000000000e+03 6.866319314367804738e-01 1.001863344883157092e+00 1.008887071205130326e+00 5.260014336472410568e-01 5.482883253214544395e-01
1.384000000000000000e+03 1.000000000000000000e+00 1.000000000000000000e+00 1.000000000000000000e+00 5.075644475405566292e-01 5.744604999141736945e-01
1.384000000000000000e+03 9.216579828591950907e-01 1.000465836220789217e+00 1.002221767801282581e+00 5.075644475405566292e-01 5.744604999141736945e-01
1.385000000000000000e+03 1.000000000000000000e+00 1.000000000000000000e+00 1.000000000000000000e+00 4.762643744186708661e-01 2.663588071586573403e-01
1.385000000000000000e+03 8.433159657183901814e-01 1.000931672441578435e+00 1.004443535602565163e+00 4.762643744186708661e-01 2.663588071586573403e-01
1.386000000000000000e+03 1.000000000000000000e+00 1.000000000000000000e+00 1.000000000000000000e+00 8.132315393049270869e-01 4.681787853982846137e-01
1.386000000000000000e+03 7.649739485775853831e-01 1.001397508662367875e+00 1.006665303403847744e+00 8.132315393049270869e-01 4.681787853982846137e-01
1.387000000000000000e+03 1.000000000000000000e+00 1.000000000000000000e+00 1.000000000000000000e+00 3.459491536222418229e-01 5.156500365609428815e-01
1.387000000000000000e+03 6.866319314367804738e-01 1.001863344883157092e+00 1.008887071205130326e+00 3.459491536222418229e-01 5.156500365609428815e-01
1.388000000000000000e+03 1.000000000000000000e+00 1.000000000000000000e+00 1.000000000000000000e+00 4.274165982944125863e-01 5.889985208355050794e-01
1.388000000000000000e+03 9.216579828591950907e-01 1.000465836220789217e+00 1.002221767801282581e+00 4.274165982944125863e-01 5.889985208355050794e-01
1.389000000000000000e+03 1.000000000000000000e+00 1.000000000000000000e+00 1.000000000000000000e+00 6.737063994559568947e-01 2.870089821093150806e-01
1.389000000000000000e+03 8.433159657183901814e-01 1.000931672441578435e+00 1.004443535602565163e+00 6.737063994559568947e-01 2.870089821093150806e-01
1.390000000000000000e+03 1.000000000000000000e+00 1.000000000000000000e+00 1.000000000000000000e+00 3.490052306369050283e-01 3.768550994192278458e-01
1.390000000000000000e+03 7.649739485775853831e-01 1.001397508662367875e+00 1.006665303403847744e+00 3.490052306369050283e-01 3.768550994192278458e-01
1.391000000000000000e+03 1.000000000000000000e+00 1.000000000000000000e+00 1.000000000000000000e+00 5.270022723079151872e-01 5.220219028304027287e-01
1.391000000000000000e+03 6.866319314367804738e-01 1.001863344883157092e+00 1.008887071205130326e+00 5.270022723079151872e-01 5.220219028304027287e-01
1.392000000000000000e+03 1.000000000000000000e+00 1.000000000000000000e+00 1.000000000000000000e+00 5.219460579449767268e-01 5.116439879224525811e-01
1.392000000000000000e+03 9.216579828591950907e-01 1.000465836220789217e+00 1.002221767801282581e+00 5.219460579449767268e-01 5.116439879224525811e-01
1.393000000000000000e+03 1.000000000000000000e+00 1.000000000000000000e+00 1.000000000000000000e+00 3.367158078685061340e-01 4.133658005518149881e-01
1.393000000000000000e+03 8.433159657183901814e-01 1.000931672441578435e+00 1.004443535602565163e+00 3.367158078685061340e-01 4.133658005518149881e-01
1.394000000000000000e+03 1.000000000000000000e+00 1.000000000000000000e+00 1.000000000000000000e+00 6.241293052110512551e-01 2.660467407752475921e-01
1.394000000000000000e+03 7.649739485775853831e-01 1.001397508662367875e+00 1.006665303403847744e+00 6.241293052110512551e-01 2.660467407752475921e-01
1.395000000000000000e+03 1.000000000000000000e+00 1.000000000000000000e+00 1.000000000000000000e+00 4.508609063146811757e-01 5.926151250382353242e-01
1.395000000000000000e+03 6.866319314367804738e-01 1.001863344883157092e+00 1.008887071205130326e+00 4.508609063146811757e-01 5.926151250382353242e-01
1.396000000000000000e+03 1.000000000000000000e+00 1.000000000000000000e+00 1.000000000000000000e+00 3.615228206247739773e-01 5.424709630964965612e-01
1.396000000000000000e+03 9.216579828591950907e-01 1.000465836220789217e+00 1.002221767801282581e+00 3.615228206247739773e-01 5.424709630964965612e-01
1.397000000000000000e+03 1.000000000000000000e+00 1.000000000000000000e+00 1.000000000000000000e+00 7.914444195912254676e-01 4.106139708724219628e-01
1.397000000000000000e+03 8.433159657183901814e-01 1.000931672441578435e+00 1.004443535602565163e+00 7.914444195912254676e-01 4.106139708724219628e-01
1.398000000000000000e+03 1.000000000000000000e+00 1.000000000000000000e+00 1.000000000000000000e+00 4.340715038879626730e-01 2.850392005167742271e-01
1.398000000000000000e+03 7.649739485775853831e-01 1.001397508662367875e+00 1.006665303403847744e+00 4.340715038879626730e-01 2.850392005167742271e-01
1.399000000000000000e+03 1.000000000000000000e+00 1.000000000000000000e+00 1.000000000000000000e+00 5.190134300809557955e-01 5.619935592672263835e-01
1.399000000000000000e+03 6.866319314367804738e-01 1.001863344883157092e+00 1.008887071205130326e+00 5.190134300809557955e-01 5.619935592672263835e-01
