4.640000000000000000e+03 1.000000000000000000e+00 1.000000000000000000e+00 1.000000000000000000e+00 5.152635791233214357e-01 5.049775639693291351e-01
4.640000000000000000e+03 1.000872223170635067e+00 8.922679288915315032e-01 1.000573633632872106e+00 5.152635791233214357e-01 5.049775639693291351e-01
4.641000000000000000e+03 1.000000000000000000e+00 1.000000000000000000e+00 1.000000000000000000e+00 3.326205569128722894e-01 4.454163483947288227e-01
4.641000000000000000e+03 1.001744446341269912e+00 7.845358577830630065e-01 1.001147267265744212e+00 3.326205569128722894e-01 4.454163483947288227e-01
4.642000000000000000e+03 1.000000000000000000e+00 1.000000000000000000e+00 1.000000000000000000e+00 5.793866954232421707e-01 2.565626249309690965e-01
4.642000000000000000e+03 1.002616669511904757e+00 6.768037866745946207e-01 1.001720900898616540e+00 5.793866954232421707e-01 2.565626249309690965e-01
4.643000000000000000e+03 1.000000000000000000e+00 1.000000000000000000e+00 1.000000000000000000e+00 4.702193922126998160e-01 5.913215111052245732e-01
4.643000000000000000e+03 1.003488892682539824e+00 5.690717155661261240e-01 1.002294534531488646e+00 4.702193922126998160e-01 5.913215111052245732e-01
4.644000000000000000e+03 1.000000000000000000e+00 1.000000000000000000e+00 1.000000000000000000e+00 3.787081305424446209e-01 5.616373295512873121e-01
4.644000000000000000e+03 1.000872223170635067e+00 8.922679288915315032e-01 1.000573633632872106e+00 3.787081305424446209e-01 5.616373295512873121e-01
4.645000000000000000e+03 1.000000000000000000e+00 1.000000000000000000e+00 1.000000000000000000e+00 7.639308293479220024e-01 3.658773124693635026e-01
4.645000000000000000e+03 1.001744446341269912e+00 7.845358577830630065e-01 1.001147267265744212e+00 7.639308293479220024e-01 3.658773124693635026e-01
4.646000000000000000e+03 1.000000000000000000e+00 1.000000000000000000e+00 1.000000000000000000e+00 4.021199914590380953e-01 3.073886505972612815e-01
4.646000000000000000e+03 1.002616669511904757e+00 6.768037866745946207e-01 1.001720900898616540e+00 4.021199914590380953e-01 3.073886505972612815e-01
4.647000000000000000e+03 1.000000000000000000e+00 1.000000000000000000e+00 1.000000000000000000e+00 5.253946505616127194e-01 5.499723895123720396e-01
4.647000000000000000e+03 1.003488892682539824e+00 5.690717155661261240e-01 1.002294534531488646e+00 5.253946505616127194e-01 5.499723895123720396e-01
4.648000000000000000e+03 1.000000000000000000e+00 1.000000000000000000e+00 1.000000000000000000e+00 5.058857638325757744e-01 5.758266000479369540e-01
4.648000000000000000e+03 1.000872223170635067e+00 8.922679288915315032e-01 1.000573633632872106e+00 5.058857638325757744e-01 5.758266000479369540e-01
4.649000000000000000e+03 1.000000000000000000e+00 1.000000000000000000e+00 1.000000000000000000e+00 4.817320642833817779e-01 2.646532387829053645e-01
4.649000000000000000e+03 1.001744446341269912e+00 7.845358577830630065e-01 1.001147267265744212e+00 4.817320642833817779e-01 2.646532387829053645e-01
4.650000000000000000e+03 1.000000000000000000e+00 1.000000000000000000e+00 1.000000000000000000e+00 8.151068418016734762e-01 4.755409783413605540e-01
4.650000000000000000e+03 1.002616669511904757e+00 6.768037866745946207e-01 1.001720900898616540e+00 8.151068418016734762e-01 4.755409783413605540e-01
4.651000000000000000e+03 1.000000000000000000e+00 1.000000000000000000e+00 1.000000000000000000e+00 3.444133193674842053e-01 5.120768497745971093e-01
4.651000000000000000e+03 1.003488892682539824e+00 5.690717155661261240e-01 1.002294534531488646e+00 3.444133193674842053e-01 5.120768497745971093e-01
4.652000000000000000e+03 1.000000000000000000e+00 1.000000000000000000e+00 1.000000000000000000e+00 4.245337929318458436e-01 5.881676929576198365e-01
4.652000000000000000e+03 1.000872223170635067e+00 8.922679288915315032e-01 1.000573633632872106e+00 4.245337929318458436e-01 5.881676929576198365e-01
4.653000000000000000e+03 1.000000000000000000e+00 1.000000000000000000e+00 1.000000000000000000e+00 6.795084770618127212e-01 2.902790016386740390e-01
4.653000000000000000e+03 1.001744446341269912e+00 7.845358577830630065e-01 1.001147267265744212e+00 6.795084770618127212e-01 2.902790016386740390e-01
4.654000000000000000e+03 1.000000000000000000e+00 1.000000000000000000e+00 1.000000000000000000e+00 3.510556543405270458e-01 3.725126579350165890e-01
4.654000000000000000e+03 1.002616669511904757e+00 6.768037866745946207e-01 1.001720900898616540e+00 3.510556543405270458e-01 3.725126579350165890e-01
4.655000000000000000e+03 1.000000000000000000e+00 1.000000000000000000e+00 1.000000000000000000e+00 5.273910402557667743e-01 5.234450720713249572e-01
4.655000000000000000e+03 1.003488892682539824e+00 5.690717155661261240e-01 1.002294534531488646e+00 5.273910402557667743e-01 5.234450720713249572e-01
4.656000000000000000e+03 1.000000000000000000e+00 1.000000000000000000e+00 1.000000000000000000e+00 5.227189274653329942e-01 5.127552763806825231e-01
4.656000000000000000e+03 1.000872223170635067e+00 8.922679288915315032e-01 1.000573633632872106e+00 5.227189274653329942e-01 5.127552763806825231e-01
4.657000000000000000e+03 1.000000000000000000e+00 1.000000000000000000e+00 1.000000000000000000e+00 3.377657398540018230e-01 4.089154701631323441e-01
4.657000000000000000e+03 1.001744446341269912e+00 7.845358577830630065e-01 1.001147267265744212e+00 3.377657398540018230e-01 4.089154701631323441e-01
4.658000000000000000e+03 1.000000000000000000e+00 1.000000000000000000e+00 1.000000000000000000e+00 6.302491565649602778e-01 2.680080735136691761e-01
4.658000000000000000e+03 1.002616669511904757e+00 6.768037866745946207e-01 1.001720900898616540e+00 6.302491565649602778e-01 2.680080735136691761e-01
4.659000000000000000e+03 1.000000000000000000e+00 1.000000000000000000e+00 1.000000000000000000e+00 4.480800968912249105e-01 5.924765938056655301e-01
4.659000000000000000e+03 1.003488892682539824e+00 5.690717155661261240e-01 1.002294534531488646e+00 4.480800968912249105e-01 5.924765938056655301e-01
