3.800000000000000000e+02 1.000000000000000000e+00 1.000000000000000000e+00 1.000000000000000000e+00 4.927608517709378688e-01 5.840638766529219206e-01
3.800000000000000000e+02 1.001926498714141855e+00 9.117142378251006374e-01 9.998443286946421260e-01 4.927608517709378688e-01 5.840638766529219206e-01
3.810000000000000000e+02 1.000000000000000000e+00 1.000000000000000000e+00 1.000000000000000000e+00 5.209667182041725075e-01 2.565261053978336037e-01
3.810000000000000000e+02 1.003852997428283711e+00 8.234284756502012748e-01 9.996886573892842520e-01 5.209667182041725075e-01 2.565261053978336037e-01
3.820000000000000000e+02 1.000000000000000000e+00 1.000000000000000000e+00 1.000000000000000000e+00 3.362311143724558971e-01 4.858970667833826806e-01
3.820000000000000000e+02 1.005779496142425788e+00 7.351427134753018011e-01 9.995329860839262670e-01 3.362311143724558971e-01 4.858970667833826806e-01
3.830000000000000000e+02 1.000000000000000000e+00 1.000000000000000000e+00 1.000000000000000000e+00 5.043588676782996272e-01 5.003753632415068875e-01
3.830000000000000000e+02 1.007705994856567644e+00 6.468569513004024385e-01 9.993773147785683930e-01 5.043588676782996272e-01 5.003753632415068875e-01
3.840000000000000000e+02 1.000000000000000000e+00 1.000000000000000000e+00 1.000000000000000000e+00 5.031191191028129284e-01 5.001916273009443525e-01
3.840000000000000000e+02 1.001926498714141855e+00 9.117142378251006374e-01 9.998443286946421260e-01 5.031191191028129284e-01 5.001916273009443525e-01
3.850000000000000000e+02 1.000000000000000000e+00 1.000000000000000000e+00 1.000000000000000000e+00 3.371819828331631408e-01 4.899970548907022772e-01
3.850000000000000000e+02 1.003852997428283711e+00 8.234284756502012748e-01 9.996886573892842520e-01 3.371819828331631408e-01 4.899970548907022772e-01
3.860000000000000000e+02 1.000000000000000000e+00 1.000000000000000000e+00 1.000000000000000000e+00 5.149086040134744913e-01 2.573325338011512309e-01
3.860000000000000000e+02 1.005779496142425788e+00 7.351427134753018011e-01 9.995329860839262670e-01 5.149086040134744913e-01 2.573325338011512309e-01
3.870000000000000000e+02 1.000000000000000000e+00 1.000000000000000000e+00 1.000000000000000000e+00 4.949027137948789346e-01 5.829685681348248938e-01
3.870000000000000000e+02 1.007705994856567644e+00 6.468569513004024385e-01 9.993773147785683930e-01 4.949027137948789346e-01 5.829685681348248938e-01
3.880000000000000000e+02 1.000000000000000000e+00 1.000000000000000000e+00 1.000000000000000000e+00 4.077625814242991087e-01 5.815599426157899154e-01
3.880000000000000000e+02 1.001926498714141855e+00 9.117142378251006374e-01 9.998443286946421260e-01 4.077625814242991087e-01 5.815599426157899154e-01
3.890000000000000000e+02 1.000000000000000000e+00 1.000000000000000000e+00 1.000000000000000000e+00 7.120992416994544882e-01 3.124535329697826214e-01
3.890000000000000000e+02 1.003852997428283711e+00 8.234284756502012748e-01 9.996886573892842520e-01 7.120992416994544882e-01 3.124535329697826214e-01
3.900000000000000000e+02 1.000000000000000000e+00 1.000000000000000000e+00 1.000000000000000000e+00 3.654467951769962974e-01 3.478316698624224212e-01
3.900000000000000000e+02 1.005779496142425788e+00 7.351427134753018011e-01 9.995329860839262670e-01 3.654467951769962974e-01 3.478316698624224212e-01
3.910000000000000000e+02 1.000000000000000000e+00 1.000000000000000000e+00 1.000000000000000000e+00 5.285666804085761283e-01 5.323065070138242039e-01
3.910000000000000000e+02 1.007705994856567644e+00 6.468569513004024385e-01 9.993773147785683930e-01 5.285666804085761283e-01 5.323065070138242039e-01
3.920000000000000000e+02 1.000000000000000000e+00 1.000000000000000000e+00 1.000000000000000000e+00 5.205352121927429021e-01 5.596914624146454020e-01
3.920000000000000000e+02 1.001926498714141855e+00 9.117142378251006374e-01 9.998443286946421260e-01 5.205352121927429021e-01 5.596914624146454020e-01
3.930000000000000000e+02 1.000000000000000000e+00 1.000000000000000000e+00 1.000000000000000000e+00 4.274151410612949675e-01 2.890113655244712088e-01
3.930000000000000000e+02 1.003852997428283711e+00 8.234284756502012748e-01 9.996886573892842520e-01 4.274151410612949675e-01 2.890113655244712088e-01
3.940000000000000000e+02 1.000000000000000000e+00 1.000000000000000000e+00 1.000000000000000000e+00 7.866372205059705136e-01 4.013903176883139023e-01
3.940000000000000000e+02 1.005779496142425788e+00 7.351427134753018011e-01 9.995329860839262670e-01 7.866372205059705136e-01 4.013903176883139023e-01
3.950000000000000000e+02 1.000000000000000000e+00 1.000000000000000000e+00 1.000000000000000000e+00 3.646599515549129311e-01 5.465600355657239673e-01
3.950000000000000000e+02 1.007705994856567644e+00 6.468569513004024385e-01 9.993773147785683930e-01 3.646599515549129311e-01 5.465600355657239673e-01
3.960000000000000000e+02 1.000000000000000000e+00 1.000000000000000000e+00 1.000000000000000000e+00 4.547677004007143475e-01 5.926758042746890220e-01
3.960000000000000000e+02 1.001926498714141855e+00 9.117142378251006374e-01 9.998443286946421260e-01 4.547677004007143475e-01 5.926758042746890220e-01
3.970000000000000000e+02 1.000000000000000000e+00 1.000000000000000000e+00 1.000000000000000000e+00 6.154108977654499935e-01 2.635362812142783562e-01
3.970000000000000000e+02 1.003852997428283711e+00 8.234284756502012748e-01 9.996886573892842520e-01 6.154108977654499935e-01 2.635362812142783562e-01
3.980000000000000000e+02 1.000000000000000000e+00 1.000000000000000000e+00 1.000000000000000000e+00 3.354302384697946948e-01 4.196784013176321770e-01
3.980000000000000000e+02 1.005779496142425788e+00 7.351427134753018011e-01 9.995329860839262670e-01 3.354302384697946948e-01 4.196784013176321770e-01
3.990000000000000000e+02 1.000000000000000000e+00 1.000000000000000000e+00 1.000000000000000000e+00 5.207818470191727389e-01 5.101430005162034265e-01
3.990000000000000000e+02 1.007705994856567644e+00 6.468569513004024385e-01 9.993773147785683930e-01 5.207818470191727389e-01 5.101430005162034265e-01
