3.560000000000000000e+03 1.000000000000000000e+00 1.000000000000000000e+00 1.000000000000000000e+00 5.124628340874952670e-01 5.699134948393240752e-01
3.560000000000000000e+03 1.004950003552736337e+00 9.846191100527170725e-01 9.097805161843549593e-01 5.124628340874952670e-01 5.699134948393240752e-01
3.561000000000000000e+03 1.000000000000000000e+00 1.000000000000000000e+00 1.000000000000000000e+00 4.594580853721412783e-01 2.725696322993605980e-01
3.561000000000000000e+03 1.009900007105472453e+00 9.692382201054342561e-01 8.195610323687099186e-01 4.594580853721412783e-01 2.725696322993605980e-01
3.562000000000000000e+03 1.000000000000000000e+00 1.000000000000000000e+00 1.000000000000000000e+00 8.061888041312970099e-01 4.454185451019595510e-01
3.562000000000000000e+03 1.014850010658208568e+00 9.538573301581514396e-01 7.293415485530648779e-01 8.061888041312970099e-01 4.454185451019595510e-01
3.563000000000000000e+03 1.000000000000000000e+00 1.000000000000000000e+00 1.000000000000000000e+00 3.513280687300182614e-01 5.265023743576769943e-01
3.563000000000000000e+03 1.019800014210944905e+00 9.384764402108685122e-01 6.391220647374198371e-01 3.513280687300182614e-01 5.265023743576769943e-01
3.564000000000000000e+03 1.000000000000000000e+00 1.000000000000000000e+00 1.000000000000000000e+00 4.364946630257437454e-01 5.910579000961848628e-01
3.564000000000000000e+03 1.004950003552736337e+00 9.846191100527170725e-01 9.097805161843549593e-01 4.364946630257437454e-01 5.910579000961848628e-01
3.565000000000000000e+03 1.000000000000000000e+00 1.000000000000000000e+00 1.000000000000000000e+00 6.550316776662172824e-01 2.777059426927055430e-01
3.565000000000000000e+03 1.009900007105472453e+00 9.692382201054342561e-01 8.195610323687099186e-01 6.550316776662172824e-01 2.777059426927055430e-01
3.566000000000000000e+03 1.000000000000000000e+00 1.000000000000000000e+00 1.000000000000000000e+00 3.433240212982603401e-01 3.907314926797632038e-01
3.566000000000000000e+03 1.014850010658208568e+00 9.538573301581514396e-01 7.293415485530648779e-01 3.433240212982603401e-01 3.907314926797632038e-01
3.567000000000000000e+03 1.000000000000000000e+00 1.000000000000000000e+00 1.000000000000000000e+00 5.254398214906301767e-01 5.177421666282756574e-01
3.567000000000000000e+03 1.019800014210944905e+00 9.384764402108685122e-01 6.391220647374198371e-01 5.254398214906301767e-01 5.177421666282756574e-01
3.568000000000000000e+03 1.000000000000000000e+00 1.000000000000000000e+00 1.000000000000000000e+00 5.192516777968765318e-01 5.084278939329985869e-01
3.568000000000000000e+03 1.004950003552736337e+00 9.846191100527170725e-01 9.097805161843549593e-01 5.192516777968765318e-01 5.084278939329985869e-01
3.569000000000000000e+03 1.000000000000000000e+00 1.000000000000000000e+00 1.000000000000000000e+00 3.341779276752303018e-01 4.274073225176293622e-01
3.569000000000000000e+03 1.009900007105472453e+00 9.692382201054342561e-01 8.195610323687099186e-01 3.341779276752303018e-01 4.274073225176293622e-01
3.570000000000000000e+03 1.000000000000000000e+00 1.000000000000000000e+00 1.000000000000000000e+00 6.046750692570567187e-01 2.608927304112837464e-01
3.570000000000000000e+03 1.014850010658208568e+00 9.538573301581514396e-01 7.293415485530648779e-01 6.046750692570567187e-01 2.608927304112837464e-01
3.571000000000000000e+03 1.000000000000000000e+00 1.000000000000000000e+00 1.000000000000000000e+00 4.594897142923153877e-01 5.925368750608230872e-01
3.571000000000000000e+03 1.019800014210944905e+00 9.384764402108685122e-01 6.391220647374198371e-01 4.594897142923153877e-01 5.925368750608230872e-01
3.572000000000000000e+03 1.000000000000000000e+00 1.000000000000000000e+00 1.000000000000000000e+00 3.686683820397241851e-01 5.513557457162953090e-01
3.572000000000000000e+03 1.004950003552736337e+00 9.846191100527170725e-01 9.097805161843549593e-01 3.686683820397241851e-01 5.513557457162953090e-01
3.573000000000000000e+03 1.000000000000000000e+00 1.000000000000000000e+00 1.000000000000000000e+00 7.803438914132646564e-01 3.903746879529718661e-01
3.573000000000000000e+03 1.009900007105472453e+00 9.692382201054342561e-01 8.195610323687099186e-01 7.803438914132646564e-01 3.903746879529718661e-01
3.574000000000000000e+03 1.000000000000000000e+00 1.000000000000000000e+00 1.000000000000000000e+00 4.195094711183383063e-01 2.941622453132297643e-01
3.574000000000000000e+03 1.014850010658208568e+00 9.538573301581514396e-01 7.293415485530648779e-01 4.195094711183383063e-01 2.941622453132297643e-01
3.575000000000000000e+03 1.000000000000000000e+00 1.000000000000000000e+00 1.000000000000000000e+00 5.222209625509288689e-01 5.568254812337813942e-01
3.575000000000000000e+03 1.019800014210944905e+00 9.384764402108685122e-01 6.391220647374198371e-01 5.222209625509288689e-01 5.568254812337813942e-01
3.576000000000000000e+03 1.000000000000000000e+00 1.000000000000000000e+00 1.000000000000000000e+00 5.284183392014959457e-01 5.295749808312590901e-01
3.576000000000000000e+03 1.004950003552736337e+00 9.846191100527170725e-01 9.097805161843549593e-01 5.284183392014959457e-01 5.295749808312590901e-01
3.577000000000000000e+03 1.000000000000000000e+00 1.000000000000000000e+00 1.000000000000000000e+00 3.607230728277160958e-01 3.550544272784196265e-01
3.577000000000000000e+03 1.009900007105472453e+00 9.692382201054342561e-01 8.195610323687099186e-01 3.607230728277160958e-01 3.550544272784196265e-01
3.578000000000000000e+03 1.000000000000000000e+00 1.000000000000000000e+00 1.000000000000000000e+00 7.026308686667410708e-01 3.052937788423221721e-01
3.578000000000000000e+03 1.014850010658208568e+00 9.538573301581514396e-01 7.293415485530648779e-01 7.026308686667410708e-01 3.052937788423221721e-01
3.579000000000000000e+03 1.000000000000000000e+00 1.000000000000000000e+00 1.000000000000000000e+00 4.127397232235802127e-01 5.838476331868899249e-01
3.579000000000000000e+03 1.019800014210944905e+00 9.384764402108685122e-01 6.391220647374198371e-01 4.127397232235802127e-01 5.838476331868899249e-01
