8.400000000000000000e+02 1.000000000000000000e+00 1.000000000000000000e+00 1.000000000000000000e+00 5.147179314692050811e-01 5.674760061023012003e-01
8.400000000000000000e+02 1.000584294157689236e+00 9.166205400995079966e-01 9.921563453772815899e-01 5.147179314692050811e-01 5.674760061023012003e-01
8.410000000000000000e+02 1.000000000000000000e+00 1.000000000000000000e+00 1.000000000000000000e+00 4.511844173442202122e-01 2.761994910724581698e-01
8.410000000000000000e+02 1.001168588315378694e+00 8.332410801990159932e-01 9.843126907545631799e-01 4.511844173442202122e-01 2.761994910724581698e-01
8.420000000000000000e+02 1.000000000000000000e+00 1.000000000000000000e+00 1.000000000000000000e+00 8.019627603401622284e-01 4.341355917509328033e-01
8.420000000000000000e+02 1.001752882473068151e+00 7.498616202985241008e-01 9.764690361318447698e-01 8.019627603401622284e-01 4.341355917509328033e-01
8.430000000000000000e+02 1.000000000000000000e+00 1.000000000000000000e+00 1.000000000000000000e+00 3.543617424850784570e-01 5.317667570624924345e-01
8.430000000000000000e+02 1.002337176630757387e+00 6.664821603980320974e-01 9.686253815091263597e-01 3.543617424850784570e-01 5.317667570624924345e-01
8.440000000000000000e+02 1.000000000000000000e+00 1.000000000000000000e+00 1.000000000000000000e+00 4.410875487553960750e-01 5.917820897267117575e-01
8.440000000000000000e+02 1.000584294157689236e+00 9.166205400995079966e-01 9.921563453772815899e-01 4.410875487553960750e-01 5.917820897267117575e-01
8.450000000000000000e+02 1.000000000000000000e+00 1.000000000000000000e+00 1.000000000000000000e+00 6.453398868813866596e-01 2.735691138833844516e-01
8.450000000000000000e+02 1.001168588315378694e+00 8.332410801990159932e-01 9.843126907545631799e-01 6.453398868813866596e-01 2.735691138833844516e-01
8.460000000000000000e+02 1.000000000000000000e+00 1.000000000000000000e+00 1.000000000000000000e+00 3.408935120783364026e-01 3.978738309370046244e-01
8.460000000000000000e+02 1.001752882473068151e+00 7.498616202985241008e-01 9.764690361318447698e-01 3.408935120783364026e-01 3.978738309370046244e-01
8.470000000000000000e+02 1.000000000000000000e+00 1.000000000000000000e+00 1.000000000000000000e+00 5.244576915317598065e-01 5.156987334262125300e-01
8.470000000000000000e+02 1.002337176630757387e+00 6.664821603980320974e-01 9.686253815091263597e-01 5.244576915317598065e-01 5.156987334262125300e-01
8.480000000000000000e+02 1.000000000000000000e+00 1.000000000000000000e+00 1.000000000000000000e+00 5.281250979672414969e-01 5.271082601910020982e-01
8.480000000000000000e+02 1.000584294157689236e+00 9.166205400995079966e-01 9.921563453772815899e-01 5.281250979672414969e-01 5.271082601910020982e-01
8.490000000000000000e+02 1.000000000000000000e+00 1.000000000000000000e+00 1.000000000000000000e+00 3.566745007589374183e-01 3.618563060666533104e-01
8.490000000000000000e+02 1.001168588315378694e+00 8.332410801990159932e-01 9.843126907545631799e-01 3.566745007589374183e-01 3.618563060666533104e-01
8.500000000000000000e+02 1.000000000000000000e+00 1.000000000000000000e+00 1.000000000000000000e+00 6.936614108045190408e-01 2.990743001220268482e-01
8.500000000000000000e+02 1.001752882473068151e+00 7.498616202985241008e-01 9.764690361318447698e-01 6.936614108045190408e-01 2.990743001220268482e-01
8.510000000000000000e+02 1.000000000000000000e+00 1.000000000000000000e+00 1.000000000000000000e+00 4.173740229378256061e-01 5.857252986041520115e-01
8.510000000000000000e+02 1.002337176630757387e+00 6.664821603980320974e-01 9.686253815091263597e-01 4.173740229378256061e-01 5.857252986041520115e-01
8.520000000000000000e+02 1.000000000000000000e+00 1.000000000000000000e+00 1.000000000000000000e+00 3.409644480831018343e-01 5.029278204756421067e-01
8.520000000000000000e+02 1.000584294157689236e+00 9.166205400995079966e-01 9.921563453772815899e-01 3.409644480831018343e-01 5.029278204756421067e-01
8.530000000000000000e+02 1.000000000000000000e+00 1.000000000000000000e+00 1.000000000000000000e+00 8.190084450042298680e-01 4.941271027394290027e-01
8.530000000000000000e+02 1.001168588315378694e+00 8.332410801990159932e-01 9.843126907545631799e-01 8.190084450042298680e-01 4.941271027394290027e-01
8.540000000000000000e+02 1.000000000000000000e+00 1.000000000000000000e+00 1.000000000000000000e+00 4.955996411318934758e-01 2.609780015394359554e-01
8.540000000000000000e+02 1.001752882473068151e+00 7.498616202985241008e-01 9.764690361318447698e-01 4.955996411318934758e-01 2.609780015394359554e-01
8.550000000000000000e+02 1.000000000000000000e+00 1.000000000000000000e+00 1.000000000000000000e+00 5.014552820831776891e-01 5.790491053732322868e-01
8.550000000000000000e+02 1.002337176630757387e+00 6.664821603980320974e-01 9.686253815091263597e-01 5.014552820831776891e-01 5.790491053732322868e-01
8.560000000000000000e+02 1.000000000000000000e+00 1.000000000000000000e+00 1.000000000000000000e+00 5.236028043033834622e-01 5.541413569765866187e-01
8.560000000000000000e+02 1.000584294157689236e+00 9.166205400995079966e-01 9.921563453772815899e-01 5.236028043033834622e-01 5.541413569765866187e-01
8.570000000000000000e+02 1.000000000000000000e+00 1.000000000000000000e+00 1.000000000000000000e+00 4.124573237213129961e-01 2.991899934360465751e-01
8.570000000000000000e+02 1.001168588315378694e+00 8.332410801990159932e-01 9.843126907545631799e-01 4.124573237213129961e-01 2.991899934360465751e-01
8.580000000000000000e+02 1.000000000000000000e+00 1.000000000000000000e+00 1.000000000000000000e+00 7.741443313576368279e-01 3.804873877336612531e-01
8.580000000000000000e+02 1.001752882473068151e+00 7.498616202985241008e-01 9.764690361318447698e-01 7.741443313576368279e-01 3.804873877336612531e-01
8.590000000000000000e+02 1.000000000000000000e+00 1.000000000000000000e+00 1.000000000000000000e+00 3.725243182297299782e-01 5.555727402910353163e-01
8.590000000000000000e+02 1.002337176630757387e+00 6.664821603980320974e-01 9.686253815091263597e-01 3.725243182297299782e-01 5.555727402910353163e-01
