5.060000000000000000e+03 1.000000000000000000e+00 1.000000000000000000e+00 1.000000000000000000e+00 4.023736606951442973e-01 5.787509008220277362e-01
5.060000000000000000e+03 9.888184406044666641e-01 9.992843048695220221e-01 9.187299939517996616e-01 4.023736606951442973e-01 5.787509008220277362e-01
5.061000000000000000e+03 1.000000000000000000e+00 1.000000000000000000e+00 1.000000000000000000e+00 7.221599692620930266e-01 3.207932630624240611e-01
5.061000000000000000e+03 9.776368812089332172e-01 9.985686097390440441e-01 8.374599879035993233e-01 7.221599692620930266e-01 3.207932630624240611e-01
5.062000000000000000e+03 1.000000000000000000e+00 1.000000000000000000e+00 1.000000000000000000e+00 3.710211811201981624e-01 3.401068457165256076e-01
5.062000000000000000e+03 9.664553218133997703e-01 9.978529146085661772e-01 7.561899818553989849e-01 3.710211811201981624e-01 3.401068457165256076e-01
5.063000000000000000e+03 1.000000000000000000e+00 1.000000000000000000e+00 1.000000000000000000e+00 5.285229827642535794e-01 5.353595243262370129e-01
5.063000000000000000e+03 9.552737624178664344e-01 9.971372194780881992e-01 6.749199758071986466e-01 5.285229827642535794e-01 5.353595243262370129e-01
5.064000000000000000e+03 1.000000000000000000e+00 1.000000000000000000e+00 1.000000000000000000e+00 5.184643125900477711e-01 5.627703207489388459e-01
5.064000000000000000e+03 9.888184406044666641e-01 9.992843048695220221e-01 9.187299939517996616e-01 5.184643125900477711e-01 5.627703207489388459e-01
5.065000000000000000e+03 1.000000000000000000e+00 1.000000000000000000e+00 1.000000000000000000e+00 4.363835534584085130e-01 2.837328232584322985e-01
5.065000000000000000e+03 9.776368812089332172e-01 9.985686097390440441e-01 8.374599879035993233e-01 4.363835534584085130e-01 2.837328232584322985e-01
5.066000000000000000e+03 1.000000000000000000e+00 1.000000000000000000e+00 1.000000000000000000e+00 7.930156047378822404e-01 4.138074864826366550e-01
5.066000000000000000e+03 9.664553218133997703e-01 9.978529146085661772e-01 7.561899818553989849e-01 7.930156047378822404e-01 4.138074864826366550e-01
5.067000000000000000e+03 1.000000000000000000e+00 1.000000000000000000e+00 1.000000000000000000e+00 3.604812512547467263e-01 5.410403795658195181e-01
5.067000000000000000e+03 9.552737624178664344e-01 9.971372194780881992e-01 6.749199758071986466e-01 3.604812512547467263e-01 5.410403795658195181e-01
5.068000000000000000e+03 1.000000000000000000e+00 1.000000000000000000e+00 1.000000000000000000e+00 4.495180992682858423e-01 5.925580720675458490e-01
5.068000000000000000e+03 9.888184406044666641e-01 9.992843048695220221e-01 9.187299939517996616e-01 4.495180992682858423e-01 5.925580720675458490e-01
5.069000000000000000e+03 1.000000000000000000e+00 1.000000000000000000e+00 1.000000000000000000e+00 6.270931883927370887e-01 2.669758800670714027e-01
5.069000000000000000e+03 9.776368812089332172e-01 9.985686097390440441e-01 8.374599879035993233e-01 6.270931883927370887e-01 2.669758800670714027e-01
5.070000000000000000e+03 1.000000000000000000e+00 1.000000000000000000e+00 1.000000000000000000e+00 3.372089039997627768e-01 4.112124554377743491e-01
5.070000000000000000e+03 9.664553218133997703e-01 9.978529146085661772e-01 7.561899818553989849e-01 3.372089039997627768e-01 4.112124554377743491e-01
5.071000000000000000e+03 1.000000000000000000e+00 1.000000000000000000e+00 1.000000000000000000e+00 5.223250481348544749e-01 5.121762569012026090e-01
5.071000000000000000e+03 9.552737624178664344e-01 9.971372194780881992e-01 6.749199758071986466e-01 5.223250481348544749e-01 5.121762569012026090e-01
5.072000000000000000e+03 1.000000000000000000e+00 1.000000000000000000e+00 1.000000000000000000e+00 5.271969156753348873e-01 5.227066187288282872e-01
5.072000000000000000e+03 9.888184406044666641e-01 9.992843048695220221e-01 9.187299939517996616e-01 5.271969156753348873e-01 5.227066187288282872e-01
5.073000000000000000e+03 1.000000000000000000e+00 1.000000000000000000e+00 1.000000000000000000e+00 3.499821729617412780e-01 3.747505915101122520e-01
5.073000000000000000e+03 9.776368812089332172e-01 9.985686097390440441e-01 8.374599879035993233e-01 3.499821729617412780e-01 3.747505915101122520e-01
5.074000000000000000e+03 1.000000000000000000e+00 1.000000000000000000e+00 1.000000000000000000e+00 6.765208033704174229e-01 2.885717172802794162e-01
5.074000000000000000e+03 9.664553218133997703e-01 9.978529146085661772e-01 7.561899818553989849e-01 6.765208033704174229e-01 2.885717172802794162e-01
5.075000000000000000e+03 1.000000000000000000e+00 1.000000000000000000e+00 1.000000000000000000e+00 4.260219863906419824e-01 5.886073713567967491e-01
5.075000000000000000e+03 9.552737624178664344e-01 9.971372194780881992e-01 6.749199758071986466e-01 4.260219863906419824e-01 5.886073713567967491e-01
5.076000000000000000e+03 1.000000000000000000e+00 1.000000000000000000e+00 1.000000000000000000e+00 3.451957214440898314e-01 5.139292173912188844e-01
5.076000000000000000e+03 9.888184406044666641e-01 9.992843048695220221e-01 9.187299939517996616e-01 3.451957214440898314e-01 5.139292173912188844e-01
5.077000000000000000e+03 1.000000000000000000e+00 1.000000000000000000e+00 1.000000000000000000e+00 8.141604798539769927e-01 4.717319853143774333e-01
5.077000000000000000e+03 9.776368812089332172e-01 9.985686097390440441e-01 8.374599879035993233e-01 8.141604798539769927e-01 4.717319853143774333e-01
5.078000000000000000e+03 1.000000000000000000e+00 1.000000000000000000e+00 1.000000000000000000e+00 4.789013839615792745e-01 2.655176207950564193e-01
5.078000000000000000e+03 9.664553218133997703e-01 9.978529146085661772e-01 7.561899818553989849e-01 4.789013839615792745e-01 2.655176207950564193e-01
5.079000000000000000e+03 1.000000000000000000e+00 1.000000000000000000e+00 1.000000000000000000e+00 5.067598187440169877e-01 5.751261779068767011e-01
5.079000000000000000e+03 9.552737624178664344e-01 9.971372194780881992e-01 6.749199758071986466e-01 5.067598187440169877e-01 5.751261779068767011e-01
