3.720000000000000000e+03 1.000000000000000000e+00 1.000000000000000000e+00 1.000000000000000000e+00 5.193709511069727336e-01 5.614733403637455211e-01
3.720000000000000000e+03 9.015181632972033565e-01 9.999420107506767907e-01 1.002088915727994856e+00 5.193709511069727336e-01 5.614733403637455211e-01
3.721000000000000000e+03 1.000000000000000000e+00 1.000000000000000000e+00 1.000000000000000000e+00 4.325421302662634804e-01 2.859237492544960957e-01
3.721000000000000000e+03 8.030363265944068241e-01 9.998840215013535815e-01 1.004177831455989489e+00 4.325421302662634804e-01 2.859237492544960957e-01
3.722000000000000000e+03 1.000000000000000000e+00 1.000000000000000000e+00 1.000000000000000000e+00 7.903777059363831237e-01 4.084986709528815596e-01
3.722000000000000000e+03 7.045544898916102916e-01 9.998260322520303722e-01 1.006266747183984123e+00 7.903777059363831237e-01 4.084986709528815596e-01
3.723000000000000000e+03 1.000000000000000000e+00 1.000000000000000000e+00 1.000000000000000000e+00 3.622252044453753150e-01 5.434144104203546544e-01
3.723000000000000000e+03 6.060726531888136481e-01 9.997680430027071630e-01 1.008355662911978978e+00 3.622252044453753150e-01 5.434144104203546544e-01
3.724000000000000000e+03 1.000000000000000000e+00 1.000000000000000000e+00 1.000000000000000000e+00 4.517531234242818661e-01 5.926428314709403233e-01
3.724000000000000000e+03 9.015181632972033565e-01 9.999420107506767907e-01 1.002088915727994856e+00 4.517531234242818661e-01 5.926428314709403233e-01
3.725000000000000000e+03 1.000000000000000000e+00 1.000000000000000000e+00 1.000000000000000000e+00 6.221508430881121932e-01 2.654480295219649455e-01
3.725000000000000000e+03 8.030363265944068241e-01 9.998840215013535815e-01 1.004177831455989489e+00 6.221508430881121932e-01 2.654480295219649455e-01
3.726000000000000000e+03 1.000000000000000000e+00 1.000000000000000000e+00 1.000000000000000000e+00 3.364025990255123388e-01 4.148011401680848365e-01
3.726000000000000000e+03 7.045544898916102916e-01 9.998260322520303722e-01 1.006266747183984123e+00 3.364025990255123388e-01 4.148011401680848365e-01
3.727000000000000000e+03 1.000000000000000000e+00 1.000000000000000000e+00 1.000000000000000000e+00 5.216882619673929300e-01 5.112948933195211598e-01
3.727000000000000000e+03 6.060726531888136481e-01 9.997680430027071630e-01 1.008355662911978978e+00 5.216882619673929300e-01 5.112948933195211598e-01
3.728000000000000000e+03 1.000000000000000000e+00 1.000000000000000000e+00 1.000000000000000000e+00 5.268657815995351212e-01 5.215695990067433785e-01
3.728000000000000000e+03 9.015181632972033565e-01 9.999420107506767907e-01 1.002088915727994856e+00 5.268657815995351212e-01 5.215695990067433785e-01
3.729000000000000000e+03 1.000000000000000000e+00 1.000000000000000000e+00 1.000000000000000000e+00 3.483697723327825457e-01 3.782613788485616468e-01
3.729000000000000000e+03 8.030363265944068241e-01 9.998840215013535815e-01 1.004177831455989489e+00 3.483697723327825457e-01 3.782613788485616468e-01
3.730000000000000000e+03 1.000000000000000000e+00 1.000000000000000000e+00 1.000000000000000000e+00 6.718231322237857572e-01 2.859875492989413792e-01
3.730000000000000000e+03 7.045544898916102916e-01 9.998260322520303722e-01 1.006266747183984123e+00 6.718231322237857572e-01 2.859875492989413792e-01
3.731000000000000000e+03 1.000000000000000000e+00 1.000000000000000000e+00 1.000000000000000000e+00 4.283458899209091064e-01 5.892480046333762322e-01
3.731000000000000000e+03 6.060726531888136481e-01 9.997680430027071630e-01 1.008355662911978978e+00 4.283458899209091064e-01 5.892480046333762322e-01
3.732000000000000000e+03 1.000000000000000000e+00 1.000000000000000000e+00 1.000000000000000000e+00 3.464620284073635648e-01 5.167886599073417964e-01
3.732000000000000000e+03 9.015181632972033565e-01 9.999420107506767907e-01 1.002088915727994856e+00 3.464620284073635648e-01 5.167886599073417964e-01
3.733000000000000000e+03 1.000000000000000000e+00 1.000000000000000000e+00 1.000000000000000000e+00 8.125899522814171716e-01 4.658197490505559535e-01
3.733000000000000000e+03 8.030363265944068241e-01 9.998840215013535815e-01 1.004177831455989489e+00 8.125899522814171716e-01 4.658197490505559535e-01
3.734000000000000000e+03 1.000000000000000000e+00 1.000000000000000000e+00 1.000000000000000000e+00 4.745155445716070508e-01 2.669360380629731688e-01
3.734000000000000000e+03 7.045544898916102916e-01 9.998260322520303722e-01 1.006266747183984123e+00 4.745155445716070508e-01 2.669360380629731688e-01
3.735000000000000000e+03 1.000000000000000000e+00 1.000000000000000000e+00 1.000000000000000000e+00 5.080928643862907546e-01 5.740119812482460393e-01
3.735000000000000000e+03 6.060726531888136481e-01 9.997680430027071630e-01 1.008355662911978978e+00 5.080928643862907546e-01 5.740119812482460393e-01
3.736000000000000000e+03 1.000000000000000000e+00 1.000000000000000000e+00 1.000000000000000000e+00 5.261832041740962529e-01 5.477449750386699234e-01
3.736000000000000000e+03 9.015181632972033565e-01 9.999420107506767907e-01 1.002088915727994856e+00 5.261832041740962529e-01 5.477449750386699234e-01
3.737000000000000000e+03 1.000000000000000000e+00 1.000000000000000000e+00 1.000000000000000000e+00 3.968825029298501672e-01 3.119656291518668745e-01
3.737000000000000000e+03 8.030363265944068241e-01 9.998840215013535815e-01 1.004177831455989489e+00 3.968825029298501672e-01 3.119656291518668745e-01
3.738000000000000000e+03 1.000000000000000000e+00 1.000000000000000000e+00 1.000000000000000000e+00 7.581790687528647821e-01 3.584153564818234328e-01
3.738000000000000000e+03 7.045544898916102916e-01 9.998260322520303722e-01 1.006266747183984123e+00 7.581790687528647821e-01 3.584153564818234328e-01
3.739000000000000000e+03 1.000000000000000000e+00 1.000000000000000000e+00 1.000000000000000000e+00 3.821103270565984755e-01 5.646503506221229873e-01
3.739000000000000000e+03 6.060726531888136481e-01 9.997680430027071630e-01 1.008355662911978978e+00 3.821103270565984755e-01 5.646503506221229873e-01
