4.000000000000000000e+03 1.000000000000000000e+00 1.000000000000000000e+00 1.000000000000000000e+00 5.165414757333164353e-01 5.059472732474411538e-01
4.000000000000000000e+03 1.018327658493792143e+00 9.086379395877988152e-01 9.936993056022472848e-01 5.165414757333164353e-01 5.059472732474411538e-01
4.001000000000000000e+03 1.000000000000000000e+00 1.000000000000000000e+00 1.000000000000000000e+00 3.328943362585412569e-01 4.399193240380723235e-01
4.001000000000000000e+03 1.036655316987584508e+00 8.172758791755975194e-01 9.873986112044945695e-01 3.328943362585412569e-01 4.399193240380723235e-01
4.002000000000000000e+03 1.000000000000000000e+00 1.000000000000000000e+00 1.000000000000000000e+00 5.871473773191709933e-01 2.576122422544701585e-01
4.002000000000000000e+03 1.054982975481376872e+00 7.259138187633962236e-01 9.810979168067418543e-01 5.871473773191709933e-01 2.576122422544701585e-01
4.003000000000000000e+03 1.000000000000000000e+00 1.000000000000000000e+00 1.000000000000000000e+00 4.669860253953155294e-01 5.918235697373875892e-01
4.003000000000000000e+03 1.073310633975169015e+00 6.345517583511950388e-01 9.747972224089891391e-01 4.669860253953155294e-01 5.918235697373875892e-01
4.004000000000000000e+03 1.000000000000000000e+00 1.000000000000000000e+00 1.000000000000000000e+00 3.755407622259147038e-01 5.586313790662417178e-01
4.004000000000000000e+03 1.018327658493792143e+00 9.086379395877988152e-01 9.936993056022472848e-01 3.755407622259147038e-01 5.586313790662417178e-01
4.005000000000000000e+03 1.000000000000000000e+00 1.000000000000000000e+00 1.000000000000000000e+00 7.692022922666046369e-01 3.731817587374702261e-01
4.005000000000000000e+03 1.036655316987584508e+00 8.172758791755975194e-01 9.873986112044945695e-01 7.692022922666046369e-01 3.731817587374702261e-01
4.006000000000000000e+03 1.000000000000000000e+00 1.000000000000000000e+00 1.000000000000000000e+00 4.072751898356142264e-01 3.031692349796550334e-01
4.006000000000000000e+03 1.054982975481376872e+00 7.259138187633962236e-01 9.810979168067418543e-01 4.072751898356142264e-01 3.031692349796550334e-01
4.007000000000000000e+03 1.000000000000000000e+00 1.000000000000000000e+00 1.000000000000000000e+00 5.245379479680977175e-01 5.520877105278255703e-01
4.007000000000000000e+03 1.073310633975169015e+00 6.345517583511950388e-01 9.747972224089891391e-01 5.245379479680977175e-01 5.520877105278255703e-01
4.008000000000000000e+03 1.000000000000000000e+00 1.000000000000000000e+00 1.000000000000000000e+00 5.036877137318640507e-01 5.774904268019440678e-01
4.008000000000000000e+03 1.018327658493792143e+00 9.086379395877988152e-01 9.936993056022472848e-01 5.036877137318640507e-01 5.774904268019440678e-01
4.009000000000000000e+03 1.000000000000000000e+00 1.000000000000000000e+00 1.000000000000000000e+00 4.887066088030224131e-01 2.626904452117705957e-01
4.009000000000000000e+03 1.036655316987584508e+00 8.172758791755975194e-01 9.873986112044945695e-01 4.887066088030224131e-01 2.626904452117705957e-01
4.010000000000000000e+03 1.000000000000000000e+00 1.000000000000000000e+00 1.000000000000000000e+00 8.172191187813721003e-01 4.849037700704657006e-01
4.010000000000000000e+03 1.054982975481376872e+00 7.259138187633962236e-01 9.810979168067418543e-01 8.172191187813721003e-01 4.849037700704657006e-01
4.011000000000000000e+03 1.000000000000000000e+00 1.000000000000000000e+00 1.000000000000000000e+00 3.426000092049132917e-01 5.074905524644208743e-01
4.011000000000000000e+03 1.073310633975169015e+00 6.345517583511950388e-01 9.747972224089891391e-01 3.426000092049132917e-01 5.074905524644208743e-01
4.012000000000000000e+03 1.000000000000000000e+00 1.000000000000000000e+00 1.000000000000000000e+00 4.209058103553505736e-01 5.869984174739509841e-01
4.012000000000000000e+03 1.018327658493792143e+00 9.086379395877988152e-01 9.936993056022472848e-01 4.209058103553505736e-01 5.869984174739509841e-01
4.013000000000000000e+03 1.000000000000000000e+00 1.000000000000000000e+00 1.000000000000000000e+00 6.867253526959731236e-01 2.946143672525265433e-01
4.013000000000000000e+03 1.036655316987584508e+00 8.172758791755975194e-01 9.873986112044945695e-01 6.867253526959731236e-01 2.946143672525265433e-01
4.014000000000000000e+03 1.000000000000000000e+00 1.000000000000000000e+00 1.000000000000000000e+00 3.538079748892877241e-01 3.670902288296887250e-01
4.014000000000000000e+03 1.054982975481376872e+00 7.259138187633962236e-01 9.810979168067418543e-01 3.538079748892877241e-01 3.670902288296887250e-01
4.015000000000000000e+03 1.000000000000000000e+00 1.000000000000000000e+00 1.000000000000000000e+00 5.278048098371896923e-01 5.252786081189876333e-01
4.015000000000000000e+03 1.073310633975169015e+00 6.345517583511950388e-01 9.747972224089891391e-01 5.278048098371896923e-01 5.252786081189876333e-01
4.016000000000000000e+03 1.000000000000000000e+00 1.000000000000000000e+00 1.000000000000000000e+00 5.236327702366010417e-01 5.142142586672554527e-01
4.016000000000000000e+03 1.018327658493792143e+00 9.086379395877988152e-01 9.936993056022472848e-01 5.236327702366010417e-01 5.142142586672554527e-01
4.017000000000000000e+03 1.000000000000000000e+00 1.000000000000000000e+00 1.000000000000000000e+00 3.392569933765463563e-01 4.033188808496304123e-01
4.017000000000000000e+03 1.036655316987584508e+00 8.172758791755975194e-01 9.873986112044945695e-01 3.392569933765463563e-01 4.033188808496304123e-01
4.018000000000000000e+03 1.000000000000000000e+00 1.000000000000000000e+00 1.000000000000000000e+00 6.379145493919265997e-01 2.707018751831200554e-01
4.018000000000000000e+03 1.054982975481376872e+00 7.259138187633962236e-01 9.810979168067418543e-01 6.379145493919265997e-01 2.707018751831200554e-01
4.019000000000000000e+03 1.000000000000000000e+00 1.000000000000000000e+00 1.000000000000000000e+00 4.445523110911874243e-01 5.921878884300273427e-01
4.019000000000000000e+03 1.073310633975169015e+00 6.345517583511950388e-01 9.747972224089891391e-01 4.445523110911874243e-01 5.921878884300273427e-01
