1.440000000000000000e+03 1.000000000000000000e+00 1.000000000000000000e+00 1.000000000000000000e+00 5.173682833590791397e-01 5.066385444354341017e-01
1.440000000000000000e+03 9.083179909037095712e-01 1.004323564797872770e+00 9.810668737637552317e-01 5.173682833590791397e-01 5.066385444354341017e-01
1.441000000000000000e+03 1.000000000000000000e+00 1.000000000000000000e+00 1.000000000000000000e+00 3.331769085762393834e-01 4.362365017672170664e-01
1.441000000000000000e+03 8.166359818074191423e-01 1.008647129595745762e+00 9.621337475275104634e-01 3.331769085762393834e-01 4.362365017672170664e-01
1.442000000000000000e+03 1.000000000000000000e+00 1.000000000000000000e+00 1.000000000000000000e+00 5.923259751314573496e-01 2.584495045438987004e-01
1.442000000000000000e+03 7.249539727111286025e-01 1.012970694393618754e+00 9.432006212912656951e-01 5.923259751314573496e-01 2.584495045438987004e-01
1.443000000000000000e+03 1.000000000000000000e+00 1.000000000000000000e+00 1.000000000000000000e+00 4.647989786658915379e-01 5.920956873914199337e-01
1.443000000000000000e+03 6.332719636148381737e-01 1.017294259191491523e+00 9.242674950550209267e-01 4.647989786658915379e-01 5.920956873914199337e-01
1.444000000000000000e+03 1.000000000000000000e+00 1.000000000000000000e+00 1.000000000000000000e+00 3.734691464203141464e-01 5.565523706970680884e-01
1.444000000000000000e+03 9.083179909037095712e-01 1.004323564797872770e+00 9.810668737637552317e-01 3.734691464203141464e-01 5.565523706970680884e-01
1.445000000000000000e+03 1.000000000000000000e+00 1.000000000000000000e+00 1.000000000000000000e+00 7.726048040482295098e-01 3.781605632445352860e-01
1.445000000000000000e+03 8.166359818074191423e-01 1.008647129595745762e+00 9.621337475275104634e-01 7.726048040482295098e-01 3.781605632445352860e-01
1.446000000000000000e+03 1.000000000000000000e+00 1.000000000000000000e+00 1.000000000000000000e+00 4.108040962737335988e-01 3.004321711860423183e-01
1.446000000000000000e+03 7.249539727111286025e-01 1.012970694393618754e+00 9.432006212912656951e-01 4.108040962737335988e-01 3.004321711860423183e-01
1.447000000000000000e+03 1.000000000000000000e+00 1.000000000000000000e+00 1.000000000000000000e+00 5.239088376678698866e-01 5.534938783454139699e-01
1.447000000000000000e+03 6.332719636148381737e-01 1.017294259191491523e+00 9.242674950550209267e-01 5.239088376678698866e-01 5.534938783454139699e-01
1.448000000000000000e+03 1.000000000000000000e+00 1.000000000000000000e+00 1.000000000000000000e+00 5.021698277073155525e-01 5.785637918304804561e-01
1.448000000000000000e+03 9.083179909037095712e-01 1.004323564797872770e+00 9.810668737637552317e-01 5.021698277073155525e-01 5.785637918304804561e-01
1.449000000000000000e+03 1.000000000000000000e+00 1.000000000000000000e+00 1.000000000000000000e+00 4.934128689680498114e-01 2.614971965702909684e-01
1.449000000000000000e+03 8.166359818074191423e-01 1.008647129595745762e+00 9.621337475275104634e-01 4.934128689680498114e-01 2.614971965702909684e-01
1.450000000000000000e+03 1.000000000000000000e+00 1.000000000000000000e+00 1.000000000000000000e+00 8.184723092293233471e-01 4.912042173057324934e-01
1.450000000000000000e+03 7.249539727111286025e-01 1.012970694393618754e+00 9.432006212912656951e-01 8.184723092293233471e-01 4.912042173057324934e-01
1.451000000000000000e+03 1.000000000000000000e+00 1.000000000000000000e+00 1.000000000000000000e+00 3.414667023699052839e-01 5.043784793696328705e-01
1.451000000000000000e+03 6.332719636148381737e-01 1.017294259191491523e+00 9.242674950550209267e-01 3.414667023699052839e-01 5.043784793696328705e-01
1.452000000000000000e+03 1.000000000000000000e+00 1.000000000000000000e+00 1.000000000000000000e+00 4.184886962911179564e-01 5.861416560482841653e-01
1.452000000000000000e+03 9.083179909037095712e-01 1.004323564797872770e+00 9.810668737637552317e-01 4.184886962911179564e-01 5.861416560482841653e-01
1.453000000000000000e+03 1.000000000000000000e+00 1.000000000000000000e+00 1.000000000000000000e+00 6.914817582515634387e-01 2.976408791382203489e-01
1.453000000000000000e+03 8.166359818074191423e-01 1.008647129595745762e+00 9.621337475275104634e-01 6.914817582515634387e-01 2.976408791382203489e-01
1.454000000000000000e+03 1.000000000000000000e+00 1.000000000000000000e+00 1.000000000000000000e+00 3.557496115449682028e-01 3.635034690197772034e-01
1.454000000000000000e+03 7.249539727111286025e-01 1.012970694393618754e+00 9.432006212912656951e-01 3.557496115449682028e-01 3.635034690197772034e-01
1.455000000000000000e+03 1.000000000000000000e+00 1.000000000000000000e+00 1.000000000000000000e+00 5.280329236415365335e-01 5.265260764375413460e-01
1.455000000000000000e+03 6.332719636148381737e-01 1.017294259191491523e+00 9.242674950550209267e-01 5.280329236415365335e-01 5.265260764375413460e-01
1.456000000000000000e+03 1.000000000000000000e+00 1.000000000000000000e+00 1.000000000000000000e+00 5.242043502805705524e-01 5.152234019377386343e-01
1.456000000000000000e+03 9.083179909037095712e-01 1.004323564797872770e+00 9.810668737637552317e-01 5.242043502805705524e-01 5.152234019377386343e-01
1.457000000000000000e+03 1.000000000000000000e+00 1.000000000000000000e+00 1.000000000000000000e+00 3.403570995155811296e-01 3.995920976019097237e-01
1.457000000000000000e+03 8.166359818074191423e-01 1.008647129595745762e+00 9.621337475275104634e-01 3.403570995155811296e-01 3.995920976019097237e-01
1.458000000000000000e+03 1.000000000000000000e+00 1.000000000000000000e+00 1.000000000000000000e+00 6.430001526282661528e-01 2.726378244136569151e-01
1.458000000000000000e+03 7.249539727111286025e-01 1.012970694393618754e+00 9.432006212912656951e-01 6.430001526282661528e-01 2.726378244136569151e-01
1.459000000000000000e+03 1.000000000000000000e+00 1.000000000000000000e+00 1.000000000000000000e+00 4.421843478320855447e-01 5.919236253824947669e-01
1.459000000000000000e+03 6.332719636148381737e-01 1.017294259191491523e+00 9.242674950550209267e-01 4.421843478320855447e-01 5.919236253824947669e-01
