1.740000000000000000e+03 1.000000000000000000e+00 1.000000000000000000e+00 1.000000000000000000e+00 4.458222106154013931e-01 5.923063140525097747e-01
1.740000000000000000e+03 1.012140127946928425e+00 9.139294912397391002e-01 1.009148201685684532e+00 4.458222106154013931e-01 5.923063140525097747e-01
1.741000000000000000e+03 1.000000000000000000e+00 1.000000000000000000e+00 1.000000000000000000e+00 6.351676526398234435e-01 2.697058529697236584e-01
1.741000000000000000e+03 1.024280255893856850e+00 8.278589824794782004e-01 1.018296403371369063e+00 6.351676526398234435e-01 2.697058529697236584e-01
1.742000000000000000e+03 1.000000000000000000e+00 1.000000000000000000e+00 1.000000000000000000e+00 3.386997694586069141e-01 4.053272789877889748e-01
1.742000000000000000e+03 1.036420383840785053e+00 7.417884737192174116e-01 1.027444605057053817e+00 3.386997694586069141e-01 4.053272789877889748e-01
1.743000000000000000e+03 1.000000000000000000e+00 1.000000000000000000e+00 1.000000000000000000e+00 5.233123975636265746e-01 5.136828577569861887e-01
1.743000000000000000e+03 1.048560511787713478e+00 6.557179649589565118e-01 1.036592806742738349e+00 5.233123975636265746e-01 5.136828577569861887e-01
1.744000000000000000e+03 1.000000000000000000e+00 1.000000000000000000e+00 1.000000000000000000e+00 5.276660693152035453e-01 5.246150784115926058e-01
1.744000000000000000e+03 1.012140127946928425e+00 9.139294912397391002e-01 1.009148201685684532e+00 5.276660693152035453e-01 5.246150784115926058e-01
1.745000000000000000e+03 1.000000000000000000e+00 1.000000000000000000e+00 1.000000000000000000e+00 3.527978337279676357e-01 3.690311650758721917e-01
1.745000000000000000e+03 1.024280255893856850e+00 8.278589824794782004e-01 1.018296403371369063e+00 3.527978337279676357e-01 3.690311650758721917e-01
1.746000000000000000e+03 1.000000000000000000e+00 1.000000000000000000e+00 1.000000000000000000e+00 6.841457131803954095e-01 2.930297852495531985e-01
1.746000000000000000e+03 1.036420383840785053e+00 7.417884737192174116e-01 1.027444605057053817e+00 6.841457131803954095e-01 2.930297852495531985e-01
1.747000000000000000e+03 1.000000000000000000e+00 1.000000000000000000e+00 1.000000000000000000e+00 4.222080433321397930e-01 5.874341177936179825e-01
1.747000000000000000e+03 1.048560511787713478e+00 6.557179649589565118e-01 1.036592806742738349e+00 4.222080433321397930e-01 5.874341177936179825e-01
1.748000000000000000e+03 1.000000000000000000e+00 1.000000000000000000e+00 1.000000000000000000e+00 3.432354605220996335e-01 5.091483680973341031e-01
1.748000000000000000e+03 1.012140127946928425e+00 9.139294912397391002e-01 1.009148201685684532e+00 3.432354605220996335e-01 5.091483680973341031e-01
1.749000000000000000e+03 1.000000000000000000e+00 1.000000000000000000e+00 1.000000000000000000e+00 8.164927866673231671e-01 4.815303095825961832e-01
1.749000000000000000e+03 1.024280255893856850e+00 8.278589824794782004e-01 1.018296403371369063e+00 8.164927866673231671e-01 4.815303095825961832e-01
1.750000000000000000e+03 1.000000000000000000e+00 1.000000000000000000e+00 1.000000000000000000e+00 4.861909707426310678e-01 2.633713369273882332e-01
1.750000000000000000e+03 1.036420383840785053e+00 7.417884737192174116e-01 1.027444605057053817e+00 4.861909707426310678e-01 2.633713369273882332e-01
1.751000000000000000e+03 1.000000000000000000e+00 1.000000000000000000e+00 1.000000000000000000e+00 5.044877069372991629e-01 5.769004158831889661e-01
1.751000000000000000e+03 1.048560511787713478e+00 6.557179649589565118e-01 1.036592806742738349e+00 5.044877069372991629e-01 5.769004158831889661e-01
1.752000000000000000e+03 1.000000000000000000e+00 1.000000000000000000e+00 1.000000000000000000e+00 5.248574740893161561e-01 5.513290313415466493e-01
1.752000000000000000e+03 1.012140127946928425e+00 9.139294912397391002e-01 1.009148201685684532e+00 5.248574740893161561e-01 5.513290313415466493e-01
1.753000000000000000e+03 1.000000000000000000e+00 1.000000000000000000e+00 1.000000000000000000e+00 4.054053931231228480e-01 3.046684259358677371e-01
1.753000000000000000e+03 1.024280255893856850e+00 8.278589824794782004e-01 1.018296403371369063e+00 4.054053931231228480e-01 3.046684259358677371e-01
1.754000000000000000e+03 1.000000000000000000e+00 1.000000000000000000e+00 1.000000000000000000e+00 7.673328454254250142e-01 3.705368267293424056e-01
1.754000000000000000e+03 1.036420383840785053e+00 7.417884737192174116e-01 1.027444605057053817e+00 7.673328454254250142e-01 3.705368267293424056e-01
1.755000000000000000e+03 1.000000000000000000e+00 1.000000000000000000e+00 1.000000000000000000e+00 3.766696972971605439e-01 5.597260404830965985e-01
1.755000000000000000e+03 1.048560511787713478e+00 6.557179649589565118e-01 1.036592806742738349e+00 3.766696972971605439e-01 5.597260404830965985e-01
1.756000000000000000e+03 1.000000000000000000e+00 1.000000000000000000e+00 1.000000000000000000e+00 4.681533886152161594e-01 5.916561881155280034e-01
1.756000000000000000e+03 1.012140127946928425e+00 9.139294912397391002e-01 1.009148201685684532e+00 4.681533886152161594e-01 5.916561881155280034e-01
1.757000000000000000e+03 1.000000000000000000e+00 1.000000000000000000e+00 1.000000000000000000e+00 5.843601863574384714e-01 2.572070379226351067e-01
1.757000000000000000e+03 1.024280255893856850e+00 8.278589824794782004e-01 1.018296403371369063e+00 5.843601863574384714e-01 2.572070379226351067e-01
1.758000000000000000e+03 1.000000000000000000e+00 1.000000000000000000e+00 1.000000000000000000e+00 3.327754249035536072e-01 4.418966011288887885e-01
1.758000000000000000e+03 1.036420383840785053e+00 7.417884737192174116e-01 1.027444605057053817e+00 3.327754249035536072e-01 4.418966011288887885e-01
1.759000000000000000e+03 1.000000000000000000e+00 1.000000000000000000e+00 1.000000000000000000e+00 5.160878011346096139e-01 5.055898238984564141e-01
1.759000000000000000e+03 1.048560511787713478e+00 6.557179649589565118e-01 1.036592806742738349e+00 5.160878011346096139e-01 5.055898238984564141e-01
