1.520000000000000000e+03 1.000000000000000000e+00 1.000000000000000000e+00 1.000000000000000000e+00 5.193102463549869041e-01 5.084888559165658961e-01
1.520000000000000000e+03 9.129393728564356714e-01 1.012105442611223260e+00 1.000425970505831597e+00 5.193102463549869041e-01 5.084888559165658961e-01
1.521000000000000000e+03 1.000000000000000000e+00 1.000000000000000000e+00 1.000000000000000000e+00 3.342179590708902470e-01 4.271215999459271884e-01
1.521000000000000000e+03 8.258787457128713427e-01 1.024210885222446521e+00 1.000851941011663193e+00 3.342179590708902470e-01 4.271215999459271884e-01
1.522000000000000000e+03 1.000000000000000000e+00 1.000000000000000000e+00 1.000000000000000000e+00 6.050731721228262971e-01 2.609820617838287671e-01
1.522000000000000000e+03 7.388181185693069031e-01 1.036316327833670003e+00 1.001277911517494568e+00 6.050731721228262971e-01 2.609820617838287671e-01
1.523000000000000000e+03 1.000000000000000000e+00 1.000000000000000000e+00 1.000000000000000000e+00 4.593163720146806739e-01 5.925461436420482730e-01
1.523000000000000000e+03 6.517574914257425744e-01 1.048421770444893264e+00 1.001703882023326164e+00 4.593163720146806739e-01 5.925461436420482730e-01
1.524000000000000000e+03 1.000000000000000000e+00 1.000000000000000000e+00 1.000000000000000000e+00 3.685169544030865163e-01 5.511825654849624723e-01
1.524000000000000000e+03 9.129393728564356714e-01 1.012105442611223260e+00 1.000425970505831597e+00 3.685169544030865163e-01 5.511825654849624723e-01
1.525000000000000000e+03 1.000000000000000000e+00 1.000000000000000000e+00 1.000000000000000000e+00 7.805845280899803562e-01 3.907765186162539539e-01
1.525000000000000000e+03 8.258787457128713427e-01 1.024210885222446521e+00 1.000851941011663193e+00 7.805845280899803562e-01 3.907765186162539539e-01
1.526000000000000000e+03 1.000000000000000000e+00 1.000000000000000000e+00 1.000000000000000000e+00 4.197969765656457408e-01 2.939662131565530800e-01
1.526000000000000000e+03 7.388181185693069031e-01 1.036316327833670003e+00 1.001277911517494568e+00 4.197969765656457408e-01 2.939662131565530800e-01
1.527000000000000000e+03 1.000000000000000000e+00 1.000000000000000000e+00 1.000000000000000000e+00 5.221621075355706854e-01 5.569323043503799919e-01
1.527000000000000000e+03 6.517574914257425744e-01 1.048421770444893264e+00 1.001703882023326164e+00 5.221621075355706854e-01 5.569323043503799919e-01
1.528000000000000000e+03 1.000000000000000000e+00 1.000000000000000000e+00 1.000000000000000000e+00 5.284269820234021031e-01 5.296749554692786743e-01
1.528000000000000000e+03 9.129393728564356714e-01 1.012105442611223260e+00 1.000425970505831597e+00 5.284269820234021031e-01 5.296749554692786743e-01
1.529000000000000000e+03 1.000000000000000000e+00 1.000000000000000000e+00 1.000000000000000000e+00 3.608915366383326218e-01 3.547845335020468616e-01
1.529000000000000000e+03 8.258787457128713427e-01 1.024210885222446521e+00 1.000851941011663193e+00 3.608915366383326218e-01 3.547845335020468616e-01
1.530000000000000000e+03 1.000000000000000000e+00 1.000000000000000000e+00 1.000000000000000000e+00 7.029857220122902595e-01 3.055507959691998732e-01
1.530000000000000000e+03 7.388181185693069031e-01 1.036316327833670003e+00 1.001277911517494568e+00 7.029857220122902595e-01 3.055507959691998732e-01
1.531000000000000000e+03 1.000000000000000000e+00 1.000000000000000000e+00 1.000000000000000000e+00 4.125547890163840936e-01 5.837677226925347407e-01
1.531000000000000000e+03 6.517574914257425744e-01 1.048421770444893264e+00 1.001703882023326164e+00 4.125547890163840936e-01 5.837677226925347407e-01
1.532000000000000000e+03 1.000000000000000000e+00 1.000000000000000000e+00 1.000000000000000000e+00 4.982585863026611217e-01 5.810750502152001173e-01
1.532000000000000000e+03 9.129393728564356714e-01 1.012105442611223260e+00 1.000425970505831597e+00 4.982585863026611217e-01 5.810750502152001173e-01
1.533000000000000000e+03 1.000000000000000000e+00 1.000000000000000000e+00 1.000000000000000000e+00 5.051772665414138164e-01 2.589618449286054114e-01
1.533000000000000000e+03 8.258787457128713427e-01 1.024210885222446521e+00 1.000851941011663193e+00 5.051772665414138164e-01 2.589618449286054114e-01
1.534000000000000000e+03 1.000000000000000000e+00 1.000000000000000000e+00 1.000000000000000000e+00 3.389433973567026470e-01 4.965406598806236249e-01
1.534000000000000000e+03 7.388181185693069031e-01 1.036316327833670003e+00 1.001277911517494568e+00 3.389433973567026470e-01 4.965406598806236249e-01
1.535000000000000000e+03 1.000000000000000000e+00 1.000000000000000000e+00 1.000000000000000000e+00 5.010934977871028817e-01 5.000234872753013260e-01
1.535000000000000000e+03 6.517574914257425744e-01 1.048421770444893264e+00 1.001703882023326164e+00 5.010934977871028817e-01 5.000234872753013260e-01
1.536000000000000000e+03 1.000000000000000000e+00 1.000000000000000000e+00 1.000000000000000000e+00 5.007811580839486298e-01 5.000119837549101831e-01
1.536000000000000000e+03 9.129393728564356714e-01 1.012105442611223260e+00 1.000425970505831597e+00 5.007811580839486298e-01 5.000119837549101831e-01
1.537000000000000000e+03 1.000000000000000000e+00 1.000000000000000000e+00 1.000000000000000000e+00 3.392376663233773737e-01 4.975337432394917880e-01
1.537000000000000000e+03 8.258787457128713427e-01 1.024210885222446521e+00 1.000851941011663193e+00 3.392376663233773737e-01 4.975337432394917880e-01
1.538000000000000000e+03 1.000000000000000000e+00 1.000000000000000000e+00 1.000000000000000000e+00 5.036933932633071986e-01 2.592470785270403755e-01
1.538000000000000000e+03 7.388181185693069031e-01 1.036316327833670003e+00 1.001277911517494568e+00 5.036933932633071986e-01 2.592470785270403755e-01
1.539000000000000000e+03 1.000000000000000000e+00 1.000000000000000000e+00 1.000000000000000000e+00 4.987608797422908302e-01 5.807717458802855726e-01
1.539000000000000000e+03 6.517574914257425744e-01 1.048421770444893264e+00 1.001703882023326164e+00 4.987608797422908302e-01 5.807717458802855726e-01
