2.800000000000000000e+02 1.000000000000000000e+00 1.000000000000000000e+00 1.000000000000000000e+00 5.272130897889455436e-01 5.441640506423356394e-01
2.800000000000000000e+02 9.985299853130794601e-01 9.058484149132906005e-01 1.001233200973028925e+00 5.272130897889455436e-01 5.441640506423356394e-01
2.810000000000000000e+02 1.000000000000000000e+00 1.000000000000000000e+00 1.000000000000000000e+00 3.888525609824993179e-01 3.196191184608220270e-01
2.810000000000000000e+02 9.970599706261589201e-01 8.116968298265812010e-01 1.002466401946057850e+00 3.888525609824993179e-01 3.196191184608220270e-01
2.820000000000000000e+02 1.000000000000000000e+00 1.000000000000000000e+00 1.000000000000000000e+00 7.484892969875991398e-01 3.468853863682217487e-01
2.820000000000000000e+02 9.955899559392383802e-01 7.175452447398718014e-01 1.003699602919086553e+00 7.484892969875991398e-01 3.468853863682217487e-01
2.830000000000000000e+02 1.000000000000000000e+00 1.000000000000000000e+00 1.000000000000000000e+00 3.877275339092431383e-01 5.691802644032231129e-01
2.830000000000000000e+02 9.941199412523178403e-01 6.233936596531624019e-01 1.004932803892115478e+00 3.877275339092431383e-01 5.691802644032231129e-01
2.840000000000000000e+02 1.000000000000000000e+00 1.000000000000000000e+00 1.000000000000000000e+00 4.787715363017133186e-01 5.893888581088858603e-01
2.840000000000000000e+02 9.985299853130794601e-01 9.058484149132906005e-01 1.001233200973028925e+00 4.787715363017133186e-01 5.893888581088858603e-01
2.850000000000000000e+02 1.000000000000000000e+00 1.000000000000000000e+00 1.000000000000000000e+00 5.581977610231938502e-01 2.549407495382244870e-01
2.850000000000000000e+02 9.970599706261589201e-01 8.116968298265812010e-01 1.002466401946057850e+00 5.581977610231938502e-01 2.549407495382244870e-01
2.860000000000000000e+02 1.000000000000000000e+00 1.000000000000000000e+00 1.000000000000000000e+00 3.327759457146693411e-01 4.602868876392596786e-01
2.860000000000000000e+02 9.955899559392383802e-01 7.175452447398718014e-01 1.003699602919086553e+00 3.327759457146693411e-01 4.602868876392596786e-01
2.870000000000000000e+02 1.000000000000000000e+00 1.000000000000000000e+00 1.000000000000000000e+00 5.115536619324410061e-01 5.027438150358329860e-01
2.870000000000000000e+02 9.941199412523178403e-01 6.233936596531624019e-01 1.004932803892115478e+00 5.115536619324410061e-01 5.027438150358329860e-01
2.880000000000000000e+02 1.000000000000000000e+00 1.000000000000000000e+00 1.000000000000000000e+00 5.159571236157962648e-01 5.054896111802381631e-01
2.880000000000000000e+02 9.985299853130794601e-01 9.058484149132906005e-01 1.001233200973028925e+00 5.159571236157962648e-01 5.054896111802381631e-01
2.890000000000000000e+02 1.000000000000000000e+00 1.000000000000000000e+00 1.000000000000000000e+00 3.327457043233202905e-01 4.424607420737997066e-01
2.890000000000000000e+02 9.970599706261589201e-01 8.116968298265812010e-01 1.002466401946057850e+00 3.327457043233202905e-01 4.424607420737997066e-01
2.900000000000000000e+02 1.000000000000000000e+00 1.000000000000000000e+00 1.000000000000000000e+00 5.835640812991812476e-01 2.570971182928785681e-01
2.900000000000000000e+02 9.955899559392383802e-01 7.175452447398718014e-01 1.003699602919086553e+00 5.835640812991812476e-01 2.570971182928785681e-01
2.910000000000000000e+02 1.000000000000000000e+00 1.000000000000000000e+00 1.000000000000000000e+00 4.684855654467807717e-01 5.916057096462380427e-01
2.910000000000000000e+02 9.941199412523178403e-01 6.233936596531624019e-01 1.004932803892115478e+00 4.684855654467807717e-01 5.916057096462380427e-01
2.920000000000000000e+02 1.000000000000000000e+00 1.000000000000000000e+00 1.000000000000000000e+00 3.769939325081400616e-01 5.600355976499609145e-01
2.920000000000000000e+02 9.985299853130794601e-01 9.058484149132906005e-01 1.001233200973028925e+00 3.769939325081400616e-01 5.600355976499609145e-01
2.930000000000000000e+02 1.000000000000000000e+00 1.000000000000000000e+00 1.000000000000000000e+00 7.667939820028926157e-01 3.697858041838746335e-01
2.930000000000000000e+02 9.970599706261589201e-01 8.116968298265812010e-01 1.002466401946057850e+00 7.667939820028926157e-01 3.697858041838746335e-01
2.940000000000000000e+02 1.000000000000000000e+00 1.000000000000000000e+00 1.000000000000000000e+00 4.048751032669568040e-01 3.050999752526237785e-01
2.940000000000000000e+02 9.955899559392383802e-01 7.175452447398718014e-01 1.003699602919086553e+00 4.048751032669568040e-01 3.050999752526237785e-01
2.950000000000000000e+02 1.000000000000000000e+00 1.000000000000000000e+00 1.000000000000000000e+00 5.249462985668787995e-01 5.511121102363436552e-01
2.950000000000000000e+02 9.941199412523178403e-01 6.233936596531624019e-01 1.004932803892115478e+00 5.249462985668787995e-01 5.511121102363436552e-01
2.960000000000000000e+02 1.000000000000000000e+00 1.000000000000000000e+00 1.000000000000000000e+00 5.047140316032322493e-01 5.767303299291989260e-01
2.960000000000000000e+02 9.985299853130794601e-01 9.058484149132906005e-01 1.001233200973028925e+00 5.047140316032322493e-01 5.767303299291989260e-01
2.970000000000000000e+02 1.000000000000000000e+00 1.000000000000000000e+00 1.000000000000000000e+00 4.854746505884142693e-01 2.635707720067771431e-01
2.970000000000000000e+02 9.970599706261589201e-01 8.116968298265812010e-01 1.002466401946057850e+00 4.854746505884142693e-01 2.635707720067771431e-01
2.980000000000000000e+02 1.000000000000000000e+00 1.000000000000000000e+00 1.000000000000000000e+00 8.162786770252348223e-01 4.805689916842375009e-01
2.980000000000000000e+02 9.955899559392383802e-01 7.175452447398718014e-01 1.003699602919086553e+00 8.162786770252348223e-01 4.805689916842375009e-01
2.990000000000000000e+02 1.000000000000000000e+00 1.000000000000000000e+00 1.000000000000000000e+00 3.434202210387891085e-01 5.096196905074089623e-01
2.990000000000000000e+02 9.941199412523178403e-01 6.233936596531624019e-01 1.004932803892115478e+00 3.434202210387891085e-01 5.096196905074089623e-01
