4.200000000000000000e+03 1.000000000000000000e+00 1.000000000000000000e+00 1.000000000000000000e+00 5.104898447564690800e-01 5.718555431222624996e-01
4.200000000000000000e+03 9.798926942269452489e-01 9.990070651907760890e-01 9.128184226349588259e-01 5.104898447564690800e-01 5.718555431222624996e-01
4.201000000000000000e+03 1.000000000000000000e+00 1.000000000000000000e+00 1.000000000000000000e+00 4.663975118209932047e-01 2.698226146890405630e-01
4.201000000000000000e+03 9.597853884538903868e-01 9.980141303815521781e-01 8.256368452699176519e-01 4.663975118209932047e-01 2.698226146890405630e-01
4.202000000000000000e+03 1.000000000000000000e+00 1.000000000000000000e+00 1.000000000000000000e+00 8.093383064053077947e-01 4.548411901097243470e-01
4.202000000000000000e+03 9.396780826808355247e-01 9.970211955723281561e-01 7.384552679048765889e-01 8.093383064053077947e-01 4.548411901097243470e-01
4.203000000000000000e+03 1.000000000000000000e+00 1.000000000000000000e+00 1.000000000000000000e+00 3.489835357833890317e-01 5.220461664677380487e-01
4.203000000000000000e+03 9.195707769077807736e-01 9.960282607631042451e-01 6.512736905398354148e-01 3.489835357833890317e-01 5.220461664677380487e-01
4.204000000000000000e+03 1.000000000000000000e+00 1.000000000000000000e+00 1.000000000000000000e+00 4.327060632217115121e-01 5.903003709476869476e-01
4.204000000000000000e+03 9.798926942269452489e-01 9.990070651907760890e-01 9.128184226349588259e-01 4.327060632217115121e-01 5.903003709476869476e-01
4.205000000000000000e+03 1.000000000000000000e+00 1.000000000000000000e+00 1.000000000000000000e+00 6.629012781046395020e-01 2.814060739355160323e-01
4.205000000000000000e+03 9.597853884538903868e-01 9.980141303815521781e-01 8.256368452699176519e-01 6.629012781046395020e-01 2.814060739355160323e-01
4.206000000000000000e+03 1.000000000000000000e+00 1.000000000000000000e+00 1.000000000000000000e+00 3.455528514939145146e-01 3.849023925585360884e-01
4.206000000000000000e+03 9.396780826808355247e-01 9.970211955723281561e-01 7.384552679048765889e-01 3.455528514939145146e-01 3.849023925585360884e-01
4.207000000000000000e+03 1.000000000000000000e+00 1.000000000000000000e+00 1.000000000000000000e+00 5.261535933892884653e-01 5.194902661151130641e-01
4.207000000000000000e+03 9.195707769077807736e-01 9.960282607631042451e-01 6.512736905398354148e-01 5.261535933892884653e-01 5.194902661151130641e-01
4.208000000000000000e+03 1.000000000000000000e+00 1.000000000000000000e+00 1.000000000000000000e+00 5.204233906287165645e-01 5.097171130299593678e-01
4.208000000000000000e+03 9.798926942269452489e-01 9.990070651907760890e-01 9.128184226349588259e-01 5.204233906287165645e-01 5.097171130299593678e-01
4.209000000000000000e+03 1.000000000000000000e+00 1.000000000000000000e+00 1.000000000000000000e+00 3.350961119356646312e-01 4.215414448789980284e-01
4.209000000000000000e+03 9.597853884538903868e-01 9.980141303815521781e-01 8.256368452699176519e-01 3.350961119356646312e-01 4.215414448789980284e-01
4.210000000000000000e+03 1.000000000000000000e+00 1.000000000000000000e+00 1.000000000000000000e+00 6.128292761665232735e-01 2.628558632178552568e-01
4.210000000000000000e+03 9.396780826808355247e-01 9.970211955723281561e-01 7.384552679048765889e-01 6.128292761665232735e-01 2.628558632178552568e-01
4.211000000000000000e+03 1.000000000000000000e+00 1.000000000000000000e+00 1.000000000000000000e+00 4.559121659245192748e-01 5.926636393465259944e-01
4.211000000000000000e+03 9.195707769077807736e-01 9.960282607631042451e-01 6.512736905398354148e-01 4.559121659245192748e-01 5.926636393465259944e-01
4.212000000000000000e+03 1.000000000000000000e+00 1.000000000000000000e+00 1.000000000000000000e+00 3.656094359717846354e-01 5.477371812174566257e-01
4.212000000000000000e+03 9.798926942269452489e-01 9.990070651907760890e-01 9.128184226349588259e-01 3.656094359717846354e-01 5.477371812174566257e-01
4.213000000000000000e+03 1.000000000000000000e+00 1.000000000000000000e+00 1.000000000000000000e+00 7.851612433652656042e-01 3.987072191477303296e-01
4.213000000000000000e+03 9.597853884538903868e-01 9.980141303815521781e-01 8.256368452699176519e-01 7.851612433652656042e-01 3.987072191477303296e-01
4.214000000000000000e+03 1.000000000000000000e+00 1.000000000000000000e+00 1.000000000000000000e+00 4.254850189651368519e-01 2.902240963032595156e-01
4.214000000000000000e+03 9.396780826808355247e-01 9.970211955723281561e-01 7.384552679048765889e-01 4.254850189651368519e-01 2.902240963032595156e-01
4.215000000000000000e+03 1.000000000000000000e+00 1.000000000000000000e+00 1.000000000000000000e+00 5.209593814000501588e-01 5.590052243596903558e-01
4.215000000000000000e+03 9.195707769077807736e-01 9.960282607631042451e-01 6.512736905398354148e-01 5.209593814000501588e-01 5.590052243596903558e-01
4.216000000000000000e+03 1.000000000000000000e+00 1.000000000000000000e+00 1.000000000000000000e+00 5.285472198472060956e-01 5.316430230762713149e-01
4.216000000000000000e+03 9.798926942269452489e-01 9.990070651907760890e-01 9.128184226349588259e-01 5.285472198472060956e-01 5.316430230762713149e-01
4.217000000000000000e+03 1.000000000000000000e+00 1.000000000000000000e+00 1.000000000000000000e+00 3.642764167301024703e-01 3.495578728720264428e-01
4.217000000000000000e+03 9.597853884538903868e-01 9.980141303815521781e-01 8.256368452699176519e-01 3.642764167301024703e-01 3.495578728720264428e-01
4.218000000000000000e+03 1.000000000000000000e+00 1.000000000000000000e+00 1.000000000000000000e+00 7.098416791538246784e-01 3.106882350187566977e-01
4.218000000000000000e+03 9.396780826808355247e-01 9.970211955723281561e-01 7.384552679048765889e-01 7.098416791538246784e-01 3.106882350187566977e-01
4.219000000000000000e+03 1.000000000000000000e+00 1.000000000000000000e+00 1.000000000000000000e+00 4.089574248978775639e-01 5.821354015585518127e-01
4.219000000000000000e+03 9.195707769077807736e-01 9.960282607631042451e-01 6.512736905398354148e-01 4.089574248978775639e-01 5.821354015585518127e-01
