3.620000000000000000e+03 1.000000000000000000e+00 1.000000000000000000e+00 1.000000000000000000e+00 3.794488029016587216e-01 5.623116924254388804e-01
3.620000000000000000e+03 1.004089207833671837e+00 1.011396543352822697e+00 9.044437953980520861e-01 3.794488029016587216e-01 5.623116924254388804e-01
3.621000000000000000e+03 1.000000000000000000e+00 1.000000000000000000e+00 1.000000000000000000e+00 7.626864024278766641e-01 3.642200599710499476e-01
3.621000000000000000e+03 1.008178415667343675e+00 1.022793086705645393e+00 8.088875907961041722e-01 7.626864024278766641e-01 3.642200599710499476e-01
3.622000000000000000e+03 1.000000000000000000e+00 1.000000000000000000e+00 1.000000000000000000e+00 4.009541837728055613e-01 3.083812002368910843e-01
3.622000000000000000e+03 1.012267623501015734e+00 1.034189630058468312e+00 7.133313861941561473e-01 4.009541837728055613e-01 3.083812002368910843e-01
3.623000000000000000e+03 1.000000000000000000e+00 1.000000000000000000e+00 1.000000000000000000e+00 5.255775686236833222e-01 5.494835944335736411e-01
3.623000000000000000e+03 1.016356831334687572e+00 1.045586173411291009e+00 6.177751815922082335e-01 5.255775686236833222e-01 5.494835944335736411e-01
3.624000000000000000e+03 1.000000000000000000e+00 1.000000000000000000e+00 1.000000000000000000e+00 5.063794181310883324e-01 5.754338528717336532e-01
3.624000000000000000e+03 1.004089207833671837e+00 1.011396543352822697e+00 9.044437953980520861e-01 5.063794181310883324e-01 5.754338528717336532e-01
3.625000000000000000e+03 1.000000000000000000e+00 1.000000000000000000e+00 1.000000000000000000e+00 4.801375598539797673e-01 2.651352589122594750e-01
3.625000000000000000e+03 1.008178415667343675e+00 1.022793086705645393e+00 8.088875907961041722e-01 4.801375598539797673e-01 2.651352589122594750e-01
3.626000000000000000e+03 1.000000000000000000e+00 1.000000000000000000e+00 1.000000000000000000e+00 8.145801851957439332e-01 4.733960488465137617e-01
3.626000000000000000e+03 1.012267623501015734e+00 1.034189630058468312e+00 7.133313861941561473e-01 8.145801851957439332e-01 4.733960488465137617e-01
3.627000000000000000e+03 1.000000000000000000e+00 1.000000000000000000e+00 1.000000000000000000e+00 3.448507030202628831e-01 5.131209291385543381e-01
3.627000000000000000e+03 1.016356831334687572e+00 1.045586173411291009e+00 6.177751815922082335e-01 3.448507030202628831e-01 5.131209291385543381e-01
3.628000000000000000e+03 1.000000000000000000e+00 1.000000000000000000e+00 1.000000000000000000e+00 4.253709594512640191e-01 5.884178683385928865e-01
3.628000000000000000e+03 1.004089207833671837e+00 1.011396543352822697e+00 9.044437953980520861e-01 4.253709594512640191e-01 5.884178683385928865e-01
3.629000000000000000e+03 1.000000000000000000e+00 1.000000000000000000e+00 1.000000000000000000e+00 6.778297664392229915e-01 2.893135331756284123e-01
3.629000000000000000e+03 1.008178415667343675e+00 1.022793086705645393e+00 8.088875907961041722e-01 6.778297664392229915e-01 2.893135331756284123e-01
3.630000000000000000e+03 1.000000000000000000e+00 1.000000000000000000e+00 1.000000000000000000e+00 3.504478324185177351e-01 3.737705965060205138e-01
3.630000000000000000e+03 1.012267623501015734e+00 1.034189630058468312e+00 7.133313861941561473e-01 3.504478324185177351e-01 3.737705965060205138e-01
3.631000000000000000e+03 1.000000000000000000e+00 1.000000000000000000e+00 1.000000000000000000e+00 5.272835690957035082e-01 5.230286776034924756e-01
3.631000000000000000e+03 1.016356831334687572e+00 1.045586173411291009e+00 6.177751815922082335e-01 5.272835690957035082e-01 5.230286776034924756e-01
3.632000000000000000e+03 1.000000000000000000e+00 1.000000000000000000e+00 1.000000000000000000e+00 5.224987010641602980e-01 5.124281569506976552e-01
3.632000000000000000e+03 1.004089207833671837e+00 1.011396543352822697e+00 9.044437953980520861e-01 5.224987010641602980e-01 5.124281569506976552e-01
3.633000000000000000e+03 1.000000000000000000e+00 1.000000000000000000e+00 1.000000000000000000e+00 3.374485944391818482e-01 4.102075104200353928e-01
3.633000000000000000e+03 1.008178415667343675e+00 1.022793086705645393e+00 8.088875907961041722e-01 3.374485944391818482e-01 4.102075104200353928e-01
3.634000000000000000e+03 1.000000000000000000e+00 1.000000000000000000e+00 1.000000000000000000e+00 6.284746558945980555e-01 2.674222421908530323e-01
3.634000000000000000e+03 1.012267623501015734e+00 1.034189630058468312e+00 7.133313861941561473e-01 6.284746558945980555e-01 2.674222421908530323e-01
3.635000000000000000e+03 1.000000000000000000e+00 1.000000000000000000e+00 1.000000000000000000e+00 4.488896767346688410e-01 5.925250533124892804e-01
3.635000000000000000e+03 1.016356831334687572e+00 1.045586173411291009e+00 6.177751815922082335e-01 4.488896767346688410e-01 5.925250533124892804e-01
3.636000000000000000e+03 1.000000000000000000e+00 1.000000000000000000e+00 1.000000000000000000e+00 3.600001858792326037e-01 5.403664796695997197e-01
3.636000000000000000e+03 1.004089207833671837e+00 1.011396543352822697e+00 9.044437953980520861e-01 3.600001858792326037e-01 5.403664796695997197e-01
3.637000000000000000e+03 1.000000000000000000e+00 1.000000000000000000e+00 1.000000000000000000e+00 7.937368754179960906e-01 4.153061474814241372e-01
3.637000000000000000e+03 1.008178415667343675e+00 1.022793086705645393e+00 8.088875907961041722e-01 7.937368754179960906e-01 4.153061474814241372e-01
3.638000000000000000e+03 1.000000000000000000e+00 1.000000000000000000e+00 1.000000000000000000e+00 4.374698339059122087e-01 2.831316552306182288e-01
3.638000000000000000e+03 1.012267623501015734e+00 1.034189630058468312e+00 7.133313861941561473e-01 4.374698339059122087e-01 2.831316552306182288e-01
3.639000000000000000e+03 1.000000000000000000e+00 1.000000000000000000e+00 1.000000000000000000e+00 5.182027932451117591e-01 5.631312834721530214e-01
3.639000000000000000e+03 1.016356831334687572e+00 1.045586173411291009e+00 6.177751815922082335e-01 5.182027932451117591e-01 5.631312834721530214e-01
