2.800000000000000000e+03 1.000000000000000000e+00 1.000000000000000000e+00 1.000000000000000000e+00 5.202838167184341556e-01 5.095554831300461718e-01
2.800000000000000000e+03 1.001083386343901260e+00 9.074774640062772679e-01 9.951635009826264033e-01 5.202838167184341556e-01 5.095554831300461718e-01
2.801000000000000000e+03 1.000000000000000000e+00 1.000000000000000000e+00 1.000000000000000000e+00 3.349731287890465037e-01 4.222576546736658276e-01
2.801000000000000000e+03 1.002166772687802521e+00 8.149549280125545359e-01 9.903270019652528067e-01 3.349731287890465037e-01 4.222576546736658276e-01
2.802000000000000000e+03 1.000000000000000000e+00 1.000000000000000000e+00 1.000000000000000000e+00 6.118357764244781727e-01 2.626016015427867778e-01
2.802000000000000000e+03 1.003250159031703781e+00 7.224323920188318038e-01 9.854905029478790990e-01 6.118357764244781727e-01 2.626016015427867778e-01
2.803000000000000000e+03 1.000000000000000000e+00 1.000000000000000000e+00 1.000000000000000000e+00 4.563510857718098279e-01 5.926553439646937704e-01
2.803000000000000000e+03 1.004333545375605041e+00 6.299098560251090717e-01 9.806540039305055023e-01 4.563510857718098279e-01 5.926553439646937704e-01
2.804000000000000000e+03 1.000000000000000000e+00 1.000000000000000000e+00 1.000000000000000000e+00 3.659772877251741274e-01 5.481861294670454798e-01
2.804000000000000000e+03 1.001083386343901260e+00 9.074774640062772679e-01 9.951635009826264033e-01 3.659772877251741274e-01 5.481861294670454798e-01
2.805000000000000000e+03 1.000000000000000000e+00 1.000000000000000000e+00 1.000000000000000000e+00 7.845869002829681804e-01 3.976804678184679420e-01
2.805000000000000000e+03 1.002166772687802521e+00 8.149549280125545359e-01 9.903270019652528067e-01 7.845869002829681804e-01 3.976804678184679420e-01
2.806000000000000000e+03 1.000000000000000000e+00 1.000000000000000000e+00 1.000000000000000000e+00 4.247471691757112588e-01 2.906951937211029735e-01
2.806000000000000000e+03 1.003250159031703781e+00 7.224323920188318038e-01 9.854905029478790990e-01 4.247471691757112588e-01 2.906951937211029735e-01
2.807000000000000000e+03 1.000000000000000000e+00 1.000000000000000000e+00 1.000000000000000000e+00 5.211194281098021630e-01 5.587406182707547186e-01
2.807000000000000000e+03 1.004333545375605041e+00 6.299098560251090717e-01 9.806540039305055023e-01 5.211194281098021630e-01 5.587406182707547186e-01
2.808000000000000000e+03 1.000000000000000000e+00 1.000000000000000000e+00 1.000000000000000000e+00 5.285369734066741598e-01 5.313887977995717105e-01
2.808000000000000000e+03 1.001083386343901260e+00 9.074774640062772679e-01 9.951635009826264033e-01 5.285369734066741598e-01 5.313887977995717105e-01
2.809000000000000000e+03 1.000000000000000000e+00 1.000000000000000000e+00 1.000000000000000000e+00 3.638318635420021430e-01 3.502239869269057615e-01
2.809000000000000000e+03 1.002166772687802521e+00 8.149549280125545359e-01 9.903270019652528067e-01 3.638318635420021430e-01 3.502239869269057615e-01
2.810000000000000000e+03 1.000000000000000000e+00 1.000000000000000000e+00 1.000000000000000000e+00 7.089696207098554748e-01 3.100162820163402388e-01
2.810000000000000000e+03 1.003250159031703781e+00 7.224323920188318038e-01 9.854905029478790990e-01 7.089696207098554748e-01 3.100162820163402388e-01
2.811000000000000000e+03 1.000000000000000000e+00 1.000000000000000000e+00 1.000000000000000000e+00 4.094175945636670533e-01 5.823525549323360639e-01
2.811000000000000000e+03 1.004333545375605041e+00 6.299098560251090717e-01 9.806540039305055023e-01 4.094175945636670533e-01 5.823525549323360639e-01
2.812000000000000000e+03 1.000000000000000000e+00 1.000000000000000000e+00 1.000000000000000000e+00 4.960820362667506256e-01 5.823287011843413241e-01
2.812000000000000000e+03 1.001083386343901260e+00 9.074774640062772679e-01 9.951635009826264033e-01 4.960820362667506256e-01 5.823287011843413241e-01
2.813000000000000000e+03 1.000000000000000000e+00 1.000000000000000000e+00 1.000000000000000000e+00 5.115236411983627995e-01 2.578521708293732839e-01
2.813000000000000000e+03 1.002166772687802521e+00 8.149549280125545359e-01 9.903270019652528067e-01 5.115236411983627995e-01 2.578521708293732839e-01
2.814000000000000000e+03 1.000000000000000000e+00 1.000000000000000000e+00 1.000000000000000000e+00 3.377617348225159799e-01 4.922791975341938575e-01
2.814000000000000000e+03 1.003250159031703781e+00 7.224323920188318038e-01 9.854905029478790990e-01 3.377617348225159799e-01 4.922791975341938575e-01
2.815000000000000000e+03 1.000000000000000000e+00 1.000000000000000000e+00 1.000000000000000000e+00 5.024191371911986836e-01 5.001151250006926618e-01
2.815000000000000000e+03 1.004333545375605041e+00 6.299098560251090717e-01 9.806540039305055023e-01 5.024191371911986836e-01 5.001151250006926618e-01
2.816000000000000000e+03 1.000000000000000000e+00 1.000000000000000000e+00 1.000000000000000000e+00 5.017957567514784722e-01 5.000633833980202558e-01
2.816000000000000000e+03 1.001083386343901260e+00 9.074774640062772679e-01 9.951635009826264033e-01 5.017957567514784722e-01 5.000633833980202558e-01
2.817000000000000000e+03 1.000000000000000000e+00 1.000000000000000000e+00 1.000000000000000000e+00 3.383038159864411032e-01 4.942927383782655393e-01
2.817000000000000000e+03 1.002166772687802521e+00 8.149549280125545359e-01 9.903270019652528067e-01 3.383038159864411032e-01 4.942927383782655393e-01
2.818000000000000000e+03 1.000000000000000000e+00 1.000000000000000000e+00 1.000000000000000000e+00 5.085292007335915354e-01 2.583536023554008909e-01
2.818000000000000000e+03 1.003250159031703781e+00 7.224323920188318038e-01 9.854905029478790990e-01 5.085292007335915354e-01 2.583536023554008909e-01
2.819000000000000000e+03 1.000000000000000000e+00 1.000000000000000000e+00 1.000000000000000000e+00 4.971146774901226695e-01 5.817459703825186290e-01
2.819000000000000000e+03 1.004333545375605041e+00 6.299098560251090717e-01 9.806540039305055023e-01 4.971146774901226695e-01 5.817459703825186290e-01
