3.780000000000000000e+03 1.000000000000000000e+00 1.000000000000000000e+00 1.000000000000000000e+00 3.988482174540093350e-01 5.767164443586526579e-01
3.780000000000000000e+03 9.907655221141737911e-01 9.130227850805681111e-01 1.003040228391197664e+00 3.988482174540093350e-01 5.767164443586526579e-01
3.781000000000000000e+03 1.000000000000000000e+00 1.000000000000000000e+00 1.000000000000000000e+00 7.286341521793376907e-01 3.265972306896424149e-01
3.781000000000000000e+03 9.815310442283476933e-01 8.260455701611362223e-01 1.006080456782395327e+00 7.286341521793376907e-01 3.265972306896424149e-01
3.782000000000000000e+03 1.000000000000000000e+00 1.000000000000000000e+00 1.000000000000000000e+00 3.749403931654948785e-01 3.351070326373358221e-01
3.782000000000000000e+03 9.722965663425215954e-01 7.390683552417042224e-01 1.009120685173592991e+00 3.749403931654948785e-01 3.351070326373358221e-01
3.783000000000000000e+03 1.000000000000000000e+00 1.000000000000000000e+00 1.000000000000000000e+00 5.283732818828001943e-01 5.374105977293172076e-01
3.783000000000000000e+03 9.630620884566953865e-01 6.520911403222723335e-01 1.012160913564790654e+00 5.283732818828001943e-01 5.374105977293172076e-01
3.784000000000000000e+03 1.000000000000000000e+00 1.000000000000000000e+00 1.000000000000000000e+00 5.169647191957190691e-01 5.647681962839481429e-01
3.784000000000000000e+03 9.907655221141737911e-01 9.130227850805681111e-01 1.003040228391197664e+00 5.169647191957190691e-01 5.647681962839481429e-01
3.785000000000000000e+03 1.000000000000000000e+00 1.000000000000000000e+00 1.000000000000000000e+00 4.424941548849896655e-01 2.804531969604793784e-01
3.785000000000000000e+03 9.815310442283476933e-01 8.260455701611362223e-01 1.006080456782395327e+00 4.424941548849896655e-01 2.804531969604793784e-01
3.786000000000000000e+03 1.000000000000000000e+00 1.000000000000000000e+00 1.000000000000000000e+00 7.969361064173068332e-01 4.222235919253439773e-01
3.786000000000000000e+03 9.722965663425215954e-01 7.390683552417042224e-01 1.009120685173592991e+00 7.969361064173068332e-01 4.222235919253439773e-01
3.787000000000000000e+03 1.000000000000000000e+00 1.000000000000000000e+00 1.000000000000000000e+00 3.578425003382656455e-01 5.372352821553646463e-01
3.787000000000000000e+03 9.630620884566953865e-01 6.520911403222723335e-01 1.012160913564790654e+00 3.578425003382656455e-01 5.372352821553646463e-01
3.788000000000000000e+03 1.000000000000000000e+00 1.000000000000000000e+00 1.000000000000000000e+00 4.460033128453667617e-01 5.923218756503045856e-01
3.788000000000000000e+03 9.907655221141737911e-01 9.130227850805681111e-01 1.003040228391197664e+00 4.460033128453667617e-01 5.923218756503045856e-01
3.789000000000000000e+03 1.000000000000000000e+00 1.000000000000000000e+00 1.000000000000000000e+00 6.347747845196358707e-01 2.695662168757555488e-01
3.789000000000000000e+03 9.815310442283476933e-01 8.260455701611362223e-01 1.006080456782395327e+00 6.347747845196358707e-01 2.695662168757555488e-01
3.790000000000000000e+03 1.000000000000000000e+00 1.000000000000000000e+00 1.000000000000000000e+00 3.386221706127255371e-01 4.056142641628653900e-01
3.790000000000000000e+03 9.722965663425215954e-01 7.390683552417042224e-01 1.009120685173592991e+00 3.386221706127255371e-01 4.056142641628653900e-01
3.791000000000000000e+03 1.000000000000000000e+00 1.000000000000000000e+00 1.000000000000000000e+00 5.232659219133346529e-01 5.136076384721318666e-01
3.791000000000000000e+03 9.630620884566953865e-01 6.520911403222723335e-01 1.012160913564790654e+00 5.232659219133346529e-01 5.136076384721318666e-01
3.792000000000000000e+03 1.000000000000000000e+00 1.000000000000000000e+00 1.000000000000000000e+00 5.276453489807063635e-01 5.245207692987104986e-01
3.792000000000000000e+03 9.907655221141737911e-01 9.130227850805681111e-01 1.003040228391197664e+00 5.276453489807063635e-01 5.245207692987104986e-01
3.793000000000000000e+03 1.000000000000000000e+00 1.000000000000000000e+00 1.000000000000000000e+00 3.526555501472290466e-01 3.693089653233631031e-01
3.793000000000000000e+03 9.815310442283476933e-01 8.260455701611362223e-01 1.006080456782395327e+00 3.526555501472290466e-01 3.693089653233631031e-01
3.794000000000000000e+03 1.000000000000000000e+00 1.000000000000000000e+00 1.000000000000000000e+00 6.837761673655999850e-01 2.928059997111968071e-01
3.794000000000000000e+03 9.722965663425215954e-01 7.390683552417042224e-01 1.009120685173592991e+00 6.837761673655999850e-01 2.928059997111968071e-01
3.795000000000000000e+03 1.000000000000000000e+00 1.000000000000000000e+00 1.000000000000000000e+00 4.223940980123263023e-01 5.874948994167386029e-01
3.795000000000000000e+03 9.630620884566953865e-01 6.520911403222723335e-01 1.012160913564790654e+00 4.223940980123263023e-01 5.874948994167386029e-01
3.796000000000000000e+03 1.000000000000000000e+00 1.000000000000000000e+00 1.000000000000000000e+00 3.433276636131874504e-01 5.093841599710937640e-01
3.796000000000000000e+03 9.907655221141737911e-01 9.130227850805681111e-01 1.003040228391197664e+00 3.433276636131874504e-01 5.093841599710937640e-01
3.797000000000000000e+03 1.000000000000000000e+00 1.000000000000000000e+00 1.000000000000000000e+00 8.163860969244890464e-01 4.810495087094437960e-01
3.797000000000000000e+03 9.815310442283476933e-01 8.260455701611362223e-01 1.006080456782395327e+00 8.163860969244890464e-01 4.810495087094437960e-01
3.798000000000000000e+03 1.000000000000000000e+00 1.000000000000000000e+00 1.000000000000000000e+00 4.858326743691750438e-01 2.634707833443491465e-01
3.798000000000000000e+03 9.722965663425215954e-01 7.390683552417042224e-01 1.009120685173592991e+00 4.858326743691750438e-01 2.634707833443491465e-01
3.799000000000000000e+03 1.000000000000000000e+00 1.000000000000000000e+00 1.000000000000000000e+00 5.046009943113625162e-01 5.768154561179743567e-01
3.799000000000000000e+03 9.630620884566953865e-01 6.520911403222723335e-01 1.012160913564790654e+00 5.046009943113625162e-01 5.768154561179743567e-01
