5.040000000000000000e+03 1.000000000000000000e+00 1.000000000000000000e+00 1.000000000000000000e+00 5.238340977885974636e-01 5.145603305749295586e-01
5.040000000000000000e+03 1.023186201815220020e+00 9.012855955741032599e-01 1.000228158463552175e+00 5.238340977885974636e-01 5.145603305749295586e-01
5.041000000000000000e+03 1.000000000000000000e+00 1.000000000000000000e+00 1.000000000000000000e+00 3.396281895651152016e-01 4.020283211244952137e-01
5.041000000000000000e+03 1.046372403630440262e+00 8.025711911482065197e-01 1.000456316927104350e+00 3.396281895651152016e-01 4.020283211244952137e-01
5.042000000000000000e+03 1.000000000000000000e+00 1.000000000000000000e+00 1.000000000000000000e+00 6.396773530257925389e-01 2.713593332419715898e-01
5.042000000000000000e+03 1.069558605445660504e+00 7.038567867223098906e-01 1.000684475390656747e+00 6.396773530257925389e-01 2.713593332419715898e-01
5.043000000000000000e+03 1.000000000000000000e+00 1.000000000000000000e+00 1.000000000000000000e+00 4.437339952747828553e-01 5.921029541117411865e-01
5.043000000000000000e+03 1.092744807260880524e+00 6.051423822964131505e-01 1.000912633854208922e+00 4.437339952747828553e-01 5.921029541117411865e-01
5.044000000000000000e+03 1.000000000000000000e+00 1.000000000000000000e+00 1.000000000000000000e+00 3.562054349610140891e-01 5.347320530504102720e-01
5.044000000000000000e+03 1.023186201815220020e+00 9.012855955741032599e-01 1.000228158463552175e+00 3.562054349610140891e-01 5.347320530504102720e-01
5.045000000000000000e+03 1.000000000000000000e+00 1.000000000000000000e+00 1.000000000000000000e+00 7.993220375501256525e-01 4.277019344609496732e-01
5.045000000000000000e+03 1.046372403630440262e+00 8.025711911482065197e-01 1.000456316927104350e+00 7.993220375501256525e-01 4.277019344609496732e-01
5.046000000000000000e+03 1.000000000000000000e+00 1.000000000000000000e+00 1.000000000000000000e+00 4.464849407052697283e-01 2.784416987054442183e-01
5.046000000000000000e+03 1.069558605445660504e+00 7.038567867223098906e-01 1.000684475390656747e+00 4.464849407052697283e-01 2.784416987054442183e-01
5.047000000000000000e+03 1.000000000000000000e+00 1.000000000000000000e+00 1.000000000000000000e+00 5.159490468060901058e-01 5.660308287834160401e-01
5.047000000000000000e+03 1.092744807260880524e+00 6.051423822964131505e-01 1.000912633854208922e+00 5.159490468060901058e-01 5.660308287834160401e-01
5.048000000000000000e+03 1.000000000000000000e+00 1.000000000000000000e+00 1.000000000000000000e+00 5.282258699749668995e-01 5.387370005034453069e-01
5.048000000000000000e+03 1.023186201815220020e+00 9.012855955741032599e-01 1.000228158463552175e+00 5.282258699749668995e-01 5.387370005034453069e-01
5.049000000000000000e+03 1.000000000000000000e+00 1.000000000000000000e+00 1.000000000000000000e+00 3.775498729610849424e-01 3.319502414997235751e-01
5.049000000000000000e+03 1.046372403630440262e+00 8.025711911482065197e-01 1.000456316927104350e+00 3.775498729610849424e-01 3.319502414997235751e-01
5.050000000000000000e+03 1.000000000000000000e+00 1.000000000000000000e+00 1.000000000000000000e+00 7.327061374986919562e-01 3.304377444291108357e-01
5.050000000000000000e+03 1.069558605445660504e+00 7.038567867223098906e-01 1.000684475390656747e+00 7.327061374986919562e-01 3.304377444291108357e-01
5.051000000000000000e+03 1.000000000000000000e+00 1.000000000000000000e+00 1.000000000000000000e+00 3.966066204981391619e-01 5.753379985069410063e-01
5.051000000000000000e+03 1.092744807260880524e+00 6.051423822964131505e-01 1.000912633854208922e+00 3.966066204981391619e-01 5.753379985069410063e-01
5.052000000000000000e+03 1.000000000000000000e+00 1.000000000000000000e+00 1.000000000000000000e+00 4.863646790875479908e-01 5.868660346019207719e-01
5.052000000000000000e+03 1.023186201815220020e+00 9.012855955741032599e-01 1.000228158463552175e+00 4.863646790875479908e-01 5.868660346019207719e-01
5.053000000000000000e+03 1.000000000000000000e+00 1.000000000000000000e+00 1.000000000000000000e+00 5.384466378637640105e-01 2.550694262024027492e-01
5.053000000000000000e+03 1.046372403630440262e+00 8.025711911482065197e-01 1.000456316927104350e+00 5.384466378637640105e-01 2.550694262024027492e-01
5.054000000000000000e+03 1.000000000000000000e+00 1.000000000000000000e+00 1.000000000000000000e+00 3.341016958002409609e-01 4.739590206118919902e-01
5.054000000000000000e+03 1.069558605445660504e+00 7.038567867223098906e-01 1.000684475390656747e+00 3.341016958002409609e-01 4.739590206118919902e-01
5.055000000000000000e+03 1.000000000000000000e+00 1.000000000000000000e+00 1.000000000000000000e+00 5.078337650040826157e-01 5.012296624367960085e-01
5.055000000000000000e+03 1.092744807260880524e+00 6.051423822964131505e-01 1.000912633854208922e+00 5.078337650040826157e-01 5.012296624367960085e-01
5.056000000000000000e+03 1.000000000000000000e+00 1.000000000000000000e+00 1.000000000000000000e+00 5.053988596739817929e-01 5.005777720729747138e-01
5.056000000000000000e+03 1.023186201815220020e+00 9.012855955741032599e-01 1.000228158463552175e+00 5.053988596739817929e-01 5.005777720729747138e-01
5.057000000000000000e+03 1.000000000000000000e+00 1.000000000000000000e+00 1.000000000000000000e+00 3.355095631704108627e-01 4.823966566255553090e-01
5.057000000000000000e+03 1.046372403630440262e+00 8.025711911482065197e-01 1.000456316927104350e+00 3.355095631704108627e-01 4.823966566255553090e-01
5.058000000000000000e+03 1.000000000000000000e+00 1.000000000000000000e+00 1.000000000000000000e+00 5.261161290251796796e-01 2.559637745926072183e-01
5.058000000000000000e+03 1.069558605445660504e+00 7.038567867223098906e-01 1.000684475390656747e+00 5.261161290251796796e-01 2.559637745926072183e-01
5.059000000000000000e+03 1.000000000000000000e+00 1.000000000000000000e+00 1.000000000000000000e+00 4.909094422762902976e-01 5.849446482517854928e-01
5.059000000000000000e+03 1.092744807260880524e+00 6.051423822964131505e-01 1.000912633854208922e+00 4.909094422762902976e-01 5.849446482517854928e-01
