3.380000000000000000e+03 1.000000000000000000e+00 1.000000000000000000e+00 1.000000000000000000e+00 3.573139228903462472e-01 5.364396446977541810e-01
3.380000000000000000e+03 1.003940867754108623e+00 8.988849670497922606e-01 9.956005365535504081e-01 3.573139228903462472e-01 5.364396446977541810e-01
3.381000000000000000e+03 1.000000000000000000e+00 1.000000000000000000e+00 1.000000000000000000e+00 7.977105258738823590e-01 4.239696962354022047e-01
3.381000000000000000e+03 1.007881735508217247e+00 7.977699340995845212e-01 9.912010731071008163e-01 7.977105258738823590e-01 4.239696962354022047e-01
3.382000000000000000e+03 1.000000000000000000e+00 1.000000000000000000e+00 1.000000000000000000e+00 4.437650257688240396e-01 2.798016985082318886e-01
3.382000000000000000e+03 1.011822603262325870e+00 6.966549011493768928e-01 9.868016096606511134e-01 4.437650257688240396e-01 2.798016985082318886e-01
3.383000000000000000e+03 1.000000000000000000e+00 1.000000000000000000e+00 1.000000000000000000e+00 5.166443151643322906e-01 5.651738527275395052e-01
3.383000000000000000e+03 1.015763471016434494e+00 5.955398681991691534e-01 9.824021462142015215e-01 5.166443151643322906e-01 5.651738527275395052e-01
3.384000000000000000e+03 1.000000000000000000e+00 1.000000000000000000e+00 1.000000000000000000e+00 5.283305098072141881e-01 5.378341316895731694e-01
3.384000000000000000e+03 1.003940867754108623e+00 8.988849670497922606e-01 9.956005365535504081e-01 5.283305098072141881e-01 5.378341316895731694e-01
3.385000000000000000e+03 1.000000000000000000e+00 1.000000000000000000e+00 1.000000000000000000e+00 3.757672024486954365e-01 3.340926423596072281e-01
3.385000000000000000e+03 1.007881735508217247e+00 7.977699340995845212e-01 9.912010731071008163e-01 3.757672024486954365e-01 3.340926423596072281e-01
3.386000000000000000e+03 1.000000000000000000e+00 1.000000000000000000e+00 1.000000000000000000e+00 7.299439706158026286e-01 3.278160585766502488e-01
3.386000000000000000e+03 1.011822603262325870e+00 6.966549011493768928e-01 9.868016096606511134e-01 7.299439706158026286e-01 3.278160585766502488e-01
3.387000000000000000e+03 1.000000000000000000e+00 1.000000000000000000e+00 1.000000000000000000e+00 3.981292553350169738e-01 5.762816536792593203e-01
3.387000000000000000e+03 1.015763471016434494e+00 5.955398681991691534e-01 9.824021462142015215e-01 3.981292553350169738e-01 5.762816536792593203e-01
3.388000000000000000e+03 1.000000000000000000e+00 1.000000000000000000e+00 1.000000000000000000e+00 4.875928523803731984e-01 5.863791178155079997e-01
3.388000000000000000e+03 1.003940867754108623e+00 8.988849670497922606e-01 9.956005365535504081e-01 4.875928523803731984e-01 5.863791178155079997e-01
3.389000000000000000e+03 1.000000000000000000e+00 1.000000000000000000e+00 1.000000000000000000e+00 5.351554361827384199e-01 2.552462776310806536e-01
3.389000000000000000e+03 1.007881735508217247e+00 7.977699340995845212e-01 9.912010731071008163e-01 5.351554361827384199e-01 2.552462776310806536e-01
3.390000000000000000e+03 1.000000000000000000e+00 1.000000000000000000e+00 1.000000000000000000e+00 3.344335799077863269e-01 4.762187080988173338e-01
3.390000000000000000e+03 1.011822603262325870e+00 6.966549011493768928e-01 9.868016096606511134e-01 3.344335799077863269e-01 4.762187080988173338e-01
3.391000000000000000e+03 1.000000000000000000e+00 1.000000000000000000e+00 1.000000000000000000e+00 5.071918155388023264e-01 5.010330033380709924e-01
3.391000000000000000e+03 1.015763471016434494e+00 5.955398681991691534e-01 9.824021462142015215e-01 5.071918155388023264e-01 5.010330033380709924e-01
3.392000000000000000e+03 1.000000000000000000e+00 1.000000000000000000e+00 1.000000000000000000e+00 5.095866473261424501e-01 5.018610815900415023e-01
3.392000000000000000e+03 1.003940867754108623e+00 8.988849670497922606e-01 9.956005365535504081e-01 5.095866473261424501e-01 5.018610815900415023e-01
3.393000000000000000e+03 1.000000000000000000e+00 1.000000000000000000e+00 1.000000000000000000e+00 3.333457228823403229e-01 4.676469576387179972e-01
3.393000000000000000e+03 1.007881735508217247e+00 7.977699340995845212e-01 9.912010731071008163e-01 3.333457228823403229e-01 4.676469576387179972e-01
3.394000000000000000e+03 1.000000000000000000e+00 1.000000000000000000e+00 1.000000000000000000e+00 5.475990227469020866e-01 2.548119079865815984e-01
3.394000000000000000e+03 1.011822603262325870e+00 6.966549011493768928e-01 9.868016096606511134e-01 5.475990227469020866e-01 2.548119079865815984e-01
3.395000000000000000e+03 1.000000000000000000e+00 1.000000000000000000e+00 1.000000000000000000e+00 4.828929380243382474e-01 5.881204622219010636e-01
3.395000000000000000e+03 1.015763471016434494e+00 5.955398681991691534e-01 9.824021462142015215e-01 4.828929380243382474e-01 5.881204622219010636e-01
3.396000000000000000e+03 1.000000000000000000e+00 1.000000000000000000e+00 1.000000000000000000e+00 3.924367394815572174e-01 5.725896853435956668e-01
3.396000000000000000e+03 1.003940867754108623e+00 8.988849670497922606e-01 9.956005365535504081e-01 3.924367394815572174e-01 5.725896853435956668e-01
3.397000000000000000e+03 1.000000000000000000e+00 1.000000000000000000e+00 1.000000000000000000e+00 7.401879188819411315e-01 3.379078007589423893e-01
3.397000000000000000e+03 1.007881735508217247e+00 7.977699340995845212e-01 9.912010731071008163e-01 7.401879188819411315e-01 3.379078007589423893e-01
3.398000000000000000e+03 1.000000000000000000e+00 1.000000000000000000e+00 1.000000000000000000e+00 3.826590577076733335e-01 3.261244102998080985e-01
3.398000000000000000e+03 1.011822603262325870e+00 6.966549011493768928e-01 9.868016096606511134e-01 3.826590577076733335e-01 3.261244102998080985e-01
3.399000000000000000e+03 1.000000000000000000e+00 1.000000000000000000e+00 1.000000000000000000e+00 5.278384283948648337e-01 5.412509313366935526e-01
3.399000000000000000e+03 1.015763471016434494e+00 5.955398681991691534e-01 9.824021462142015215e-01 5.278384283948648337e-01 5.412509313366935526e-01
