2.980000000000000000e+03 1.000000000000000000e+00 1.000000000000000000e+00 1.000000000000000000e+00 3.745805323615849503e-01 5.576792582698684164e-01
2.980000000000000000e+03 1.008778698220463621e+00 1.019638332314953821e+00 9.034568648420989723e-01 3.745805323615849503e-01 5.576792582698684164e-01
2.981000000000000000e+03 1.000000000000000000e+00 1.000000000000000000e+00 1.000000000000000000e+00 7.707839666330240647e-01 3.754689471988975624e-01
2.981000000000000000e+03 1.017557396440927242e+00 1.039276664629907643e+00 8.069137296841979445e-01 7.707839666330240647e-01 3.754689471988975624e-01
2.982000000000000000e+03 1.000000000000000000e+00 1.000000000000000000e+00 1.000000000000000000e+00 4.088948444645146285e-01 3.018982828642804428e-01
2.982000000000000000e+03 1.026336094661391085e+00 1.058914996944861686e+00 7.103705945262968058e-01 4.088948444645146285e-01 3.018982828642804428e-01
2.983000000000000000e+03 1.000000000000000000e+00 1.000000000000000000e+00 1.000000000000000000e+00 5.242533610042513503e-01 5.527372181411105423e-01
2.983000000000000000e+03 1.035114792881854706e+00 1.078553329259815508e+00 6.138274593683957780e-01 5.242533610042513503e-01 5.527372181411105423e-01
2.984000000000000000e+03 1.000000000000000000e+00 1.000000000000000000e+00 1.000000000000000000e+00 5.029923265822796585e-01 5.779894908233834672e-01
2.984000000000000000e+03 1.008778698220463621e+00 1.019638332314953821e+00 9.034568648420989723e-01 5.029923265822796585e-01 5.779894908233834672e-01
2.985000000000000000e+03 1.000000000000000000e+00 1.000000000000000000e+00 1.000000000000000000e+00 4.908732541579520214e-01 2.621281496107614739e-01
2.985000000000000000e+03 1.017557396440927242e+00 1.039276664629907643e+00 8.069137296841979445e-01 4.908732541579520214e-01 2.621281496107614739e-01
2.986000000000000000e+03 1.000000000000000000e+00 1.000000000000000000e+00 1.000000000000000000e+00 8.178130301721661111e-01 4.878060445280678059e-01
2.986000000000000000e+03 1.026336094661391085e+00 1.058914996944861686e+00 7.103705945262968058e-01 8.178130301721661111e-01 4.878060445280678059e-01
2.987000000000000000e+03 1.000000000000000000e+00 1.000000000000000000e+00 1.000000000000000000e+00 3.420693293936890589e-01 5.060595362121638185e-01
2.987000000000000000e+03 1.035114792881854706e+00 1.078553329259815508e+00 6.138274593683957780e-01 3.420693293936890589e-01 5.060595362121638185e-01
2.988000000000000000e+03 1.000000000000000000e+00 1.000000000000000000e+00 1.000000000000000000e+00 4.197899437993796723e-01 5.866106897649415730e-01
2.988000000000000000e+03 1.008778698220463621e+00 1.019638332314953821e+00 9.034568648420989723e-01 4.197899437993796723e-01 5.866106897649415730e-01
2.989000000000000000e+03 1.000000000000000000e+00 1.000000000000000000e+00 1.000000000000000000e+00 6.889262673845187868e-01 2.959977201367128274e-01
2.989000000000000000e+03 1.017557396440927242e+00 1.039276664629907643e+00 8.069137296841979445e-01 6.889262673845187868e-01 2.959977201367128274e-01
2.990000000000000000e+03 1.000000000000000000e+00 1.000000000000000000e+00 1.000000000000000000e+00 3.546935151858856550e-01 3.654318382074304705e-01
2.990000000000000000e+03 1.026336094661391085e+00 1.058914996944861686e+00 7.103705945262968058e-01 3.546935151858856550e-01 3.654318382074304705e-01
2.991000000000000000e+03 1.000000000000000000e+00 1.000000000000000000e+00 1.000000000000000000e+00 5.279148947157686900e-01 5.258519506086711814e-01
2.991000000000000000e+03 1.035114792881854706e+00 1.078553329259815508e+00 6.138274593683957780e-01 5.279148947157686900e-01 5.258519506086711814e-01
2.992000000000000000e+03 1.000000000000000000e+00 1.000000000000000000e+00 1.000000000000000000e+00 5.239003941939833764e-01 5.146764557927937522e-01
2.992000000000000000e+03 1.008778698220463621e+00 1.019638332314953821e+00 9.034568648420989723e-01 5.239003941939833764e-01 5.146764557927937522e-01
2.993000000000000000e+03 1.000000000000000000e+00 1.000000000000000000e+00 1.000000000000000000e+00 3.397541815461894155e-01 4.015982476511011923e-01
2.993000000000000000e+03 1.017557396440927242e+00 1.039276664629907643e+00 8.069137296841979445e-01 3.397541815461894155e-01 4.015982476511011923e-01
2.994000000000000000e+03 1.000000000000000000e+00 1.000000000000000000e+00 1.000000000000000000e+00 6.402644006269513355e-01 2.715814694162758114e-01
2.994000000000000000e+03 1.026336094661391085e+00 1.058914996944861686e+00 7.103705945262968058e-01 6.402644006269513355e-01 2.715814694162758114e-01
2.995000000000000000e+03 1.000000000000000000e+00 1.000000000000000000e+00 1.000000000000000000e+00 4.434608959291536645e-01 5.920731063238969805e-01
2.995000000000000000e+03 1.035114792881854706e+00 1.078553329259815508e+00 6.138274593683957780e-01 4.434608959291536645e-01 5.920731063238969805e-01
2.996000000000000000e+03 1.000000000000000000e+00 1.000000000000000000e+00 1.000000000000000000e+00 3.560119235053658127e-01 5.344283462373811133e-01
2.996000000000000000e+03 1.008778698220463621e+00 1.019638332314953821e+00 9.034568648420989723e-01 3.560119235053658127e-01 5.344283462373811133e-01
2.997000000000000000e+03 1.000000000000000000e+00 1.000000000000000000e+00 1.000000000000000000e+00 7.996015755241913103e-01 4.283636046364147631e-01
2.997000000000000000e+03 1.017557396440927242e+00 1.039276664629907643e+00 8.069137296841979445e-01 7.996015755241913103e-01 4.283636046364147631e-01
2.998000000000000000e+03 1.000000000000000000e+00 1.000000000000000000e+00 1.000000000000000000e+00 4.469676291995168249e-01 2.782051739905871957e-01
2.998000000000000000e+03 1.026336094661391085e+00 1.058914996944861686e+00 7.103705945262968058e-01 4.469676291995168249e-01 2.782051739905871957e-01
2.999000000000000000e+03 1.000000000000000000e+00 1.000000000000000000e+00 1.000000000000000000e+00 5.158243216742791626e-01 5.661813269798555703e-01
2.999000000000000000e+03 1.035114792881854706e+00 1.078553329259815508e+00 6.138274593683957780e-01 5.158243216742791626e-01 5.661813269798555703e-01
