8.000000000000000000e+01 1.000000000000000000e+00 1.000000000000000000e+00 1.000000000000000000e+00 5.277856672008109928e-01 5.251834608067631471e-01
8.000000000000000000e+01 1.010865368234358908e+00 8.854582863292232986e-01 9.808855354981065311e-01 5.277856672008109928e-01 5.251834608067631471e-01
8.100000000000000000e+01 1.000000000000000000e+00 1.000000000000000000e+00 1.000000000000000000e+00 3.536621527423955413e-01 3.673671064177138623e-01
8.100000000000000000e+01 1.021730736468717815e+00 7.709165726584465972e-01 9.617710709962129512e-01 3.536621527423955413e-01 3.673671064177138623e-01
8.200000000000000000e+01 1.000000000000000000e+00 1.000000000000000000e+00 1.000000000000000000e+00 6.863576099700475774e-01 2.943860627139988084e-01
8.200000000000000000e+01 1.032596104703076723e+00 6.563748589876698958e-01 9.426566064943193712e-01 6.863576099700475774e-01 2.943860627139988084e-01
8.300000000000000000e+01 1.000000000000000000e+00 1.000000000000000000e+00 1.000000000000000000e+00 4.210918228054753021e-01 5.870617572292077258e-01
8.300000000000000000e+01 1.043461472937435630e+00 5.418331453168931944e-01 9.235421419924259023e-01 4.210918228054753021e-01 5.870617572292077258e-01
8.400000000000000000e+01 1.000000000000000000e+00 1.000000000000000000e+00 1.000000000000000000e+00 3.426897156476853556e-01 5.077281587065682888e-01
8.400000000000000000e+01 1.010865368234358908e+00 8.854582863292232986e-01 9.808855354981065311e-01 3.426897156476853556e-01 5.077281587065682888e-01
8.500000000000000000e+01 1.000000000000000000e+00 1.000000000000000000e+00 1.000000000000000000e+00 8.171175573451422425e-01 4.844210134010447644e-01
8.500000000000000000e+01 1.021730736468717815e+00 7.709165726584465972e-01 9.617710709962129512e-01 8.171175573451422425e-01 4.844210134010447644e-01
8.600000000000000000e+01 1.000000000000000000e+00 1.000000000000000000e+00 1.000000000000000000e+00 4.883464273472382100e-01 2.627860791512715011e-01
8.600000000000000000e+01 1.032596104703076723e+00 6.563748589876698958e-01 9.426566064943193712e-01 4.883464273472382100e-01 2.627860791512715011e-01
8.700000000000000000e+01 1.000000000000000000e+00 1.000000000000000000e+00 1.000000000000000000e+00 5.038027447603748987e-01 5.774066478559009008e-01
8.700000000000000000e+01 1.043461472937435630e+00 5.418331453168931944e-01 9.235421419924259023e-01 5.038027447603748987e-01 5.774066478559009008e-01
8.800000000000000000e+01 1.000000000000000000e+00 1.000000000000000000e+00 1.000000000000000000e+00 5.245844178722411932e-01 5.519793843545980350e-01
8.800000000000000000e+01 1.010865368234358908e+00 8.854582863292232986e-01 9.808855354981065311e-01 5.245844178722411932e-01 5.519793843545980350e-01
8.900000000000000000e+01 1.000000000000000000e+00 1.000000000000000000e+00 1.000000000000000000e+00 4.070067671789135422e-01 3.033823287456511308e-01
8.900000000000000000e+01 1.021730736468717815e+00 7.709165726584465972e-01 9.617710709962129512e-01 4.070067671789135422e-01 3.033823287456511308e-01
9.000000000000000000e+01 1.000000000000000000e+00 1.000000000000000000e+00 1.000000000000000000e+00 7.689368147042243695e-01 3.728023597044909376e-01
9.000000000000000000e+01 1.032596104703076723e+00 6.563748589876698958e-01 9.426566064943193712e-01 7.689368147042243695e-01 3.728023597044909376e-01
9.100000000000000000e+01 1.000000000000000000e+00 1.000000000000000000e+00 1.000000000000000000e+00 3.757014721955265202e-01 5.587888253466637423e-01
9.100000000000000000e+01 1.043461472937435630e+00 5.418331453168931944e-01 9.235421419924259023e-01 3.757014721955265202e-01 5.587888253466637423e-01
9.200000000000000000e+01 1.000000000000000000e+00 1.000000000000000000e+00 1.000000000000000000e+00 4.671532392942585599e-01 5.918005463553445145e-01
9.200000000000000000e+01 1.010865368234358908e+00 8.854582863292232986e-01 9.808855354981065311e-01 4.671532392942585599e-01 5.918005463553445145e-01
9.300000000000000000e+01 1.000000000000000000e+00 1.000000000000000000e+00 1.000000000000000000e+00 5.867491372484965328e-01 2.575524032153720944e-01
9.300000000000000000e+01 1.021730736468717815e+00 7.709165726584465972e-01 9.617710709962129512e-01 5.867491372484965328e-01 2.575524032153720944e-01
9.400000000000000000e+01 1.000000000000000000e+00 1.000000000000000000e+00 1.000000000000000000e+00 3.328759284300137899e-01 4.402020510228809580e-01
9.400000000000000000e+01 1.032596104703076723e+00 6.563748589876698958e-01 9.426566064943193712e-01 3.328759284300137899e-01 4.402020510228809580e-01
9.500000000000000000e+01 1.000000000000000000e+00 1.000000000000000000e+00 1.000000000000000000e+00 5.164770211407028189e-01 5.058955724343638938e-01
9.500000000000000000e+01 1.043461472937435630e+00 5.418331453168931944e-01 9.235421419924259023e-01 5.164770211407028189e-01 5.058955724343638938e-01
9.600000000000000000e+01 1.000000000000000000e+00 1.000000000000000000e+00 1.000000000000000000e+00 5.121253906649317900e-01 5.030372522487908116e-01
9.600000000000000000e+01 1.010865368234358908e+00 8.854582863292232986e-01 9.808855354981065311e-01 5.121253906649317900e-01 5.030372522487908116e-01
9.700000000000000000e+01 1.000000000000000000e+00 1.000000000000000000e+00 1.000000000000000000e+00 3.326696088239411431e-01 4.580859189666869891e-01
9.700000000000000000e+01 1.021730736468717815e+00 7.709165726584465972e-01 9.617710709962129512e-01 3.326696088239411431e-01 4.580859189666869891e-01
9.800000000000000000e+01 1.000000000000000000e+00 1.000000000000000000e+00 1.000000000000000000e+00 5.613524954255740829e-01 2.550671085683776651e-01
9.800000000000000000e+01 1.032596104703076723e+00 6.563748589876698958e-01 9.426566064943193712e-01 5.613524954255740829e-01 2.550671085683776651e-01
9.900000000000000000e+01 1.000000000000000000e+00 1.000000000000000000e+00 1.000000000000000000e+00 4.775243333589481165e-01 5.897278909204952679e-01
9.900000000000000000e+01 1.043461472937435630e+00 5.418331453168931944e-01 9.235421419924259023e-01 4.775243333589481165e-01 5.897278909204952679e-01
