2.160000000000000000e+03 1.000000000000000000e+00 1.000000000000000000e+00 1.000000000000000000e+00 5.205066823340331883e-01 5.098146719910383595e-01
2.160000000000000000e+03 1.001558759317545233e+00 9.183787498620343825e-01 9.994052610760867372e-01 5.205066823340331883e-01 5.098146719910383595e-01
2.161000000000000000e+03 1.000000000000000000e+00 1.000000000000000000e+00 1.000000000000000000e+00 3.351713746415678208e-01 4.211116227249524502e-01
2.161000000000000000e+03 1.003117518635090466e+00 8.367574997240687651e-01 9.988105221521734745e-01 3.351713746415678208e-01 4.211116227249524502e-01
2.162000000000000000e+03 1.000000000000000000e+00 1.000000000000000000e+00 1.000000000000000000e+00 6.134252299170520617e-01 2.630104031293683531e-01
2.162000000000000000e+03 1.004676277952635699e+00 7.551362495861031476e-01 9.982157832282601007e-01 6.134252299170520617e-01 2.630104031293683531e-01
2.163000000000000000e+03 1.000000000000000000e+00 1.000000000000000000e+00 1.000000000000000000e+00 4.556484753669570176e-01 5.926676538462327670e-01
2.163000000000000000e+03 1.006235037270180932e+00 6.735149994481375302e-01 9.976210443043468379e-01 4.556484753669570176e-01 5.926676538462327670e-01
2.164000000000000000e+03 1.000000000000000000e+00 1.000000000000000000e+00 1.000000000000000000e+00 3.653894322460505828e-01 5.474667974019736816e-01
2.164000000000000000e+03 1.001558759317545233e+00 9.183787498620343825e-01 9.994052610760867372e-01 3.653894322460505828e-01 5.474667974019736816e-01
2.165000000000000000e+03 1.000000000000000000e+00 1.000000000000000000e+00 1.000000000000000000e+00 7.855040777485243764e-01 3.993246634194591582e-01
2.165000000000000000e+03 1.003117518635090466e+00 8.367574997240687651e-01 9.988105221521734745e-01 7.855040777485243764e-01 3.993246634194591582e-01
2.166000000000000000e+03 1.000000000000000000e+00 1.000000000000000000e+00 1.000000000000000000e+00 4.259289330087427383e-01 2.899426772487631032e-01
2.166000000000000000e+03 1.004676277952635699e+00 7.551362495861031476e-01 9.982157832282601007e-01 4.259289330087427383e-01 2.899426772487631032e-01
2.167000000000000000e+03 1.000000000000000000e+00 1.000000000000000000e+00 1.000000000000000000e+00 5.208625278126901570e-01 5.591638127566619376e-01
2.167000000000000000e+03 1.006235037270180932e+00 6.735149994481375302e-01 9.976210443043468379e-01 5.208625278126901570e-01 5.591638127566619376e-01
2.168000000000000000e+03 1.000000000000000000e+00 1.000000000000000000e+00 1.000000000000000000e+00 5.285526325515863544e-01 5.317958170364391890e-01
2.168000000000000000e+03 1.001558759317545233e+00 9.183787498620343825e-01 9.994052610760867372e-01 5.285526325515863544e-01 5.317958170364391890e-01
2.169000000000000000e+03 1.000000000000000000e+00 1.000000000000000000e+00 1.000000000000000000e+00 3.645446408201706290e-01 3.491587838947721734e-01
2.169000000000000000e+03 1.003117518635090466e+00 8.367574997240687651e-01 9.988105221521734745e-01 3.645446408201706290e-01 3.491587838947721734e-01
2.170000000000000000e+03 1.000000000000000000e+00 1.000000000000000000e+00 1.000000000000000000e+00 7.103639156396222010e-01 3.110932775060492039e-01
2.170000000000000000e+03 1.004676277952635699e+00 7.551362495861031476e-01 9.982157832282601007e-01 7.103639156396222010e-01 3.110932775060492039e-01
2.171000000000000000e+03 1.000000000000000000e+00 1.000000000000000000e+00 1.000000000000000000e+00 4.086814834291665477e-01 5.820039958657078349e-01
2.171000000000000000e+03 1.006235037270180932e+00 6.735149994481375302e-01 9.976210443043468379e-01 4.086814834291665477e-01 5.820039958657078349e-01
2.172000000000000000e+03 1.000000000000000000e+00 1.000000000000000000e+00 1.000000000000000000e+00 4.955601807520123581e-01 5.826151609069777360e-01
2.172000000000000000e+03 1.001558759317545233e+00 9.183787498620343825e-01 9.994052610760867372e-01 4.955601807520123581e-01 5.826151609069777360e-01
2.173000000000000000e+03 1.000000000000000000e+00 1.000000000000000000e+00 1.000000000000000000e+00 5.130259852724244896e-01 2.576153872162607605e-01
2.173000000000000000e+03 1.003117518635090466e+00 8.367574997240687651e-01 9.988105221521734745e-01 5.130259852724244896e-01 2.576153872162607605e-01
2.174000000000000000e+03 1.000000000000000000e+00 1.000000000000000000e+00 1.000000000000000000e+00 3.375001131546414568e-01 4.912670977397939898e-01
2.174000000000000000e+03 1.004676277952635699e+00 7.551362495861031476e-01 9.982157832282601007e-01 3.375001131546414568e-01 4.912670977397939898e-01
2.175000000000000000e+03 1.000000000000000000e+00 1.000000000000000000e+00 1.000000000000000000e+00 5.027304349685970397e-01 5.001467362357692181e-01
2.175000000000000000e+03 1.006235037270180932e+00 6.735149994481375302e-01 9.976210443043468379e-01 5.027304349685970397e-01 5.001467362357692181e-01
2.176000000000000000e+03 1.000000000000000000e+00 1.000000000000000000e+00 1.000000000000000000e+00 5.039721882223447968e-01 5.003113918221306911e-01
2.176000000000000000e+03 1.001558759317545233e+00 9.183787498620343825e-01 9.994052610760867372e-01 5.039721882223447968e-01 5.003113918221306911e-01
2.177000000000000000e+03 1.000000000000000000e+00 1.000000000000000000e+00 1.000000000000000000e+00 3.365171945352579685e-01 4.871840895166222873e-01
2.177000000000000000e+03 1.003117518635090466e+00 8.367574997240687651e-01 9.988105221521734745e-01 3.365171945352579685e-01 4.871840895166222873e-01
2.178000000000000000e+03 1.000000000000000000e+00 1.000000000000000000e+00 1.000000000000000000e+00 5.190681698140012790e-01 2.567618859140594623e-01
2.178000000000000000e+03 1.004676277952635699e+00 7.551362495861031476e-01 9.982157832282601007e-01 5.190681698140012790e-01 2.567618859140594623e-01
2.179000000000000000e+03 1.000000000000000000e+00 1.000000000000000000e+00 1.000000000000000000e+00 4.934363488472457981e-01 5.837274968435434142e-01
2.179000000000000000e+03 1.006235037270180932e+00 6.735149994481375302e-01 9.976210443043468379e-01 4.934363488472457981e-01 5.837274968435434142e-01
