1.760000000000000000e+03 1.000000000000000000e+00 1.000000000000000000e+00 1.000000000000000000e+00 5.116971000429809679e-01 5.028158173142082132e-01
1.760000000000000000e+03 9.949946884890836785e-01 9.177835502624104302e-01 9.918742108792527601e-01 5.116971000429809679e-01 5.028158173142082132e-01
1.761000000000000000e+03 1.000000000000000000e+00 1.000000000000000000e+00 1.000000000000000000e+00 3.327466604243892179e-01 4.597374693124248179e-01
1.761000000000000000e+03 9.899893769781673569e-01 8.355671005248208605e-01 9.837484217585055202e-01 3.327466604243892179e-01 4.597374693124248179e-01
1.762000000000000000e+03 1.000000000000000000e+00 1.000000000000000000e+00 1.000000000000000000e+00 5.589858873742585832e-01 2.549685406580743385e-01
1.762000000000000000e+03 9.849840654672509244e-01 7.533506507872311797e-01 9.756226326377582803e-01 5.589858873742585832e-01 2.549685406580743385e-01
1.763000000000000000e+03 1.000000000000000000e+00 1.000000000000000000e+00 1.000000000000000000e+00 4.784608259991082746e-01 5.894752198092958473e-01
1.763000000000000000e+03 9.799787539563346028e-01 6.711342010496416099e-01 9.674968435170110403e-01 4.784608259991082746e-01 5.894752198092958473e-01
1.764000000000000000e+03 1.000000000000000000e+00 1.000000000000000000e+00 1.000000000000000000e+00 3.873825451302879141e-01 5.689170503956086922e-01
1.764000000000000000e+03 9.949946884890836785e-01 9.177835502624104302e-01 9.918742108792527601e-01 3.873825451302879141e-01 5.689170503956086922e-01
1.765000000000000000e+03 1.000000000000000000e+00 1.000000000000000000e+00 1.000000000000000000e+00 7.490911516585702090e-01 3.475669027344465700e-01
1.765000000000000000e+03 9.899893769781673569e-01 8.355671005248208605e-01 9.837484217585055202e-01 7.490911516585702090e-01 3.475669027344465700e-01
1.766000000000000000e+03 1.000000000000000000e+00 1.000000000000000000e+00 1.000000000000000000e+00 3.893249261694189389e-01 3.191456967358588526e-01
1.766000000000000000e+03 9.849840654672509244e-01 7.533506507872311797e-01 9.756226326377582803e-01 3.893249261694189389e-01 3.191456967358588526e-01
1.767000000000000000e+03 1.000000000000000000e+00 1.000000000000000000e+00 1.000000000000000000e+00 5.271590269606363233e-01 5.443806064752829688e-01
1.767000000000000000e+03 9.799787539563346028e-01 6.711342010496416099e-01 9.674968435170110403e-01 5.271590269606363233e-01 5.443806064752829688e-01
1.768000000000000000e+03 1.000000000000000000e+00 1.000000000000000000e+00 1.000000000000000000e+00 5.112245142685337695e-01 5.711513264528356171e-01
1.768000000000000000e+03 9.949946884890836785e-01 9.177835502624104302e-01 9.918742108792527601e-01 5.112245142685337695e-01 5.711513264528356171e-01
1.769000000000000000e+03 1.000000000000000000e+00 1.000000000000000000e+00 1.000000000000000000e+00 4.638429421067838399e-01 2.708032108840328633e-01
1.769000000000000000e+03 9.899893769781673569e-01 8.355671005248208605e-01 9.837484217585055202e-01 4.638429421067838399e-01 2.708032108840328633e-01
1.770000000000000000e+03 1.000000000000000000e+00 1.000000000000000000e+00 1.000000000000000000e+00 8.082195204475328687e-01 4.513766702944426168e-01
1.770000000000000000e+03 9.849840654672509244e-01 7.533506507872311797e-01 9.756226326377582803e-01 8.082195204475328687e-01 4.513766702944426168e-01
1.771000000000000000e+03 1.000000000000000000e+00 1.000000000000000000e+00 1.000000000000000000e+00 3.498259422155985954e-01 5.236907860808750481e-01
1.771000000000000000e+03 9.799787539563346028e-01 6.711342010496416099e-01 9.674968435170110403e-01 3.498259422155985954e-01 5.236907860808750481e-01
1.772000000000000000e+03 1.000000000000000000e+00 1.000000000000000000e+00 1.000000000000000000e+00 4.340940828006817909e-01 5.905947628435502805e-01
1.772000000000000000e+03 9.949946884890836785e-01 9.177835502624104302e-01 9.918742108792527601e-01 4.340940828006817909e-01 5.905947628435502805e-01
1.773000000000000000e+03 1.000000000000000000e+00 1.000000000000000000e+00 1.000000000000000000e+00 6.600309649149415092e-01 2.800202481023418288e-01
1.773000000000000000e+03 9.899893769781673569e-01 8.355671005248208605e-01 9.837484217585055202e-01 6.600309649149415092e-01 2.800202481023418288e-01
1.774000000000000000e+03 1.000000000000000000e+00 1.000000000000000000e+00 1.000000000000000000e+00 3.447127426293957742e-01 3.870315589428701686e-01
1.774000000000000000e+03 9.849840654672509244e-01 7.533506507872311797e-01 9.756226326377582803e-01 3.447127426293957742e-01 3.870315589428701686e-01
1.775000000000000000e+03 1.000000000000000000e+00 1.000000000000000000e+00 1.000000000000000000e+00 5.259022683164962242e-01 5.188433933415066424e-01
1.775000000000000000e+03 9.799787539563346028e-01 6.711342010496416099e-01 9.674968435170110403e-01 5.259022683164962242e-01 5.188433933415066424e-01
1.776000000000000000e+03 1.000000000000000000e+00 1.000000000000000000e+00 1.000000000000000000e+00 5.200018660038688845e-01 5.092358720717522491e-01
1.776000000000000000e+03 9.949946884890836785e-01 9.177835502624104302e-01 9.918742108792527601e-01 5.200018660038688845e-01 5.092358720717522491e-01
1.777000000000000000e+03 1.000000000000000000e+00 1.000000000000000000e+00 1.000000000000000000e+00 3.347363553581045315e-01 4.236894257901318572e-01
1.777000000000000000e+03 9.899893769781673569e-01 8.355671005248208605e-01 9.837484217585055202e-01 3.347363553581045315e-01 4.236894257901318572e-01
1.778000000000000000e+03 1.000000000000000000e+00 1.000000000000000000e+00 1.000000000000000000e+00 6.098479252789260618e-01 2.621054660390912394e-01
1.778000000000000000e+03 9.849840654672509244e-01 7.533506507872311797e-01 9.756226326377582803e-01 6.098479252789260618e-01 2.621054660390912394e-01
1.779000000000000000e+03 1.000000000000000000e+00 1.000000000000000000e+00 1.000000000000000000e+00 4.572267768591897763e-01 5.926327553228821765e-01
1.779000000000000000e+03 9.799787539563346028e-01 6.711342010496416099e-01 9.674968435170110403e-01 4.572267768591897763e-01 5.926327553228821765e-01
