4.560000000000000000e+03 1.000000000000000000e+00 1.000000000000000000e+00 1.000000000000000000e+00 5.272957296963931562e-01 5.230748154407917072e-01
4.560000000000000000e+03 8.947236678799161957e-01 9.994445073403588342e-01 9.976068989995411362e-01 5.272957296963931562e-01 5.230748154407917072e-01
4.561000000000000000e+03 1.000000000000000000e+00 1.000000000000000000e+00 1.000000000000000000e+00 3.505148617392065402e-01 3.736307101925605556e-01
4.561000000000000000e+03 7.894473357598323915e-01 9.988890146807176684e-01 9.952137979990822725e-01 3.505148617392065402e-01 3.736307101925605556e-01
4.562000000000000000e+03 1.000000000000000000e+00 1.000000000000000000e+00 1.000000000000000000e+00 6.780165269907633130e-01 2.894201574570063329e-01
4.562000000000000000e+03 6.841710036397484762e-01 9.983335220210765026e-01 9.928206969986235197e-01 6.780165269907633130e-01 2.894201574570063329e-01
4.563000000000000000e+03 1.000000000000000000e+00 1.000000000000000000e+00 1.000000000000000000e+00 4.252779473758844242e-01 5.883904339785932525e-01
4.563000000000000000e+03 5.788946715196646720e-01 9.977780293614353369e-01 9.904275959981646560e-01 4.252779473758844242e-01 5.883904339785932525e-01
4.564000000000000000e+03 1.000000000000000000e+00 1.000000000000000000e+00 1.000000000000000000e+00 3.448017589598202370e-01 5.130051891689210164e-01
4.564000000000000000e+03 8.947236678799161957e-01 9.994445073403588342e-01 9.976068989995411362e-01 3.448017589598202370e-01 5.130051891689210164e-01
4.565000000000000000e+03 1.000000000000000000e+00 1.000000000000000000e+00 1.000000000000000000e+00 8.146394237089974455e-01 4.736340747297743681e-01
4.565000000000000000e+03 7.894473357598323915e-01 9.988890146807176684e-01 9.952137979990822725e-01 8.146394237089974455e-01 4.736340747297743681e-01
4.566000000000000000e+03 1.000000000000000000e+00 1.000000000000000000e+00 1.000000000000000000e+00 4.803144427804266203e-01 2.650811676254113958e-01
4.566000000000000000e+03 6.841710036397484762e-01 9.983335220210765026e-01 9.928206969986235197e-01 4.803144427804266203e-01 2.650811676254113958e-01
4.567000000000000000e+03 1.000000000000000000e+00 1.000000000000000000e+00 1.000000000000000000e+00 5.063248211182688197e-01 5.754776497057708662e-01
4.567000000000000000e+03 5.788946715196646720e-01 9.977780293614353369e-01 9.904275959981646560e-01 5.063248211182688197e-01 5.754776497057708662e-01
4.568000000000000000e+03 1.000000000000000000e+00 1.000000000000000000e+00 1.000000000000000000e+00 5.255575176258014958e-01 5.495379123509661623e-01
4.568000000000000000e+03 8.947236678799161957e-01 9.994445073403588342e-01 9.976068989995411362e-01 5.255575176258014958e-01 5.495379123509661623e-01
4.569000000000000000e+03 1.000000000000000000e+00 1.000000000000000000e+00 1.000000000000000000e+00 4.010832727068662784e-01 3.082705746920912371e-01
4.569000000000000000e+03 7.894473357598323915e-01 9.988890146807176684e-01 9.952137979990822725e-01 4.010832727068662784e-01 3.082705746920912371e-01
4.570000000000000000e+03 1.000000000000000000e+00 1.000000000000000000e+00 1.000000000000000000e+00 7.628251817863800355e-01 3.644036678732001100e-01
4.570000000000000000e+03 6.841710036397484762e-01 9.983335220210765026e-01 9.928206969986235197e-01 7.628251817863800355e-01 3.644036678732001100e-01
4.571000000000000000e+03 1.000000000000000000e+00 1.000000000000000000e+00 1.000000000000000000e+00 3.793663311705625651e-01 5.622371224594676642e-01
4.571000000000000000e+03 5.788946715196646720e-01 9.977780293614353369e-01 9.904275959981646560e-01 3.793663311705625651e-01 5.622371224594676642e-01
4.572000000000000000e+03 1.000000000000000000e+00 1.000000000000000000e+00 1.000000000000000000e+00 4.708753531691128313e-01 5.912048321870132517e-01
4.572000000000000000e+03 8.947236678799161957e-01 9.994445073403588342e-01 9.976068989995411362e-01 4.708753531691128313e-01 5.912048321870132517e-01
4.573000000000000000e+03 1.000000000000000000e+00 1.000000000000000000e+00 1.000000000000000000e+00 5.777964352516598012e-01 2.563777901557013905e-01
4.573000000000000000e+03 7.894473357598323915e-01 9.988890146807176684e-01 9.952137979990822725e-01 5.777964352516598012e-01 2.563777901557013905e-01
4.574000000000000000e+03 1.000000000000000000e+00 1.000000000000000000e+00 1.000000000000000000e+00 3.325864789843440139e-01 4.465394589587264873e-01
4.574000000000000000e+03 6.841710036397484762e-01 9.983335220210765026e-01 9.928206969986235197e-01 3.325864789843440139e-01 4.465394589587264873e-01
4.575000000000000000e+03 1.000000000000000000e+00 1.000000000000000000e+00 1.000000000000000000e+00 5.149961433583706283e-01 5.047887526205008246e-01
4.575000000000000000e+03 5.788946715196646720e-01 9.977780293614353369e-01 9.904275959981646560e-01 5.149961433583706283e-01 5.047887526205008246e-01
4.576000000000000000e+03 1.000000000000000000e+00 1.000000000000000000e+00 1.000000000000000000e+00 5.105041215468540949e-01 5.022490048497219028e-01
4.576000000000000000e+03 8.947236678799161957e-01 9.994445073403588342e-01 9.976068989995411362e-01 5.105041215468540949e-01 5.022490048497219028e-01
4.577000000000000000e+03 1.000000000000000000e+00 1.000000000000000000e+00 1.000000000000000000e+00 3.330417626134578590e-01 4.642530901886022798e-01
4.577000000000000000e+03 7.894473357598323915e-01 9.988890146807176684e-01 9.952137979990822725e-01 3.330417626134578590e-01 4.642530901886022798e-01
4.578000000000000000e+03 1.000000000000000000e+00 1.000000000000000000e+00 1.000000000000000000e+00 5.524958622922357954e-01 2.548147046936138915e-01
4.578000000000000000e+03 6.841710036397484762e-01 9.983335220210765026e-01 9.928206969986235197e-01 5.524958622922357954e-01 2.548147046936138915e-01
4.579000000000000000e+03 1.000000000000000000e+00 1.000000000000000000e+00 1.000000000000000000e+00 4.810020426694401885e-01 5.887311794666980624e-01
4.579000000000000000e+03 5.788946715196646720e-01 9.977780293614353369e-01 9.904275959981646560e-01 4.810020426694401885e-01 5.887311794666980624e-01
