7.000000000000000000e+02 1.000000000000000000e+00 1.000000000000000000e+00 1.000000000000000000e+00 4.830429041840642590e-01 5.880698845107632522e-01
7.000000000000000000e+02 9.923266588362651408e-01 9.147506136819499867e-01 9.821336143282162201e-01 4.830429041840642590e-01 5.880698845107632522e-01
7.010000000000000000e+02 1.000000000000000000e+00 1.000000000000000000e+00 1.000000000000000000e+00 5.472080820799045675e-01 2.548158964317078778e-01
7.010000000000000000e+02 9.846533176725302816e-01 8.295012273638999734e-01 9.642672286564323292e-01 5.472080820799045675e-01 2.548158964317078778e-01
7.020000000000000000e+02 1.000000000000000000e+00 1.000000000000000000e+00 1.000000000000000000e+00 3.333730059604723683e-01 4.679174110520797902e-01
7.020000000000000000e+02 9.769799765087953114e-01 7.442518410458499600e-01 9.464008429846484383e-01 3.333730059604723683e-01 4.679174110520797902e-01
7.030000000000000000e+02 1.000000000000000000e+00 1.000000000000000000e+00 1.000000000000000000e+00 5.095127749819987617e-01 5.018316026839512167e-01
7.030000000000000000e+02 9.693066353450604522e-01 6.590024547277999467e-01 9.285344573128646584e-01 5.095127749819987617e-01 5.018316026839512167e-01
7.040000000000000000e+02 1.000000000000000000e+00 1.000000000000000000e+00 1.000000000000000000e+00 5.071160433862602623e-01 5.010109810952048104e-01
7.040000000000000000e+02 9.923266588362651408e-01 9.147506136819499867e-01 9.821336143282162201e-01 5.071160433862602623e-01 5.010109810952048104e-01
7.050000000000000000e+02 1.000000000000000000e+00 1.000000000000000000e+00 1.000000000000000000e+00 3.344746429717722069e-01 4.764837006115392737e-01
7.050000000000000000e+02 9.846533176725302816e-01 8.295012273638999734e-01 9.642672286564323292e-01 3.344746429717722069e-01 4.764837006115392737e-01
7.060000000000000000e+02 1.000000000000000000e+00 1.000000000000000000e+00 1.000000000000000000e+00 5.347689585350885455e-01 2.552699861507884416e-01
7.060000000000000000e+02 9.769799765087953114e-01 7.442518410458499600e-01 9.464008429846484383e-01 5.347689585350885455e-01 2.552699861507884416e-01
7.070000000000000000e+02 1.000000000000000000e+00 1.000000000000000000e+00 1.000000000000000000e+00 4.877363597581672039e-01 5.863207002072440277e-01
7.070000000000000000e+02 9.693066353450604522e-01 6.590024547277999467e-01 9.285344573128646584e-01 4.877363597581672039e-01 5.863207002072440277e-01
7.080000000000000000e+02 1.000000000000000000e+00 1.000000000000000000e+00 1.000000000000000000e+00 3.983088535853382961e-01 5.763909084716358766e-01
7.080000000000000000e+02 9.923266588362651408e-01 9.147506136819499867e-01 9.821336143282162201e-01 3.983088535853382961e-01 5.763909084716358766e-01
7.090000000000000000e+02 1.000000000000000000e+00 1.000000000000000000e+00 1.000000000000000000e+00 7.296171094719263728e-01 3.275104548269450744e-01
7.090000000000000000e+02 9.846533176725302816e-01 8.295012273638999734e-01 9.642672286564323292e-01 7.296171094719263728e-01 3.275104548269450744e-01
7.100000000000000000e+02 1.000000000000000000e+00 1.000000000000000000e+00 1.000000000000000000e+00 3.755597731776545989e-01 3.343458720567059617e-01
7.100000000000000000e+02 9.769799765087953114e-01 7.442518410458499600e-01 9.464008429846484383e-01 3.755597731776545989e-01 3.343458720567059617e-01
7.110000000000000000e+02 1.000000000000000000e+00 1.000000000000000000e+00 1.000000000000000000e+00 5.283415901209262966e-01 5.377281648860292584e-01
7.110000000000000000e+02 9.693066353450604522e-01 6.590024547277999467e-01 9.285344573128646584e-01 5.283415901209262966e-01 5.377281648860292584e-01
7.120000000000000000e+02 1.000000000000000000e+00 1.000000000000000000e+00 1.000000000000000000e+00 5.167248235110405430e-01 5.650725782090624261e-01
7.120000000000000000e+02 9.923266588362651408e-01 9.147506136819499867e-01 9.821336143282162201e-01 5.167248235110405430e-01 5.650725782090624261e-01
7.130000000000000000e+02 1.000000000000000000e+00 1.000000000000000000e+00 1.000000000000000000e+00 4.434467595696441888e-01 2.799638867070308179e-01
7.130000000000000000e+02 9.846533176725302816e-01 8.295012273638999734e-01 9.642672286564323292e-01 4.434467595696441888e-01 2.799638867070308179e-01
7.140000000000000000e+02 1.000000000000000000e+00 1.000000000000000000e+00 1.000000000000000000e+00 7.975178808349225879e-01 4.235325511099865547e-01
7.140000000000000000e+02 9.769799765087953114e-01 7.442518410458499600e-01 9.464008429846484383e-01 7.975178808349225879e-01 4.235325511099865547e-01
7.150000000000000000e+02 1.000000000000000000e+00 1.000000000000000000e+00 1.000000000000000000e+00 3.574456542489842237e-01 5.366390319706981771e-01
7.150000000000000000e+02 9.693066353450604522e-01 6.590024547277999467e-01 9.285344573128646584e-01 3.574456542489842237e-01 5.366390319706981771e-01
7.160000000000000000e+02 1.000000000000000000e+00 1.000000000000000000e+00 1.000000000000000000e+00 4.454597690961606959e-01 5.922741749852357129e-01
7.160000000000000000e+02 9.923266588362651408e-01 9.147506136819499867e-01 9.821336143282162201e-01 4.454597690961606959e-01 5.922741749852357129e-01
7.170000000000000000e+02 1.000000000000000000e+00 1.000000000000000000e+00 1.000000000000000000e+00 6.359530537107364045e-01 2.699871148327215309e-01
7.170000000000000000e+02 9.846533176725302816e-01 8.295012273638999734e-01 9.642672286564323292e-01 6.359530537107364045e-01 2.699871148327215309e-01
7.180000000000000000e+02 1.000000000000000000e+00 1.000000000000000000e+00 1.000000000000000000e+00 3.388564699237429645e-01 4.047533576927121457e-01
7.180000000000000000e+02 9.769799765087953114e-01 7.442518410458499600e-01 9.464008429846484383e-01 3.388564699237429645e-01 4.047533576927121457e-01
7.190000000000000000e+02 1.000000000000000000e+00 1.000000000000000000e+00 1.000000000000000000e+00 5.234048198942142793e-01 5.138338195003907538e-01
7.190000000000000000e+02 9.693066353450604522e-01 6.590024547277999467e-01 9.285344573128646584e-01 5.234048198942142793e-01 5.138338195003907538e-01
