2.760000000000000000e+03 1.000000000000000000e+00 1.000000000000000000e+00 1.000000000000000000e+00 5.164824843805759791e-01 5.653761190126769254e-01
2.760000000000000000e+03 8.927846748982490865e-01 1.004590868208310672e+00 9.908380120755391207e-01 5.164824843805759791e-01 5.653761190126769254e-01
2.761000000000000000e+03 1.000000000000000000e+00 1.000000000000000000e+00 1.000000000000000000e+00 4.444026511797720680e-01 2.794786993674363007e-01
2.761000000000000000e+03 7.855693497964982841e-01 1.009181736416621344e+00 9.816760241510781304e-01 4.444026511797720680e-01 2.794786993674363007e-01
2.762000000000000000e+03 1.000000000000000000e+00 1.000000000000000000e+00 1.000000000000000000e+00 7.980938914425070863e-01 4.248452189599460915e-01
2.762000000000000000e+03 6.783540246947474817e-01 1.013772604624932239e+00 9.725140362266171401e-01 7.980938914425070863e-01 4.248452189599460915e-01
2.763000000000000000e+03 1.000000000000000000e+00 1.000000000000000000e+00 1.000000000000000000e+00 3.570512901773796877e-01 5.360399166004019555e-01
2.763000000000000000e+03 5.711386995929965682e-01 1.018363472833242911e+00 9.633520483021562608e-01 3.570512901773796877e-01 5.360399166004019555e-01
2.764000000000000000e+03 1.000000000000000000e+00 1.000000000000000000e+00 1.000000000000000000e+00 4.449155233694415124e-01 5.922234225284069842e-01
2.764000000000000000e+03 8.927846748982490865e-01 1.004590868208310672e+00 9.908380120755391207e-01 4.449155233694415124e-01 5.922234225284069842e-01
2.765000000000000000e+03 1.000000000000000000e+00 1.000000000000000000e+00 1.000000000000000000e+00 6.371303007319285561e-01 2.704139815892821486e-01
2.765000000000000000e+03 7.855693497964982841e-01 1.009181736416621344e+00 9.816760241510781304e-01 6.371303007319285561e-01 2.704139815892821486e-01
2.766000000000000000e+03 1.000000000000000000e+00 1.000000000000000000e+00 1.000000000000000000e+00 3.390952795304376099e-01 4.038926113187564781e-01
2.766000000000000000e+03 6.783540246947474817e-01 1.013772604624932239e+00 9.725140362266171401e-01 3.390952795304376099e-01 4.038926113187564781e-01
2.767000000000000000e+03 1.000000000000000000e+00 1.000000000000000000e+00 1.000000000000000000e+00 5.235421245872514673e-01 5.140615645798735089e-01
2.767000000000000000e+03 5.711386995929965682e-01 1.018363472833242911e+00 9.633520483021562608e-01 5.235421245872514673e-01 5.140615645798735089e-01
2.768000000000000000e+03 1.000000000000000000e+00 1.000000000000000000e+00 1.000000000000000000e+00 5.277662982198654262e-01 5.250884318298517650e-01
2.768000000000000000e+03 8.927846748982490865e-01 1.004590868208310672e+00 9.908380120755391207e-01 5.277662982198654262e-01 5.250884318298517650e-01
2.769000000000000000e+03 1.000000000000000000e+00 1.000000000000000000e+00 1.000000000000000000e+00 3.535168359048015407e-01 3.676441185093205499e-01
2.769000000000000000e+03 7.855693497964982841e-01 1.009181736416621344e+00 9.816760241510781304e-01 3.535168359048015407e-01 3.676441185093205499e-01
2.770000000000000000e+03 1.000000000000000000e+00 1.000000000000000000e+00 1.000000000000000000e+00 6.859896063210932926e-01 2.941584029671350242e-01
2.770000000000000000e+03 6.783540246947474817e-01 1.013772604624932239e+00 9.725140362266171401e-01 6.859896063210932926e-01 2.941584029671350242e-01
2.771000000000000000e+03 1.000000000000000000e+00 1.000000000000000000e+00 1.000000000000000000e+00 4.212778433397343369e-01 5.871247311575319427e-01
2.771000000000000000e+03 5.711386995929965682e-01 1.018363472833242911e+00 9.633520483021562608e-01 4.212778433397343369e-01 5.871247311575319427e-01
2.772000000000000000e+03 1.000000000000000000e+00 1.000000000000000000e+00 1.000000000000000000e+00 3.427797804959957784e-01 5.079655073679181232e-01
2.772000000000000000e+03 8.927846748982490865e-01 1.004590868208310672e+00 9.908380120755391207e-01 3.427797804959957784e-01 5.079655073679181232e-01
2.773000000000000000e+03 1.000000000000000000e+00 1.000000000000000000e+00 1.000000000000000000e+00 8.170152614614238917e-01 4.839385327861779329e-01
2.773000000000000000e+03 7.855693497964982841e-01 1.009181736416621344e+00 9.816760241510781304e-01 8.170152614614238917e-01 4.839385327861779329e-01
2.774000000000000000e+03 1.000000000000000000e+00 1.000000000000000000e+00 1.000000000000000000e+00 4.879865127091299049e-01 2.628822595172859433e-01
2.774000000000000000e+03 6.783540246947474817e-01 1.013772604624932239e+00 9.725140362266171401e-01 4.879865127091299049e-01 2.628822595172859433e-01
2.775000000000000000e+03 1.000000000000000000e+00 1.000000000000000000e+00 1.000000000000000000e+00 5.039175274449662068e-01 5.773226985252943866e-01
2.775000000000000000e+03 5.711386995929965682e-01 1.018363472833242911e+00 9.633520483021562608e-01 5.039175274449662068e-01 5.773226985252943866e-01
2.776000000000000000e+03 1.000000000000000000e+00 1.000000000000000000e+00 1.000000000000000000e+00 5.246306132547395862e-01 5.518710383471457925e-01
2.776000000000000000e+03 8.927846748982490865e-01 1.004590868208310672e+00 9.908380120755391207e-01 5.246306132547395862e-01 5.518710383471457925e-01
2.777000000000000000e+03 1.000000000000000000e+00 1.000000000000000000e+00 1.000000000000000000e+00 4.067387800164075085e-01 3.035957826937323301e-01
2.777000000000000000e+03 7.855693497964982841e-01 1.009181736416621344e+00 9.816760241510781304e-01 4.067387800164075085e-01 3.035957826937323301e-01
2.778000000000000000e+03 1.000000000000000000e+00 1.000000000000000000e+00 1.000000000000000000e+00 7.686708067858285531e-01 3.724234766519811113e-01
2.778000000000000000e+03 6.783540246947474817e-01 1.013772604624932239e+00 9.725140362266171401e-01 7.686708067858285531e-01 3.724234766519811113e-01
2.779000000000000000e+03 1.000000000000000000e+00 1.000000000000000000e+00 1.000000000000000000e+00 3.758623721732932688e-01 5.589459166191660389e-01
2.779000000000000000e+03 5.711386995929965682e-01 1.018363472833242911e+00 9.633520483021562608e-01 3.758623721732932688e-01 5.589459166191660389e-01
