1.000000000000000000e+02 1.000000000000000000e+00 1.000000000000000000e+00 1.000000000000000000e+00 3.863509591749639815e-01 5.681186136056018965e-01
1.000000000000000000e+02 1.000315792167146167e+00 1.004792986424140500e+00 8.819860188929181666e-01 3.863509591749639815e-01 5.681186136056018965e-01
1.010000000000000000e+02 1.000000000000000000e+00 1.000000000000000000e+00 1.000000000000000000e+00 7.508856184250796151e-01 3.496249473234825933e-01
1.010000000000000000e+02 1.000631584334292334e+00 1.009585972848280999e+00 7.639720377858363332e-01 7.508856184250796151e-01 3.496249473234825933e-01
1.020000000000000000e+02 1.000000000000000000e+00 1.000000000000000000e+00 1.000000000000000000e+00 3.907531668589403484e-01 3.177326703749422387e-01
1.020000000000000000e+02 1.000947376501438724e+00 1.014378959272421277e+00 6.459580566787546108e-01 3.907531668589403484e-01 3.177326703749422387e-01
1.030000000000000000e+02 1.000000000000000000e+00 1.000000000000000000e+00 1.000000000000000000e+00 5.269903940701441414e-01 5.450307520250142757e-01
1.030000000000000000e+02 1.001263168668584891e+00 1.019171945696561776e+00 5.279440755716727773e-01 5.269903940701441414e-01 5.450307520250142757e-01
1.040000000000000000e+02 1.000000000000000000e+00 1.000000000000000000e+00 1.000000000000000000e+00 5.106379593980137077e-01 5.717152969724466072e-01
1.040000000000000000e+02 1.000315792167146167e+00 1.004792986424140500e+00 8.819860188929181666e-01 5.106379593980137077e-01 5.717152969724466072e-01
1.050000000000000000e+02 1.000000000000000000e+00 1.000000000000000000e+00 1.000000000000000000e+00 4.658851646891282727e-01 2.700164614331884150e-01
1.050000000000000000e+02 1.000631584334292334e+00 1.009585972848280999e+00 7.639720377858363332e-01 4.658851646891282727e-01 2.700164614331884150e-01
1.060000000000000000e+02 1.000000000000000000e+00 1.000000000000000000e+00 1.000000000000000000e+00 8.091176593639940462e-01 4.541467267326992352e-01
1.060000000000000000e+02 1.000947376501438724e+00 1.014378959272421277e+00 6.459580566787546108e-01 8.091176593639940462e-01 4.541467267326992352e-01
1.070000000000000000e+02 1.000000000000000000e+00 1.000000000000000000e+00 1.000000000000000000e+00 3.491505822303708761e-01 5.223763973544426342e-01
1.070000000000000000e+02 1.001263168668584891e+00 1.019171945696561776e+00 5.279440755716727773e-01 3.491505822303708761e-01 5.223763973544426342e-01
1.080000000000000000e+02 1.000000000000000000e+00 1.000000000000000000e+00 1.000000000000000000e+00 4.329838282446012432e-01 5.903608472915725658e-01
1.080000000000000000e+02 1.000315792167146167e+00 1.004792986424140500e+00 8.819860188929181666e-01 4.329838282446012432e-01 5.903608472915725658e-01
1.090000000000000000e+02 1.000000000000000000e+00 1.000000000000000000e+00 1.000000000000000000e+00 6.623280604741880184e-01 2.811259476715241568e-01
1.090000000000000000e+02 1.000631584334292334e+00 1.009585972848280999e+00 7.639720377858363332e-01 6.623280604741880184e-01 2.811259476715241568e-01
1.100000000000000000e+02 1.000000000000000000e+00 1.000000000000000000e+00 1.000000000000000000e+00 3.453825501899758788e-01 3.853278838852066124e-01
1.100000000000000000e+02 1.000947376501438724e+00 1.014378959272421277e+00 6.459580566787546108e-01 3.453825501899758788e-01 3.853278838852066124e-01
1.110000000000000000e+02 1.000000000000000000e+00 1.000000000000000000e+00 1.000000000000000000e+00 5.261042447731210103e-01 5.193602273960040705e-01
1.110000000000000000e+02 1.001263168668584891e+00 1.019171945696561776e+00 5.279440755716727773e-01 5.261042447731210103e-01 5.193602273960040705e-01
1.120000000000000000e+02 1.000000000000000000e+00 1.000000000000000000e+00 1.000000000000000000e+00 5.203397590952775209e-01 5.096199896021813558e-01
1.120000000000000000e+02 1.000315792167146167e+00 1.004792986424140500e+00 8.819860188929181666e-01 5.203397590952775209e-01 5.096199896021813558e-01
1.130000000000000000e+02 1.000000000000000000e+00 1.000000000000000000e+00 1.000000000000000000e+00 3.350219540049715894e-01 4.219711954489735461e-01
1.130000000000000000e+02 1.000631584334292334e+00 1.009585972848280999e+00 7.639720377858363332e-01 3.350219540049715894e-01 4.219711954489735461e-01
1.140000000000000000e+02 1.000000000000000000e+00 1.000000000000000000e+00 1.000000000000000000e+00 6.122332120254491139e-01 2.627028105550961445e-01
1.140000000000000000e+02 1.000947376501438724e+00 1.014378959272421277e+00 6.459580566787546108e-01 6.122332120254491139e-01 2.627028105550961445e-01
1.150000000000000000e+02 1.000000000000000000e+00 1.000000000000000000e+00 1.000000000000000000e+00 4.561756029233960952e-01 5.926589025451529658e-01
1.150000000000000000e+02 1.001263168668584891e+00 1.019171945696561776e+00 5.279440755716727773e-01 4.561756029233960952e-01 5.926589025451529658e-01
1.160000000000000000e+02 1.000000000000000000e+00 1.000000000000000000e+00 1.000000000000000000e+00 3.658299707114195387e-01 5.480068041083914210e-01
1.160000000000000000e+02 1.000315792167146167e+00 1.004792986424140500e+00 8.819860188929181666e-01 3.658299707114195387e-01 5.480068041083914210e-01
1.170000000000000000e+02 1.000000000000000000e+00 1.000000000000000000e+00 1.000000000000000000e+00 7.848170797178637415e-01 3.980908193488534863e-01
1.170000000000000000e+02 1.000631584334292334e+00 1.009585972848280999e+00 7.639720377858363332e-01 7.848170797178637415e-01 3.980908193488534863e-01
1.180000000000000000e+02 1.000000000000000000e+00 1.000000000000000000e+00 1.000000000000000000e+00 4.250420076202310327e-01 2.905064454967778431e-01
1.180000000000000000e+02 1.000947376501438724e+00 1.014378959272421277e+00 6.459580566787546108e-01 4.250420076202310327e-01 2.905064454967778431e-01
1.190000000000000000e+02 1.000000000000000000e+00 1.000000000000000000e+00 1.000000000000000000e+00 5.210556158370137636e-01 5.588465040739387657e-01
1.190000000000000000e+02 1.001263168668584891e+00 1.019171945696561776e+00 5.279440755716727773e-01 5.210556158370137636e-01 5.588465040739387657e-01
