6.400000000000000000e+02 1.000000000000000000e+00 1.000000000000000000e+00 1.000000000000000000e+00 5.046676597553171328e-01 5.004308232335803464e-01
6.400000000000000000e+02 9.069377903168983623e-01 1.007979657655628358e+00 9.866655178354288847e-01 5.046676597553171328e-01 5.004308232335803464e-01
6.410000000000000000e+02 1.000000000000000000e+00 1.000000000000000000e+00 1.000000000000000000e+00 3.360095539298572631e-01 4.848637437268784600e-01
6.410000000000000000e+02 8.138755806337967247e-01 1.015959315311256494e+00 9.733310356708577693e-01 3.360095539298572631e-01 4.848637437268784600e-01
6.420000000000000000e+02 1.000000000000000000e+00 1.000000000000000000e+00 1.000000000000000000e+00 5.224889727928920813e-01 2.563481607724444888e-01
6.420000000000000000e+02 7.208133709506950870e-01 1.023938972966884631e+00 9.599965535062866540e-01 5.224889727928920813e-01 2.563481607724444888e-01
6.430000000000000000e+02 1.000000000000000000e+00 1.000000000000000000e+00 1.000000000000000000e+00 4.922164602466491123e-01 5.843290529127299626e-01
6.430000000000000000e+02 6.277511612675934494e-01 1.031918630622512989e+00 9.466620713417155386e-01 4.922164602466491123e-01 5.843290529127299626e-01
6.440000000000000000e+02 1.000000000000000000e+00 1.000000000000000000e+00 1.000000000000000000e+00 4.041024275873167926e-01 5.796908292189520973e-01
6.440000000000000000e+02 9.069377903168983623e-01 1.007979657655628358e+00 9.866655178354288847e-01 4.041024275873167926e-01 5.796908292189520973e-01
6.450000000000000000e+02 1.000000000000000000e+00 1.000000000000000000e+00 1.000000000000000000e+00 7.189541064359759037e-01 3.180492596028438035e-01
6.450000000000000000e+02 8.138755806337967247e-01 1.015959315311256494e+00 9.733310356708577693e-01 7.189541064359759037e-01 3.180492596028438035e-01
6.460000000000000000e+02 1.000000000000000000e+00 1.000000000000000000e+00 1.000000000000000000e+00 3.691792151919458531e-01 3.425741605756704722e-01
6.460000000000000000e+02 7.208133709506950870e-01 1.023938972966884631e+00 9.599965535062866540e-01 3.691792151919458531e-01 3.425741605756704722e-01
6.470000000000000000e+02 1.000000000000000000e+00 1.000000000000000000e+00 1.000000000000000000e+00 5.285608736298499366e-01 5.343693054010368870e-01
6.470000000000000000e+02 6.277511612675934494e-01 1.031918630622512989e+00 9.466620713417155386e-01 5.285608736298499366e-01 5.343693054010368870e-01
6.480000000000000000e+02 1.000000000000000000e+00 1.000000000000000000e+00 1.000000000000000000e+00 5.191572605832593945e-01 5.617856943247795387e-01
6.480000000000000000e+02 9.069377903168983623e-01 1.007979657655628358e+00 9.866655178354288847e-01 5.191572605832593945e-01 5.617856943247795387e-01
6.490000000000000000e+02 1.000000000000000000e+00 1.000000000000000000e+00 1.000000000000000000e+00 4.334585972977608170e-01 2.853917187462970961e-01
6.490000000000000000e+02 8.138755806337967247e-01 1.015959315311256494e+00 9.733310356708577693e-01 4.334585972977608170e-01 2.853917187462970961e-01
6.500000000000000000e+02 1.000000000000000000e+00 1.000000000000000000e+00 1.000000000000000000e+00 7.910195747181645309e-01 4.097665262382709228e-01
6.500000000000000000e+02 7.208133709506950870e-01 1.023938972966884631e+00 9.599965535062866540e-01 7.910195747181645309e-01 4.097665262382709228e-01
6.510000000000000000e+02 1.000000000000000000e+00 1.000000000000000000e+00 1.000000000000000000e+00 3.618030122107588342e-01 5.428493316427493998e-01
6.510000000000000000e+02 6.277511612675934494e-01 1.031918630622512989e+00 9.466620713417155386e-01 3.618030122107588342e-01 5.428493316427493998e-01
6.520000000000000000e+02 1.000000000000000000e+00 1.000000000000000000e+00 1.000000000000000000e+00 4.512180855992910522e-01 5.926271962419887851e-01
6.520000000000000000e+02 9.069377903168983623e-01 1.007979657655628358e+00 9.866655178354288847e-01 4.512180855992910522e-01 5.926271962419887851e-01
6.530000000000000000e+02 1.000000000000000000e+00 1.000000000000000000e+00 1.000000000000000000e+00 6.233381537235835879e-01 2.658052680090611242e-01
6.530000000000000000e+02 8.138755806337967247e-01 1.015959315311256494e+00 9.733310356708577693e-01 6.233381537235835879e-01 2.658052680090611242e-01
6.540000000000000000e+02 1.000000000000000000e+00 1.000000000000000000e+00 1.000000000000000000e+00 3.365890358835361695e-01 4.139399659378537599e-01
6.540000000000000000e+02 7.208133709506950870e-01 1.023938972966884631e+00 9.599965535062866540e-01 3.365890358835361695e-01 4.139399659378537599e-01
6.550000000000000000e+02 1.000000000000000000e+00 1.000000000000000000e+00 1.000000000000000000e+00 5.218434283675137397e-01 5.115037947392716555e-01
6.550000000000000000e+02 6.277511612675934494e-01 1.031918630622512989e+00 9.466620713417155386e-01 5.218434283675137397e-01 5.115037947392716555e-01
6.560000000000000000e+02 1.000000000000000000e+00 1.000000000000000000e+00 1.000000000000000000e+00 5.269483186530402596e-01 5.218405764123614787e-01
6.560000000000000000e+02 9.069377903168983623e-01 1.007979657655628358e+00 9.866655178354288847e-01 5.269483186530402596e-01 5.218405764123614787e-01
6.570000000000000000e+02 1.000000000000000000e+00 1.000000000000000000e+00 1.000000000000000000e+00 3.487495268392425407e-01 3.774173053612501771e-01
6.570000000000000000e+02 8.138755806337967247e-01 1.015959315311256494e+00 9.733310356708577693e-01 3.487495268392425407e-01 3.774173053612501771e-01
6.580000000000000000e+02 1.000000000000000000e+00 1.000000000000000000e+00 1.000000000000000000e+00 6.729537537519438839e-01 2.865984495853838299e-01
6.580000000000000000e+02 7.208133709506950870e-01 1.023938972966884631e+00 9.599965535062866540e-01 6.729537537519438839e-01 2.865984495853838299e-01
6.590000000000000000e+02 1.000000000000000000e+00 1.000000000000000000e+00 1.000000000000000000e+00 4.277883644744442937e-01 5.890993959068988595e-01
6.590000000000000000e+02 6.277511612675934494e-01 1.031918630622512989e+00 9.466620713417155386e-01 4.277883644744442937e-01 5.890993959068988595e-01
