1.040000000000000000e+03 1.000000000000000000e+00 1.000000000000000000e+00 1.000000000000000000e+00 5.251769698835787592e-01 5.171599800129215163e-01
1.040000000000000000e+03 1.000897489588784994e+00 9.069125795025191339e-01 1.001228209903320288e+00 5.251769698835787592e-01 5.171599800129215163e-01
1.041000000000000000e+03 1.000000000000000000e+00 1.000000000000000000e+00 1.000000000000000000e+00 3.426116600611149865e-01 3.927281249448650868e-01
1.041000000000000000e+03 1.001794979177569989e+00 8.138251590050382678e-01 1.002456419806640353e+00 3.426116600611149865e-01 3.927281249448650868e-01
1.042000000000000000e+03 1.000000000000000000e+00 1.000000000000000000e+00 1.000000000000000000e+00 6.523278225762416671e-01 2.765059750334619149e-01
1.042000000000000000e+03 1.002692468766355205e+00 7.207377385075574017e-01 1.003684629709960419e+00 6.523278225762416671e-01 2.765059750334619149e-01
1.043000000000000000e+03 1.000000000000000000e+00 1.000000000000000000e+00 1.000000000000000000e+00 4.377840724659717853e-01 5.912826549112318864e-01
1.043000000000000000e+03 1.003589958355140199e+00 6.276503180100765356e-01 1.004912839613280706e+00 4.377840724659717853e-01 5.912826549112318864e-01
1.044000000000000000e+03 1.000000000000000000e+00 1.000000000000000000e+00 1.000000000000000000e+00 3.521585393589365953e-01 5.279954861018593126e-01
1.044000000000000000e+03 1.000897489588784994e+00 9.069125795025191339e-01 1.001228209903320288e+00 3.521585393589365953e-01 5.279954861018593126e-01
1.045000000000000000e+03 1.000000000000000000e+00 1.000000000000000000e+00 1.000000000000000000e+00 8.050477490070540032e-01 4.422356896319891706e-01
1.045000000000000000e+03 1.001794979177569989e+00 8.138251590050382678e-01 1.002456419806640353e+00 8.050477490070540032e-01 4.422356896319891706e-01
1.046000000000000000e+03 1.000000000000000000e+00 1.000000000000000000e+00 1.000000000000000000e+00 4.571201017650649567e-01 2.735553951759412961e-01
1.046000000000000000e+03 1.002692468766355205e+00 7.207377385075574017e-01 1.003684629709960419e+00 4.571201017650649567e-01 2.735553951759412961e-01
1.047000000000000000e+03 1.000000000000000000e+00 1.000000000000000000e+00 1.000000000000000000e+00 5.131110739687835265e-01 5.692383164580681054e-01
1.047000000000000000e+03 1.003589958355140199e+00 6.276503180100765356e-01 1.004912839613280706e+00 5.131110739687835265e-01 5.692383164580681054e-01
1.048000000000000000e+03 1.000000000000000000e+00 1.000000000000000000e+00 1.000000000000000000e+00 5.276515282988923916e-01 5.422195181083115934e-01
1.048000000000000000e+03 1.000897489588784994e+00 9.069125795025191339e-01 1.001228209903320288e+00 5.276515282988923916e-01 5.422195181083115934e-01
1.049000000000000000e+03 1.000000000000000000e+00 1.000000000000000000e+00 1.000000000000000000e+00 3.846854222334115669e-01 3.239328455359264392e-01
1.049000000000000000e+03 1.001794979177569989e+00 8.138251590050382678e-01 1.002456419806640353e+00 3.846854222334115669e-01 3.239328455359264392e-01
1.050000000000000000e+03 1.000000000000000000e+00 1.000000000000000000e+00 1.000000000000000000e+00 7.429909726419544613e-01 3.408538974995635740e-01
1.050000000000000000e+03 1.002692468766355205e+00 7.207377385075574017e-01 1.003684629709960419e+00 7.429909726419544613e-01 3.408538974995635740e-01
1.051000000000000000e+03 1.000000000000000000e+00 1.000000000000000000e+00 1.000000000000000000e+00 3.908566637138074507e-01 5.714830530327403846e-01
1.051000000000000000e+03 1.003589958355140199e+00 6.276503180100765356e-01 1.004912839613280706e+00 3.908566637138074507e-01 5.714830530327403846e-01
1.052000000000000000e+03 1.000000000000000000e+00 1.000000000000000000e+00 1.000000000000000000e+00 4.815345169737904607e-01 5.885642177358964000e-01
1.052000000000000000e+03 1.000897489588784994e+00 9.069125795025191339e-01 1.001228209903320288e+00 4.815345169737904607e-01 5.885642177358964000e-01
1.053000000000000000e+03 1.000000000000000000e+00 1.000000000000000000e+00 1.000000000000000000e+00 5.511229176010602471e-01 2.548040742130536218e-01
1.053000000000000000e+03 1.001794979177569989e+00 8.138251590050382678e-01 1.002456419806640353e+00 5.511229176010602471e-01 2.548040742130536218e-01
1.054000000000000000e+03 1.000000000000000000e+00 1.000000000000000000e+00 1.000000000000000000e+00 3.331199282385786109e-01 4.652057996863651623e-01
1.054000000000000000e+03 1.002692468766355205e+00 7.207377385075574017e-01 1.003684629709960419e+00 3.331199282385786109e-01 4.652057996863651623e-01
1.055000000000000000e+03 1.000000000000000000e+00 1.000000000000000000e+00 1.000000000000000000e+00 5.102483637103714109e-01 5.021367657387841854e-01
1.055000000000000000e+03 1.003589958355140199e+00 6.276503180100765356e-01 1.004912839613280706e+00 5.102483637103714109e-01 5.021367657387841854e-01
1.056000000000000000e+03 1.000000000000000000e+00 1.000000000000000000e+00 1.000000000000000000e+00 5.147607158462189636e-01 5.046263910632025063e-01
1.056000000000000000e+03 1.000897489588784994e+00 9.069125795025191339e-01 1.001228209903320288e+00 5.147607158462189636e-01 5.046263910632025063e-01
1.057000000000000000e+03 1.000000000000000000e+00 1.000000000000000000e+00 1.000000000000000000e+00 3.325627889363240719e-01 4.475208367275110288e-01
1.057000000000000000e+03 1.001794979177569989e+00 8.138251590050382678e-01 1.002456419806640353e+00 3.325627889363240719e-01 4.475208367275110288e-01
1.058000000000000000e+03 1.000000000000000000e+00 1.000000000000000000e+00 1.000000000000000000e+00 5.764055493771321759e-01 2.562245413275956452e-01
1.058000000000000000e+03 1.002692468766355205e+00 7.207377385075574017e-01 1.003684629709960419e+00 5.764055493771321759e-01 2.562245413275956452e-01
1.059000000000000000e+03 1.000000000000000000e+00 1.000000000000000000e+00 1.000000000000000000e+00 4.714472228321542890e-01 5.910989634549473903e-01
1.059000000000000000e+03 1.003589958355140199e+00 6.276503180100765356e-01 1.004912839613280706e+00 4.714472228321542890e-01 5.910989634549473903e-01
