3.440000000000000000e+03 1.000000000000000000e+00 1.000000000000000000e+00 1.000000000000000000e+00 5.218948249228051450e-01 5.115737989977507949e-01
3.440000000000000000e+03 8.865569713966455767e-01 9.933246311694223785e-01 1.011688516233736124e+00 5.218948249228051450e-01 5.115737989977507949e-01
3.441000000000000000e+03 1.000000000000000000e+00 1.000000000000000000e+00 1.000000000000000000e+00 3.366521736831732947e-01 4.136528876035310276e-01
3.441000000000000000e+03 7.731139427932911534e-01 9.866492623388448679e-01 1.023377032467472247e+00 3.366521736831732947e-01 4.136528876035310276e-01
3.442000000000000000e+03 1.000000000000000000e+00 1.000000000000000000e+00 1.000000000000000000e+00 6.237337690958278946e-01 2.659256729861624313e-01
3.442000000000000000e+03 6.596709141899366191e-01 9.799738935082673574e-01 1.035065548701208371e+00 6.237337690958278946e-01 2.659256729861624313e-01
3.443000000000000000e+03 1.000000000000000000e+00 1.000000000000000000e+00 1.000000000000000000e+00 4.510395443028901163e-01 5.926213256198158419e-01
3.443000000000000000e+03 5.462278855865821958e-01 9.732985246776897359e-01 1.046754064934944495e+00 4.510395443028901163e-01 5.926213256198158419e-01
3.444000000000000000e+03 1.000000000000000000e+00 1.000000000000000000e+00 1.000000000000000000e+00 3.616627889731001133e-01 5.426603120820697734e-01
3.444000000000000000e+03 8.865569713966455767e-01 9.933246311694223785e-01 1.011688516233736124e+00 3.616627889731001133e-01 5.426603120820697734e-01
3.445000000000000000e+03 1.000000000000000000e+00 1.000000000000000000e+00 1.000000000000000000e+00 7.912323044878232237e-01 4.101900283690477766e-01
3.445000000000000000e+03 7.731139427932911534e-01 9.866492623388448679e-01 1.023377032467472247e+00 7.912323044878232237e-01 4.101900283690477766e-01
3.446000000000000000e+03 1.000000000000000000e+00 1.000000000000000000e+00 1.000000000000000000e+00 4.337648581434889739e-01 2.852152422426384448e-01
3.446000000000000000e+03 6.596709141899366191e-01 9.799738935082673574e-01 1.035065548701208371e+00 4.337648581434889739e-01 2.852152422426384448e-01
3.447000000000000000e+03 1.000000000000000000e+00 1.000000000000000000e+00 1.000000000000000000e+00 5.190854823076286317e-01 5.618896642964382737e-01
3.447000000000000000e+03 5.462278855865821958e-01 9.732985246776897359e-01 1.046754064934944495e+00 5.190854823076286317e-01 5.618896642964382737e-01
3.448000000000000000e+03 1.000000000000000000e+00 1.000000000000000000e+00 1.000000000000000000e+00 5.285579575605716673e-01 5.344732394997803171e-01
3.448000000000000000e+03 8.865569713966455767e-01 9.933246311694223785e-01 1.011688516233736124e+00 5.285579575605716673e-01 5.344732394997803171e-01
3.449000000000000000e+03 1.000000000000000000e+00 1.000000000000000000e+00 1.000000000000000000e+00 3.693710178599333149e-01 3.423135065812840105e-01
3.449000000000000000e+03 7.731139427932911534e-01 9.866492623388448679e-01 1.023377032467472247e+00 3.693710178599333149e-01 3.423135065812840105e-01
3.450000000000000000e+03 1.000000000000000000e+00 1.000000000000000000e+00 1.000000000000000000e+00 7.192931203781838256e-01 3.183355055701857506e-01
3.450000000000000000e+03 6.596709141899366191e-01 9.799738935082673574e-01 1.035065548701208371e+00 7.192931203781838256e-01 3.183355055701857506e-01
3.451000000000000000e+03 1.000000000000000000e+00 1.000000000000000000e+00 1.000000000000000000e+00 4.039201335407518467e-01 5.795934698503191207e-01
3.451000000000000000e+03 5.462278855865821958e-01 9.732985246776897359e-01 1.046754064934944495e+00 4.039201335407518467e-01 5.795934698503191207e-01
3.452000000000000000e+03 1.000000000000000000e+00 1.000000000000000000e+00 1.000000000000000000e+00 4.920798105943252621e-01 5.843947971229201954e-01
3.452000000000000000e+03 8.865569713966455767e-01 9.933246311694223785e-01 1.011688516233736124e+00 4.920798105943252621e-01 5.843947971229201954e-01
3.453000000000000000e+03 1.000000000000000000e+00 1.000000000000000000e+00 1.000000000000000000e+00 5.228700031409942994e-01 2.563051618561206779e-01
3.453000000000000000e+03 7.731139427932911534e-01 9.866492623388448679e-01 1.023377032467472247e+00 5.228700031409942994e-01 2.563051618561206779e-01
3.454000000000000000e+03 1.000000000000000000e+00 1.000000000000000000e+00 1.000000000000000000e+00 3.359551823666002690e-01 4.846049037266654813e-01
3.454000000000000000e+03 6.596709141899366191e-01 9.799738935082673574e-01 1.035065548701208371e+00 3.359551823666002690e-01 4.846049037266654813e-01
3.455000000000000000e+03 1.000000000000000000e+00 1.000000000000000000e+00 1.000000000000000000e+00 5.047447766124406598e-01 5.004452825380149017e-01
3.455000000000000000e+03 5.462278855865821958e-01 9.732985246776897359e-01 1.046754064934944495e+00 5.047447766124406598e-01 5.004452825380149017e-01
3.456000000000000000e+03 1.000000000000000000e+00 1.000000000000000000e+00 1.000000000000000000e+00 5.035072523110338816e-01 5.002424878705681310e-01
3.456000000000000000e+03 8.865569713966455767e-01 9.933246311694223785e-01 1.011688516233736124e+00 5.035072523110338816e-01 5.002424878705681310e-01
3.457000000000000000e+03 1.000000000000000000e+00 1.000000000000000000e+00 1.000000000000000000e+00 3.368737980668030096e-01 4.887216197089092051e-01
3.457000000000000000e+03 7.731139427932911534e-01 9.866492623388448679e-01 1.023377032467472247e+00 3.368737980668030096e-01 4.887216197089092051e-01
3.458000000000000000e+03 1.000000000000000000e+00 1.000000000000000000e+00 1.000000000000000000e+00 5.167963265013520990e-01 2.570643232557214275e-01
3.458000000000000000e+03 6.596709141899366191e-01 9.799738935082673574e-01 1.035065548701208371e+00 5.167963265013520990e-01 2.570643232557214275e-01
3.459000000000000000e+03 1.000000000000000000e+00 1.000000000000000000e+00 1.000000000000000000e+00 4.942395659191705648e-01 5.833167271221154637e-01
3.459000000000000000e+03 5.462278855865821958e-01 9.732985246776897359e-01 1.046754064934944495e+00 4.942395659191705648e-01 5.833167271221154637e-01
