2.820000000000000000e+03 1.000000000000000000e+00 1.000000000000000000e+00 1.000000000000000000e+00 4.108922636462462030e-01 5.830318618463751212e-01
2.820000000000000000e+03 9.155236355453132413e-01 9.918809557248098319e-01 9.952922038622302736e-01 4.108922636462462030e-01 5.830318618463751212e-01
2.821000000000000000e+03 1.000000000000000000e+00 1.000000000000000000e+00 1.000000000000000000e+00 7.061652373495765911e-01 3.078922862861608323e-01
2.821000000000000000e+03 8.310472710906264826e-01 9.837619114496196637e-01 9.905844077244604362e-01 7.061652373495765911e-01 3.078922862861608323e-01
2.822000000000000000e+03 1.000000000000000000e+00 1.000000000000000000e+00 1.000000000000000000e+00 3.624302122198928555e-01 3.523635131483348060e-01
2.822000000000000000e+03 7.465709066359397239e-01 9.756428671744296066e-01 9.858766115866905988e-01 3.624302122198928555e-01 3.523635131483348060e-01
2.823000000000000000e+03 1.000000000000000000e+00 1.000000000000000000e+00 1.000000000000000000e+00 5.284939359126431535e-01 5.305789858558423999e-01
2.823000000000000000e+03 6.620945421812529652e-01 9.675238228992394385e-01 9.811688154489208724e-01 5.284939359126431535e-01 5.305789858558423999e-01
2.824000000000000000e+03 1.000000000000000000e+00 1.000000000000000000e+00 1.000000000000000000e+00 5.216200155206247580e-01 5.578915251885245841e-01
2.824000000000000000e+03 9.155236355453132413e-01 9.918809557248098319e-01 9.952922038622302736e-01 5.216200155206247580e-01 5.578915251885245841e-01
2.825000000000000000e+03 1.000000000000000000e+00 1.000000000000000000e+00 1.000000000000000000e+00 4.224030037129535842e-01 2.922199241337280484e-01
2.825000000000000000e+03 8.310472710906264826e-01 9.837619114496196637e-01 9.905844077244604362e-01 4.224030037129535842e-01 2.922199241337280484e-01
2.826000000000000000e+03 1.000000000000000000e+00 1.000000000000000000e+00 1.000000000000000000e+00 7.827243512051456076e-01 3.944145133297426997e-01
2.826000000000000000e+03 7.465709066359397239e-01 9.756428671744296066e-01 9.858766115866905988e-01 7.827243512051456076e-01 3.944145133297426997e-01
2.827000000000000000e+03 1.000000000000000000e+00 1.000000000000000000e+00 1.000000000000000000e+00 3.671641994726017044e-01 5.496085059038355869e-01
2.827000000000000000e+03 6.620945421812529652e-01 9.675238228992394385e-01 9.811688154489208724e-01 3.671641994726017044e-01 5.496085059038355869e-01
2.828000000000000000e+03 1.000000000000000000e+00 1.000000000000000000e+00 1.000000000000000000e+00 4.577507925709113912e-01 5.926153779422157486e-01
2.828000000000000000e+03 9.155236355453132413e-01 9.918809557248098319e-01 9.952922038622302736e-01 4.577507925709113912e-01 5.926153779422157486e-01
2.829000000000000000e+03 1.000000000000000000e+00 1.000000000000000000e+00 1.000000000000000000e+00 6.086547153452614989e-01 2.618157087610398226e-01
2.829000000000000000e+03 8.310472710906264826e-01 9.837619114496196637e-01 9.905844077244604362e-01 6.086547153452614989e-01 2.618157087610398226e-01
2.830000000000000000e+03 1.000000000000000000e+00 1.000000000000000000e+00 1.000000000000000000e+00 3.346001654094120648e-01 4.245480386128248629e-01
2.830000000000000000e+03 7.465709066359397239e-01 9.756428671744296066e-01 9.858766115866905988e-01 3.346001654094120648e-01 4.245480386128248629e-01
2.831000000000000000e+03 1.000000000000000000e+00 1.000000000000000000e+00 1.000000000000000000e+00 5.198309212938435619e-01 5.090464534710020805e-01
2.831000000000000000e+03 6.620945421812529652e-01 9.675238228992394385e-01 9.811688154489208724e-01 5.198309212938435619e-01 5.090464534710020805e-01
2.832000000000000000e+03 1.000000000000000000e+00 1.000000000000000000e+00 1.000000000000000000e+00 5.257985486512457562e-01 5.185869886548342134e-01
2.832000000000000000e+03 9.155236355453132413e-01 9.918809557248098319e-01 9.952922038622302736e-01 5.257985486512457562e-01 5.185869886548342134e-01
2.833000000000000000e+03 1.000000000000000000e+00 1.000000000000000000e+00 1.000000000000000000e+00 3.443846758260240559e-01 3.878843804726834210e-01
2.833000000000000000e+03 8.310472710906264826e-01 9.837619114496196637e-01 9.905844077244604362e-01 3.443846758260240559e-01 3.878843804726834210e-01
2.834000000000000000e+03 1.000000000000000000e+00 1.000000000000000000e+00 1.000000000000000000e+00 6.588799349635577896e-01 2.794762880646589620e-01
2.834000000000000000e+03 7.465709066359397239e-01 9.756428671744296066e-01 9.858766115866905988e-01 6.588799349635577896e-01 2.794762880646589620e-01
2.835000000000000000e+03 1.000000000000000000e+00 1.000000000000000000e+00 1.000000000000000000e+00 4.346486959089246316e-01 5.907069364126108502e-01
2.835000000000000000e+03 6.620945421812529652e-01 9.675238228992394385e-01 9.811688154489208724e-01 4.346486959089246316e-01 5.907069364126108502e-01
2.836000000000000000e+03 1.000000000000000000e+00 1.000000000000000000e+00 1.000000000000000000e+00 3.501678970275723390e-01 5.243440378455476170e-01
2.836000000000000000e+03 9.155236355453132413e-01 9.918809557248098319e-01 9.952922038622302736e-01 3.501678970275723390e-01 5.243440378455476170e-01
2.837000000000000000e+03 1.000000000000000000e+00 1.000000000000000000e+00 1.000000000000000000e+00 8.077611543813478789e-01 4.499963689955837620e-01
2.837000000000000000e+03 8.310472710906264826e-01 9.837619114496196637e-01 9.905844077244604362e-01 8.077611543813478789e-01 4.499963689955837620e-01
2.838000000000000000e+03 1.000000000000000000e+00 1.000000000000000000e+00 1.000000000000000000e+00 4.628261655750180448e-01 2.712033713231122301e-01
2.838000000000000000e+03 7.465709066359397239e-01 9.756428671744296066e-01 9.858766115866905988e-01 4.628261655750180448e-01 2.712033713231122301e-01
2.839000000000000000e+03 1.000000000000000000e+00 1.000000000000000000e+00 1.000000000000000000e+00 5.115142412661133342e-01 5.708675772679675520e-01
2.839000000000000000e+03 6.620945421812529652e-01 9.675238228992394385e-01 9.811688154489208724e-01 5.115142412661133342e-01 5.708675772679675520e-01
