1.120000000000000000e+03 1.000000000000000000e+00 1.000000000000000000e+00 1.000000000000000000e+00 5.125505575748060538e-01 5.032667998291875389e-01
1.120000000000000000e+03 1.010990672615616592e+00 9.052420659278339610e-01 1.004429133119213002e+00 5.125505575748060538e-01 5.032667998291875389e-01
1.121000000000000000e+03 1.000000000000000000e+00 1.000000000000000000e+00 1.000000000000000000e+00 3.326088284902378733e-01 4.564295492661377684e-01
1.121000000000000000e+03 1.021981345231233407e+00 8.104841318556679219e-01 1.008858266238426227e+00 3.326088284902378733e-01 4.564295492661377684e-01
1.122000000000000000e+03 1.000000000000000000e+00 1.000000000000000000e+00 1.000000000000000000e+00 5.637222761861995224e-01 2.551885215227598369e-01
1.122000000000000000e+03 1.032972017846850221e+00 7.157261977835019939e-01 1.013287399357639451e+00 5.637222761861995224e-01 2.551885215227598369e-01
1.123000000000000000e+03 1.000000000000000000e+00 1.000000000000000000e+00 1.000000000000000000e+00 4.765813747184751703e-01 5.899708645422840902e-01
1.123000000000000000e+03 1.043962690462466814e+00 6.209682637113359549e-01 1.017716532476852453e+00 4.765813747184751703e-01 5.899708645422840902e-01
1.124000000000000000e+03 1.000000000000000000e+00 1.000000000000000000e+00 1.000000000000000000e+00 3.853245645858600632e-01 5.673070054982386479e-01
1.124000000000000000e+03 1.010990672615616592e+00 9.052420659278339610e-01 1.004429133119213002e+00 3.853245645858600632e-01 5.673070054982386479e-01
1.125000000000000000e+03 1.000000000000000000e+00 1.000000000000000000e+00 1.000000000000000000e+00 7.526632683919063371e-01 3.517031312465365156e-01
1.125000000000000000e+03 1.021981345231233407e+00 8.104841318556679219e-01 1.008858266238426227e+00 7.526632683919063371e-01 3.517031312465365156e-01
1.126000000000000000e+03 1.000000000000000000e+00 1.000000000000000000e+00 1.000000000000000000e+00 3.921980628741489339e-01 3.163306480969768630e-01
1.126000000000000000e+03 1.032972017846850221e+00 7.157261977835019939e-01 1.013287399357639451e+00 3.921980628741489339e-01 3.163306480969768630e-01
1.127000000000000000e+03 1.000000000000000000e+00 1.000000000000000000e+00 1.000000000000000000e+00 5.268120738706262296e-01 5.456815189252566256e-01
1.127000000000000000e+03 1.043962690462466814e+00 6.209682637113359549e-01 1.017716532476852453e+00 5.268120738706262296e-01 5.456815189252566256e-01
1.128000000000000000e+03 1.000000000000000000e+00 1.000000000000000000e+00 1.000000000000000000e+00 5.100419682470138660e-01 5.722744584918383337e-01
1.128000000000000000e+03 1.010990672615616592e+00 9.052420659278339610e-01 1.004429133119213002e+00 5.100419682470138660e-01 5.722744584918383337e-01
1.129000000000000000e+03 1.000000000000000000e+00 1.000000000000000000e+00 1.000000000000000000e+00 4.679388122991482435e-01 2.692479280271285469e-01
1.129000000000000000e+03 1.021981345231233407e+00 8.104841318556679219e-01 1.008858266238426227e+00 4.679388122991482435e-01 2.692479280271285469e-01
1.130000000000000000e+03 1.000000000000000000e+00 1.000000000000000000e+00 1.000000000000000000e+00 8.099908787133880406e-01 4.569292025722292427e-01
1.130000000000000000e+03 1.032972017846850221e+00 7.157261977835019939e-01 1.013287399357639451e+00 8.099908787133880406e-01 4.569292025722292427e-01
1.131000000000000000e+03 1.000000000000000000e+00 1.000000000000000000e+00 1.000000000000000000e+00 3.484867347676450233e-01 5.210515779739327558e-01
1.131000000000000000e+03 1.043962690462466814e+00 6.209682637113359549e-01 1.017716532476852453e+00 3.484867347676450233e-01 5.210515779739327558e-01
1.132000000000000000e+03 1.000000000000000000e+00 1.000000000000000000e+00 1.000000000000000000e+00 4.318723201961450209e-01 5.901141371878236841e-01
1.132000000000000000e+03 1.010990672615616592e+00 9.052420659278339610e-01 1.004429133119213002e+00 4.318723201961450209e-01 5.901141371878236841e-01
1.133000000000000000e+03 1.000000000000000000e+00 1.000000000000000000e+00 1.000000000000000000e+00 6.646183355703105811e-01 2.822553282612336734e-01
1.133000000000000000e+03 1.021981345231233407e+00 8.104841318556679219e-01 1.008858266238426227e+00 6.646183355703105811e-01 2.822553282612336734e-01
1.134000000000000000e+03 1.000000000000000000e+00 1.000000000000000000e+00 1.000000000000000000e+00 3.460705955367049946e-01 3.836269923129171922e-01
1.134000000000000000e+03 1.032972017846850221e+00 7.157261977835019939e-01 1.013287399357639451e+00 3.460705955367049946e-01 3.836269923129171922e-01
1.135000000000000000e+03 1.000000000000000000e+00 1.000000000000000000e+00 1.000000000000000000e+00 5.262988699123524183e-01 5.198823519206271504e-01
1.135000000000000000e+03 1.043962690462466814e+00 6.209682637113359549e-01 1.017716532476852453e+00 5.262988699123524183e-01 5.198823519206271504e-01
1.136000000000000000e+03 1.000000000000000000e+00 1.000000000000000000e+00 1.000000000000000000e+00 5.206722400197462131e-01 5.100110923044642863e-01
1.136000000000000000e+03 1.010990672615616592e+00 9.052420659278339610e-01 1.004429133119213002e+00 5.206722400197462131e-01 5.100110923044642863e-01
1.137000000000000000e+03 1.000000000000000000e+00 1.000000000000000000e+00 1.000000000000000000e+00 3.353252172576681733e-01 4.202517749079748288e-01
1.137000000000000000e+03 1.021981345231233407e+00 8.104841318556679219e-01 1.008858266238426227e+00 3.353252172576681733e-01 4.202517749079748288e-01
1.138000000000000000e+03 1.000000000000000000e+00 1.000000000000000000e+00 1.000000000000000000e+00 6.146167914858056136e-01 2.633239458963753665e-01
1.138000000000000000e+03 1.032972017846850221e+00 7.157261977835019939e-01 1.013287399357639451e+00 6.146167914858056136e-01 2.633239458963753665e-01
1.139000000000000000e+03 1.000000000000000000e+00 1.000000000000000000e+00 1.000000000000000000e+00 4.551203413017552712e-01 5.926735113810389644e-01
1.139000000000000000e+03 1.043962690462466814e+00 6.209682637113359549e-01 1.017716532476852453e+00 4.551203413017552712e-01 5.926735113810389644e-01
