1.840000000000000000e+03 1.000000000000000000e+00 1.000000000000000000e+00 1.000000000000000000e+00 5.229356952045557394e-01 5.130860201950867561e-01
1.840000000000000000e+03 1.000236764062387262e+00 1.022619148795499866e+00 9.001472146203063351e-01 5.229356952045557394e-01 5.130860201950867561e-01
1.841000000000000000e+03 1.000000000000000000e+00 1.000000000000000000e+00 1.000000000000000000e+00 3.380929918400297218e-01 4.076235379127896019e-01
1.841000000000000000e+03 1.000473528124774525e+00 1.045238297590999732e+00 8.002944292406126703e-01 3.380929918400297218e-01 4.076235379127896019e-01
1.842000000000000000e+03 1.000000000000000000e+00 1.000000000000000000e+00 1.000000000000000000e+00 6.320216830332722191e-01 2.686073353623225080e-01
1.842000000000000000e+03 1.000710292187161565e+00 1.067857446386499376e+00 7.004416438609190054e-01 6.320216830332722191e-01 2.686073353623225080e-01
1.843000000000000000e+03 1.000000000000000000e+00 1.000000000000000000e+00 1.000000000000000000e+00 4.472687588588514229e-01 5.924213516822629533e-01
1.843000000000000000e+03 1.000947056249548828e+00 1.090476595181999242e+00 6.005888584812253406e-01 4.472687588588514229e-01 5.924213516822629533e-01
1.844000000000000000e+03 1.000000000000000000e+00 1.000000000000000000e+00 1.000000000000000000e+00 3.587780255761633397e-01 5.386153334686589744e-01
1.844000000000000000e+03 1.000236764062387262e+00 1.022619148795499866e+00 9.001472146203063351e-01 3.587780255761633397e-01 5.386153334686589744e-01
1.845000000000000000e+03 1.000000000000000000e+00 1.000000000000000000e+00 1.000000000000000000e+00 7.955563413502066972e-01 4.191839178953681300e-01
1.845000000000000000e+03 1.000473528124774525e+00 1.045238297590999732e+00 8.002944292406126703e-01 7.955563413502066972e-01 4.191839178953681300e-01
1.846000000000000000e+03 1.000000000000000000e+00 1.000000000000000000e+00 1.000000000000000000e+00 4.402842922133546333e-01 2.816108421129783212e-01
1.846000000000000000e+03 1.000710292187161565e+00 1.067857446386499376e+00 7.004416438609190054e-01 4.402842922133546333e-01 2.816108421129783212e-01
1.847000000000000000e+03 1.000000000000000000e+00 1.000000000000000000e+00 1.000000000000000000e+00 5.175149591506723601e-01 5.640547909606515864e-01
1.847000000000000000e+03 1.000947056249548828e+00 1.090476595181999242e+00 6.005888584812253406e-01 5.175149591506723601e-01 5.640547909606515864e-01
1.848000000000000000e+03 1.000000000000000000e+00 1.000000000000000000e+00 1.000000000000000000e+00 5.284382178877398140e-01 5.366716212135751451e-01
1.848000000000000000e+03 1.000236764062387262e+00 1.022619148795499866e+00 9.001472146203063351e-01 5.284382178877398140e-01 5.366716212135751451e-01
1.849000000000000000e+03 1.000000000000000000e+00 1.000000000000000000e+00 1.000000000000000000e+00 3.735121689235545994e-01 3.368915433564552142e-01
1.849000000000000000e+03 1.000473528124774525e+00 1.045238297590999732e+00 8.002944292406126703e-01 3.735121689235545994e-01 3.368915433564552142e-01
1.850000000000000000e+03 1.000000000000000000e+00 1.000000000000000000e+00 1.000000000000000000e+00 7.263268743585294951e-01 3.244873623292018339e-01
1.850000000000000000e+03 1.000710292187161565e+00 1.067857446386499376e+00 7.004416438609190054e-01 7.263268743585294951e-01 3.244873623292018339e-01
1.851000000000000000e+03 1.000000000000000000e+00 1.000000000000000000e+00 1.000000000000000000e+00 4.001099610714400345e-01 5.774630244820926350e-01
1.851000000000000000e+03 1.000947056249548828e+00 1.090476595181999242e+00 6.005888584812253406e-01 4.001099610714400345e-01 5.774630244820926350e-01
1.852000000000000000e+03 1.000000000000000000e+00 1.000000000000000000e+00 1.000000000000000000e+00 4.891599053395960794e-01 5.857235812761925065e-01
1.852000000000000000e+03 1.000236764062387262e+00 1.022619148795499866e+00 9.001472146203063351e-01 4.891599053395960794e-01 5.857235812761925065e-01
1.853000000000000000e+03 1.000000000000000000e+00 1.000000000000000000e+00 1.000000000000000000e+00 5.309128920062512469e-01 2.555405286210568061e-01
1.853000000000000000e+03 1.000473528124774525e+00 1.045238297590999732e+00 8.002944292406126703e-01 5.309128920062512469e-01 2.555405286210568061e-01
1.854000000000000000e+03 1.000000000000000000e+00 1.000000000000000000e+00 1.000000000000000000e+00 3.349084736724321498e-01 4.791235066666724163e-01
1.854000000000000000e+03 1.000710292187161565e+00 1.067857446386499376e+00 7.004416438609190054e-01 3.349084736724321498e-01 4.791235066666724163e-01
1.855000000000000000e+03 1.000000000000000000e+00 1.000000000000000000e+00 1.000000000000000000e+00 5.063556362248171627e-01 5.008036959874802019e-01
1.855000000000000000e+03 1.000947056249548828e+00 1.090476595181999242e+00 6.005888584812253406e-01 5.063556362248171627e-01 5.008036959874802019e-01
1.856000000000000000e+03 1.000000000000000000e+00 1.000000000000000000e+00 1.000000000000000000e+00 5.087704163441731930e-01 5.015495438723570620e-01
1.856000000000000000e+03 1.000236764062387262e+00 1.022619148795499866e+00 9.001472146203063351e-01 5.087704163441731930e-01 5.015495438723570620e-01
1.857000000000000000e+03 1.000000000000000000e+00 1.000000000000000000e+00 1.000000000000000000e+00 3.336698233675221004e-01 4.706130363856486643e-01
1.857000000000000000e+03 1.000473528124774525e+00 1.045238297590999732e+00 8.002944292406126703e-01 3.336698233675221004e-01 4.706130363856486643e-01
1.858000000000000000e+03 1.000000000000000000e+00 1.000000000000000000e+00 1.000000000000000000e+00 5.433056734853483061e-01 2.548899432233697748e-01
1.858000000000000000e+03 1.000710292187161565e+00 1.067857446386499376e+00 7.004416438609190054e-01 5.433056734853483061e-01 2.548899432233697748e-01
1.859000000000000000e+03 1.000000000000000000e+00 1.000000000000000000e+00 1.000000000000000000e+00 4.845317462566458011e-01 5.875502964883255741e-01
1.859000000000000000e+03 1.000947056249548828e+00 1.090476595181999242e+00 6.005888584812253406e-01 4.845317462566458011e-01 5.875502964883255741e-01
