1.600000000000000000e+02 1.000000000000000000e+00 1.000000000000000000e+00 1.000000000000000000e+00 5.174936149781513839e-01 5.067480319350310403e-01
1.600000000000000000e+02 8.951255703423928178e-01 9.919078644901958564e-01 1.003895234565288508e+00 5.174936149781513839e-01 5.067480319350310403e-01
1.610000000000000000e+02 1.000000000000000000e+00 1.000000000000000000e+00 1.000000000000000000e+00 3.332275372082904585e-01 4.356687622193708975e-01
1.610000000000000000e+02 7.902511406847856357e-01 9.838157289803917127e-01 1.007790469130577016e+00 3.332275372082904585e-01 4.356687622193708975e-01
1.620000000000000000e+02 1.000000000000000000e+00 1.000000000000000000e+00 1.000000000000000000e+00 5.931228407034280226e-01 2.585881133015113242e-01
1.620000000000000000e+02 6.853767110271783425e-01 9.757235934705875691e-01 1.011685703695865302e+00 5.931228407034280226e-01 2.585881133015113242e-01
1.630000000000000000e+02 1.000000000000000000e+00 1.000000000000000000e+00 1.000000000000000000e+00 4.644603651421699286e-01 5.921330388849304072e-01
1.630000000000000000e+02 5.805022813695711603e-01 9.676314579607834254e-01 1.015580938261153809e+00 4.644603651421699286e-01 5.921330388849304072e-01
1.640000000000000000e+02 1.000000000000000000e+00 1.000000000000000000e+00 1.000000000000000000e+00 3.731533963961350953e-01 5.562272323181923772e-01
1.640000000000000000e+02 8.951255703423928178e-01 9.919078644901958564e-01 1.003895234565288508e+00 3.731533963961350953e-01 5.562272323181923772e-01
1.650000000000000000e+02 1.000000000000000000e+00 1.000000000000000000e+00 1.000000000000000000e+00 7.731201645164297309e-01 3.789341574410091118e-01
1.650000000000000000e+02 7.902511406847856357e-01 9.838157289803917127e-01 1.007790469130577016e+00 7.731201645164297309e-01 3.789341574410091118e-01
1.660000000000000000e+02 1.000000000000000000e+00 1.000000000000000000e+00 1.000000000000000000e+00 4.113534625614083673e-01 3.000166159398527377e-01
1.660000000000000000e+02 6.853767110271783425e-01 9.757235934705875691e-01 1.011685703695865302e+00 4.113534625614083673e-01 3.000166159398527377e-01
1.670000000000000000e+02 1.000000000000000000e+00 1.000000000000000000e+00 1.000000000000000000e+00 5.238079271977931217e-01 5.537098231475824361e-01
1.670000000000000000e+02 5.805022813695711603e-01 9.676314579607834254e-01 1.015580938261153809e+00 5.238079271977931217e-01 5.537098231475824361e-01
1.680000000000000000e+02 1.000000000000000000e+00 1.000000000000000000e+00 1.000000000000000000e+00 5.019326217461793638e-01 5.787262819723261176e-01
1.680000000000000000e+02 8.951255703423928178e-01 9.919078644901958564e-01 1.003895234565288508e+00 5.019326217461793638e-01 5.787262819723261176e-01
1.690000000000000000e+02 1.000000000000000000e+00 1.000000000000000000e+00 1.000000000000000000e+00 4.941407816901546846e-01 2.613219070362812202e-01
1.690000000000000000e+02 7.902511406847856357e-01 9.838157289803917127e-01 1.007790469130577016e+00 4.941407816901546846e-01 2.613219070362812202e-01
1.700000000000000000e+02 1.000000000000000000e+00 1.000000000000000000e+00 1.000000000000000000e+00 8.186539984594151109e-01 4.921774834083216810e-01
1.700000000000000000e+02 6.853767110271783425e-01 9.757235934705875691e-01 1.011685703695865302e+00 8.186539984594151109e-01 4.921774834083216810e-01
1.710000000000000000e+02 1.000000000000000000e+00 1.000000000000000000e+00 1.000000000000000000e+00 3.412978125319775513e-01 5.038959200280123119e-01
1.710000000000000000e+02 5.805022813695711603e-01 9.676314579607834254e-01 1.015580938261153809e+00 3.412978125319775513e-01 5.038959200280123119e-01
1.720000000000000000e+02 1.000000000000000000e+00 1.000000000000000000e+00 1.000000000000000000e+00 4.181170603124733098e-01 5.860043411004867142e-01
1.720000000000000000e+02 8.951255703423928178e-01 9.919078644901958564e-01 1.003895234565288508e+00 4.181170603124733098e-01 5.860043411004867142e-01
1.730000000000000000e+02 1.000000000000000000e+00 1.000000000000000000e+00 1.000000000000000000e+00 6.922094268454573873e-01 2.981161256272785720e-01
1.730000000000000000e+02 7.902511406847856357e-01 9.838157289803917127e-01 1.007790469130577016e+00 6.922094268454573873e-01 2.981161256272785720e-01
1.740000000000000000e+02 1.000000000000000000e+00 1.000000000000000000e+00 1.000000000000000000e+00 3.560558922633959567e-01 3.629538167335079613e-01
1.740000000000000000e+02 6.853767110271783425e-01 9.757235934705875691e-01 1.011685703695865302e+00 3.560558922633959567e-01 3.629538167335079613e-01
1.750000000000000000e+02 1.000000000000000000e+00 1.000000000000000000e+00 1.000000000000000000e+00 5.280645744643693851e-01 5.267196961085612861e-01
1.750000000000000000e+02 5.805022813695711603e-01 9.676314579607834254e-01 1.015580938261153809e+00 5.280645744643693851e-01 5.267196961085612861e-01
1.760000000000000000e+02 1.000000000000000000e+00 1.000000000000000000e+00 1.000000000000000000e+00 5.242895400009290885e-01 5.153811815717540545e-01
1.760000000000000000e+02 8.951255703423928178e-01 9.919078644901958564e-01 1.003895234565288508e+00 5.242895400009290885e-01 5.153811815717540545e-01
1.770000000000000000e+02 1.000000000000000000e+00 1.000000000000000000e+00 1.000000000000000000e+00 3.405338895591177861e-01 3.990191992463104631e-01
1.770000000000000000e+02 7.902511406847856357e-01 9.838157289803917127e-01 1.007790469130577016e+00 3.405338895591177861e-01 3.990191992463104631e-01
1.780000000000000000e+02 1.000000000000000000e+00 1.000000000000000000e+00 1.000000000000000000e+00 6.437806103446572781e-01 2.729456043391411679e-01
1.780000000000000000e+02 6.853767110271783425e-01 9.757235934705875691e-01 1.011685703695865302e+00 6.437806103446572781e-01 2.729456043391411679e-01
1.790000000000000000e+02 1.000000000000000000e+00 1.000000000000000000e+00 1.000000000000000000e+00 4.418190088372782043e-01 5.918778252209057067e-01
1.790000000000000000e+02 5.805022813695711603e-01 9.676314579607834254e-01 1.015580938261153809e+00 4.418190088372782043e-01 5.918778252209057067e-01
