1.000000000000000000e+03 1.000000000000000000e+00 1.000000000000000000e+00 1.000000000000000000e+00 5.132938904480333075e-01 5.690443345467656178e-01
1.000000000000000000e+03 1.005146679114918395e+00 1.011123243193267296e+00 8.812087488203457220e-01 5.132938904480333075e-01 5.690443345467656178e-01
1.001000000000000000e+03 1.000000000000000000e+00 1.000000000000000000e+00 1.000000000000000000e+00 4.564551232879978104e-01 2.738414463957055123e-01
1.001000000000000000e+03 1.010293358229836791e+00 1.022246486386534814e+00 7.624174976406914439e-01 4.564551232879978104e-01 2.738414463957055123e-01
1.002000000000000000e+03 1.000000000000000000e+00 1.000000000000000000e+00 1.000000000000000000e+00 8.047156631330588672e-01 4.413296301560133417e-01
1.002000000000000000e+03 1.015440037344754964e+00 1.033369729579802332e+00 6.436262464610371659e-01 8.047156631330588672e-01 4.413296301560133417e-01
1.003000000000000000e+03 1.000000000000000000e+00 1.000000000000000000e+00 1.000000000000000000e+00 3.523985559244700028e-01 5.284193835800177208e-01
1.003000000000000000e+03 1.020586716459673360e+00 1.044492972773069628e+00 5.248349952813828878e-01 3.523985559244700028e-01 5.284193835800177208e-01
1.004000000000000000e+03 1.000000000000000000e+00 1.000000000000000000e+00 1.000000000000000000e+00 4.381520198757313800e-01 5.913437190549961642e-01
1.004000000000000000e+03 1.005146679114918395e+00 1.011123243193267296e+00 8.812087488203457220e-01 4.381520198757313800e-01 5.913437190549961642e-01
1.005000000000000000e+03 1.000000000000000000e+00 1.000000000000000000e+00 1.000000000000000000e+00 6.515538323158425182e-01 2.761690737037628685e-01
1.005000000000000000e+03 1.010293358229836791e+00 1.022246486386534814e+00 7.624174976406914439e-01 6.515538323158425182e-01 2.761690737037628685e-01
1.006000000000000000e+03 1.000000000000000000e+00 1.000000000000000000e+00 1.000000000000000000e+00 3.424126773243833521e-01 3.932990937799445419e-01
1.006000000000000000e+03 1.015440037344754964e+00 1.033369729579802332e+00 6.436262464610371659e-01 3.424126773243833521e-01 3.932990937799445419e-01
1.007000000000000000e+03 1.000000000000000000e+00 1.000000000000000000e+00 1.000000000000000000e+00 5.251001154343757360e-01 5.169950540284817819e-01
1.007000000000000000e+03 1.020586716459673360e+00 1.044492972773069628e+00 5.248349952813828878e-01 5.251001154343757360e-01 5.169950540284817819e-01
1.008000000000000000e+03 1.000000000000000000e+00 1.000000000000000000e+00 1.000000000000000000e+00 5.187182539241351753e-01 5.078882587610699106e-01
1.008000000000000000e+03 1.005146679114918395e+00 1.011123243193267296e+00 8.812087488203457220e-01 5.187182539241351753e-01 5.078882587610699106e-01
1.009000000000000000e+03 1.000000000000000000e+00 1.000000000000000000e+00 1.000000000000000000e+00 3.338394997811380271e-01 4.299765337671178633e-01
1.009000000000000000e+03 1.010293358229836791e+00 1.022246486386534814e+00 7.624174976406914439e-01 3.338394997811380271e-01 4.299765337671178633e-01
1.010000000000000000e+03 1.000000000000000000e+00 1.000000000000000000e+00 1.000000000000000000e+00 6.010910699687882497e-01 2.601183766337746839e-01
1.010000000000000000e+03 1.015440037344754964e+00 1.033369729579802332e+00 6.436262464610371659e-01 6.010910699687882497e-01 2.601183766337746839e-01
1.011000000000000000e+03 1.000000000000000000e+00 1.000000000000000000e+00 1.000000000000000000e+00 4.610441375030239763e-01 5.924393770714986296e-01
1.011000000000000000e+03 1.020586716459673360e+00 1.044492972773069628e+00 5.248349952813828878e-01 4.610441375030239763e-01 5.924393770714986296e-01
1.012000000000000000e+03 1.000000000000000000e+00 1.000000000000000000e+00 1.000000000000000000e+00 3.700411253999681405e-01 5.528988522459912236e-01
1.012000000000000000e+03 1.005146679114918395e+00 1.011123243193267296e+00 8.812087488203457220e-01 3.700411253999681405e-01 5.528988522459912236e-01
1.013000000000000000e+03 1.000000000000000000e+00 1.000000000000000000e+00 1.000000000000000000e+00 7.781525133421616225e-01 3.867799621193819259e-01
1.013000000000000000e+03 1.010293358229836791e+00 1.022246486386534814e+00 7.624174976406914439e-01 7.781525133421616225e-01 3.867799621193819259e-01
1.014000000000000000e+03 1.000000000000000000e+00 1.000000000000000000e+00 1.000000000000000000e+00 4.169405549366953512e-01 2.959443060289033145e-01
1.014000000000000000e+03 1.015440037344754964e+00 1.033369729579802332e+00 6.436262464610371659e-01 4.169405549366953512e-01 2.959443060289033145e-01
1.015000000000000000e+03 1.000000000000000000e+00 1.000000000000000000e+00 1.000000000000000000e+00 5.227382594286776873e-01 5.558620552289669225e-01
1.015000000000000000e+03 1.020586716459673360e+00 1.044492972773069628e+00 5.248349952813828878e-01 5.227382594286776873e-01 5.558620552289669225e-01
1.016000000000000000e+03 1.000000000000000000e+00 1.000000000000000000e+00 1.000000000000000000e+00 5.283298006359319343e-01 5.286796103909789935e-01
1.016000000000000000e+03 1.005146679114918395e+00 1.011123243193267296e+00 8.812087488203457220e-01 5.283298006359319343e-01 5.286796103909789935e-01
1.017000000000000000e+03 1.000000000000000000e+00 1.000000000000000000e+00 1.000000000000000000e+00 3.592294402509120799e-01 3.574912382897863505e-01
1.017000000000000000e+03 1.010293358229836791e+00 1.022246486386534814e+00 7.624174976406914439e-01 3.592294402509120799e-01 3.574912382897863505e-01
1.018000000000000000e+03 1.000000000000000000e+00 1.000000000000000000e+00 1.000000000000000000e+00 6.994233373698308665e-01 3.030090606943339204e-01
1.018000000000000000e+03 1.015440037344754964e+00 1.033369729579802332e+00 6.436262464610371659e-01 6.994233373698308665e-01 3.030090606943339204e-01
1.019000000000000000e+03 1.000000000000000000e+00 1.000000000000000000e+00 1.000000000000000000e+00 4.144058139494036230e-01 5.845501801925099272e-01
1.019000000000000000e+03 1.020586716459673360e+00 1.044492972773069628e+00 5.248349952813828878e-01 4.144058139494036230e-01 5.845501801925099272e-01
