4.900000000000000000e+03 1.000000000000000000e+00 1.000000000000000000e+00 1.000000000000000000e+00 3.774002626294240548e-01 5.604205376652959814e-01
4.900000000000000000e+03 8.993643126547141708e-01 9.923343379401060593e-01 9.927091900462019503e-01 3.774002626294240548e-01 5.604205376652959814e-01
4.901000000000000000e+03 1.000000000000000000e+00 1.000000000000000000e+00 1.000000000000000000e+00 7.661174636551941752e-01 3.688499618268296087e-01
4.901000000000000000e+03 7.987286253094283417e-01 9.846686758802121187e-01 9.854183800924039005e-01 7.661174636551941752e-01 3.688499618268296087e-01
4.902000000000000000e+03 1.000000000000000000e+00 1.000000000000000000e+00 1.000000000000000000e+00 4.042147120807668692e-01 3.056413994871148843e-01
4.902000000000000000e+03 6.980929379641425125e-01 9.770030138203180670e-01 9.781275701386057397e-01 4.042147120807668692e-01 3.056413994871148843e-01
4.903000000000000000e+03 1.000000000000000000e+00 1.000000000000000000e+00 1.000000000000000000e+00 5.250557874113588319e-01 5.508408742282668857e-01
4.903000000000000000e+03 5.974572506188566834e-01 9.693373517604241263e-01 9.708367601848076900e-01 5.250557874113588319e-01 5.508408742282668857e-01
4.904000000000000000e+03 1.000000000000000000e+00 1.000000000000000000e+00 1.000000000000000000e+00 5.049955291267109736e-01 5.765167900780072685e-01
4.904000000000000000e+03 8.993643126547141708e-01 9.923343379401060593e-01 9.927091900462019503e-01 5.049955291267109736e-01 5.765167900780072685e-01
4.905000000000000000e+03 1.000000000000000000e+00 1.000000000000000000e+00 1.000000000000000000e+00 4.845807891091483688e-01 2.638231120312550804e-01
4.905000000000000000e+03 7.987286253094283417e-01 9.846686758802121187e-01 9.854183800924039005e-01 4.845807891091483688e-01 2.638231120312550804e-01
4.906000000000000000e+03 1.000000000000000000e+00 1.000000000000000000e+00 1.000000000000000000e+00 8.160069369141138562e-01 4.793689482270779845e-01
4.906000000000000000e+03 6.980929379641425125e-01 9.770030138203180670e-01 9.781275701386057397e-01 8.160069369141138562e-01 4.793689482270779845e-01
4.907000000000000000e+03 1.000000000000000000e+00 1.000000000000000000e+00 1.000000000000000000e+00 3.436531609766239059e-01 5.102073700087812469e-01
4.907000000000000000e+03 5.974572506188566834e-01 9.693373517604241263e-01 9.708367601848076900e-01 3.436531609766239059e-01 5.102073700087812469e-01
4.908000000000000000e+03 1.000000000000000000e+00 1.000000000000000000e+00 1.000000000000000000e+00 4.230453109215521756e-01 5.877047621508495467e-01
4.908000000000000000e+03 8.993643126547141708e-01 9.923343379401060593e-01 9.927091900462019503e-01 4.230453109215521756e-01 5.877047621508495467e-01
4.909000000000000000e+03 1.000000000000000000e+00 1.000000000000000000e+00 1.000000000000000000e+00 6.824807709215419127e-01 2.920278438853475267e-01
4.909000000000000000e+03 7.987286253094283417e-01 9.846686758802121187e-01 9.854183800924039005e-01 6.824807709215419127e-01 2.920278438853475267e-01
4.910000000000000000e+03 1.000000000000000000e+00 1.000000000000000000e+00 1.000000000000000000e+00 3.521615408672490455e-01 3.702822700000051315e-01
4.910000000000000000e+03 6.980929379641425125e-01 9.770030138203180670e-01 9.781275701386057397e-01 3.521615408672490455e-01 3.702822700000051315e-01
4.911000000000000000e+03 1.000000000000000000e+00 1.000000000000000000e+00 1.000000000000000000e+00 5.275710651689480279e-01 5.241916481569007802e-01
4.911000000000000000e+03 5.974572506188566834e-01 9.693373517604241263e-01 9.708367601848076900e-01 5.275710651689480279e-01 5.241916481569007802e-01
4.912000000000000000e+03 1.000000000000000000e+00 1.000000000000000000e+00 1.000000000000000000e+00 5.231018758742715935e-01 5.133457504917260383e-01
4.912000000000000000e+03 8.993643126547141708e-01 9.923343379401060593e-01 9.927091900462019503e-01 5.231018758742715935e-01 5.133457504917260383e-01
4.913000000000000000e+03 1.000000000000000000e+00 1.000000000000000000e+00 1.000000000000000000e+00 3.383545171257046347e-01 4.066188263543794590e-01
4.913000000000000000e+03 7.987286253094283417e-01 9.846686758802121187e-01 9.854183800924039005e-01 3.383545171257046347e-01 4.066188263543794590e-01
4.914000000000000000e+03 1.000000000000000000e+00 1.000000000000000000e+00 1.000000000000000000e+00 6.333988852225677091e-01 2.690827136256926932e-01
4.914000000000000000e+03 6.980929379641425125e-01 9.770030138203180670e-01 9.781275701386057397e-01 6.333988852225677091e-01 2.690827136256926932e-01
4.915000000000000000e+03 1.000000000000000000e+00 1.000000000000000000e+00 1.000000000000000000e+00 4.466365379313266826e-01 5.923736793742834239e-01
4.915000000000000000e+03 5.974572506188566834e-01 9.693373517604241263e-01 9.708367601848076900e-01 4.466365379313266826e-01 5.923736793742834239e-01
4.916000000000000000e+03 1.000000000000000000e+00 1.000000000000000000e+00 1.000000000000000000e+00 3.583086004031885707e-01 5.379272725804845612e-01
4.916000000000000000e+03 8.993643126547141708e-01 9.923343379401060593e-01 9.927091900462019503e-01 3.583086004031885707e-01 5.379272725804845612e-01
4.917000000000000000e+03 1.000000000000000000e+00 1.000000000000000000e+00 1.000000000000000000e+00 7.962501140438258407e-01 4.207011938670079942e-01
4.917000000000000000e+03 7.987286253094283417e-01 9.846686758802121187e-01 9.854183800924039005e-01 7.962501140438258407e-01 4.207011938670079942e-01
4.918000000000000000e+03 1.000000000000000000e+00 1.000000000000000000e+00 1.000000000000000000e+00 4.413869606432616610e-01 2.810292431796813650e-01
4.918000000000000000e+03 6.980929379641425125e-01 9.770030138203180670e-01 9.781275701386057397e-01 4.413869606432616610e-01 2.810292431796813650e-01
4.919000000000000000e+03 1.000000000000000000e+00 1.000000000000000000e+00 1.000000000000000000e+00 5.172415058042308944e-01 5.644120423733041125e-01
4.919000000000000000e+03 5.974572506188566834e-01 9.693373517604241263e-01 9.708367601848076900e-01 5.172415058042308944e-01 5.644120423733041125e-01
