4.780000000000000000e+03 1.000000000000000000e+00 1.000000000000000000e+00 1.000000000000000000e+00 4.156107920295348812e-01 5.850389600423844261e-01
4.780000000000000000e+03 1.001566765670409698e+00 9.112739161325177362e-01 1.013446563006646484e+00 4.156107920295348812e-01 5.850389600423844261e-01
4.781000000000000000e+03 1.000000000000000000e+00 1.000000000000000000e+00 1.000000000000000000e+00 6.970915867924492026e-01 3.013909126887515111e-01
4.781000000000000000e+03 1.003133531340819395e+00 8.225478322650354723e-01 1.026893126013292967e+00 6.970915867924492026e-01 3.013909126887515111e-01
4.782000000000000000e+03 1.000000000000000000e+00 1.000000000000000000e+00 1.000000000000000000e+00 3.581759763231835425e-01 3.592596026185428393e-01
4.782000000000000000e+03 1.004700297011229315e+00 7.338217483975532085e-01 1.040339689019939673e+00 3.581759763231835425e-01 3.592596026185428393e-01
4.783000000000000000e+03 1.000000000000000000e+00 1.000000000000000000e+00 1.000000000000000000e+00 5.282538964079522836e-01 5.280380185594730769e-01
4.783000000000000000e+03 1.006267062681639013e+00 6.450956645300709447e-01 1.053786252026586157e+00 5.282538964079522836e-01 5.280380185594730769e-01
4.784000000000000000e+03 1.000000000000000000e+00 1.000000000000000000e+00 1.000000000000000000e+00 5.248450109994697854e-01 5.164634390516951168e-01
4.784000000000000000e+03 1.001566765670409698e+00 9.112739161325177362e-01 1.013446563006646484e+00 5.248450109994697854e-01 5.164634390516951168e-01
4.785000000000000000e+03 1.000000000000000000e+00 1.000000000000000000e+00 1.000000000000000000e+00 3.417799365053421079e-01 3.951561594335695760e-01
4.785000000000000000e+03 1.003133531340819395e+00 8.225478322650354723e-01 1.026893126013292967e+00 3.417799365053421079e-01 3.951561594335695760e-01
4.786000000000000000e+03 1.000000000000000000e+00 1.000000000000000000e+00 1.000000000000000000e+00 6.490340413237980499e-01 2.750924102577480546e-01
4.786000000000000000e+03 1.004700297011229315e+00 7.338217483975532085e-01 1.040339689019939673e+00 6.490340413237980499e-01 2.750924102577480546e-01
4.787000000000000000e+03 1.000000000000000000e+00 1.000000000000000000e+00 1.000000000000000000e+00 4.393463601909372573e-01 5.915325372470638943e-01
4.787000000000000000e+03 1.006267062681639013e+00 6.450956645300709447e-01 1.053786252026586157e+00 4.393463601909372573e-01 5.915325372470638943e-01
4.788000000000000000e+03 1.000000000000000000e+00 1.000000000000000000e+00 1.000000000000000000e+00 3.531869258768767228e-01 5.297886834803244849e-01
4.788000000000000000e+03 1.001566765670409698e+00 9.112739161325177362e-01 1.013446563006646484e+00 3.531869258768767228e-01 5.297886834803244849e-01
4.789000000000000000e+03 1.000000000000000000e+00 1.000000000000000000e+00 1.000000000000000000e+00 8.036178594186417223e-01 4.383952936942753786e-01
4.789000000000000000e+03 1.003133531340819395e+00 8.225478322650354723e-01 1.026893126013292967e+00 8.036178594186417223e-01 4.383952936942753786e-01
4.790000000000000000e+03 1.000000000000000000e+00 1.000000000000000000e+00 1.000000000000000000e+00 4.543033051069754191e-01 2.747845332291175002e-01
4.790000000000000000e+03 1.004700297011229315e+00 7.338217483975532085e-01 1.040339689019939673e+00 4.543033051069754191e-01 2.747845332291175002e-01
4.791000000000000000e+03 1.000000000000000000e+00 1.000000000000000000e+00 1.000000000000000000e+00 5.138806720676244444e-01 5.684106814753641101e-01
4.791000000000000000e+03 1.006267062681639013e+00 6.450956645300709447e-01 1.053786252026586157e+00 5.138806720676244444e-01 5.684106814753641101e-01
4.792000000000000000e+03 1.000000000000000000e+00 1.000000000000000000e+00 1.000000000000000000e+00 5.278286075003991717e-01 5.413046668254494209e-01
4.792000000000000000e+03 1.001566765670409698e+00 9.112739161325177362e-01 1.013446563006646484e+00 5.278286075003991717e-01 5.413046668254494209e-01
4.793000000000000000e+03 1.000000000000000000e+00 1.000000000000000000e+00 1.000000000000000000e+00 3.827706267571418519e-01 3.260020662592244545e-01
4.793000000000000000e+03 1.003133531340819395e+00 8.225478322650354723e-01 1.026893126013292967e+00 3.827706267571418519e-01 3.260020662592244545e-01
4.794000000000000000e+03 1.000000000000000000e+00 1.000000000000000000e+00 1.000000000000000000e+00 7.403445671984385523e-01 3.380702438859124470e-01
4.794000000000000000e+03 1.004700297011229315e+00 7.338217483975532085e-01 1.040339689019939673e+00 7.403445671984385523e-01 3.380702438859124470e-01
4.795000000000000000e+03 1.000000000000000000e+00 1.000000000000000000e+00 1.000000000000000000e+00 3.923486997168875723e-01 5.725289903716287432e-01
4.795000000000000000e+03 1.006267062681639013e+00 6.450956645300709447e-01 1.053786252026586157e+00 3.923486997168875723e-01 5.725289903716287432e-01
4.796000000000000000e+03 1.000000000000000000e+00 1.000000000000000000e+00 1.000000000000000000e+00 4.828178817791195510e-01 5.881456562197839855e-01
4.796000000000000000e+03 1.001566765670409698e+00 9.112739161325177362e-01 1.013446563006646484e+00 4.828178817791195510e-01 5.881456562197839855e-01
4.797000000000000000e+03 1.000000000000000000e+00 1.000000000000000000e+00 1.000000000000000000e+00 5.477945393747414293e-01 2.548101472268296530e-01
4.797000000000000000e+03 1.003133531340819395e+00 8.225478322650354723e-01 1.026893126013292967e+00 5.477945393747414293e-01 2.548101472268296530e-01
4.798000000000000000e+03 1.000000000000000000e+00 1.000000000000000000e+00 1.000000000000000000e+00 3.333322455035228060e-01 4.675116712021891163e-01
4.798000000000000000e+03 1.004700297011229315e+00 7.338217483975532085e-01 1.040339689019939673e+00 3.333322455035228060e-01 4.675116712021891163e-01
4.799000000000000000e+03 1.000000000000000000e+00 1.000000000000000000e+00 1.000000000000000000e+00 5.096235579430907769e-01 5.018759076439499589e-01
4.799000000000000000e+03 1.006267062681639013e+00 6.450956645300709447e-01 1.053786252026586157e+00 5.096235579430907769e-01 5.018759076439499589e-01
