3.260000000000000000e+03 1.000000000000000000e+00 1.000000000000000000e+00 1.000000000000000000e+00 4.840871708873909496e-01 5.877087959957467689e-01
3.260000000000000000e+03 1.003704496536969248e+00 1.002734663884054411e+00 8.945557073422683025e-01 4.840871708873909496e-01 5.877087959957467689e-01
3.261000000000000000e+03 1.000000000000000000e+00 1.000000000000000000e+00 1.000000000000000000e+00 5.444750324628486737e-01 2.548612178523781968e-01
3.261000000000000000e+03 1.007408993073938497e+00 1.005469327768108823e+00 7.891114146845366051e-01 5.444750324628486737e-01 2.548612178523781968e-01
3.262000000000000000e+03 1.000000000000000000e+00 1.000000000000000000e+00 1.000000000000000000e+00 3.335762109283156862e-01 4.698060692122711934e-01
3.262000000000000000e+03 1.011113489610907967e+00 1.008203991652163456e+00 6.836671220268049076e-01 3.335762109283156862e-01 4.698060692122711934e-01
3.263000000000000000e+03 1.000000000000000000e+00 1.000000000000000000e+00 1.000000000000000000e+00 5.089938029198092240e-01 5.016317274374892943e-01
3.263000000000000000e+03 1.014817986147877216e+00 1.010938655536217867e+00 5.782228293690732102e-01 5.089938029198092240e-01 5.016317274374892943e-01
3.264000000000000000e+03 1.000000000000000000e+00 1.000000000000000000e+00 1.000000000000000000e+00 5.065842558775073279e-01 5.008634089008898727e-01
3.264000000000000000e+03 1.003704496536969248e+00 1.002734663884054411e+00 8.945557073422683025e-01 5.065842558775073279e-01 5.008634089008898727e-01
3.265000000000000000e+03 1.000000000000000000e+00 1.000000000000000000e+00 1.000000000000000000e+00 3.347739083914936797e-01 4.783335154635528497e-01
3.265000000000000000e+03 1.007408993073938497e+00 1.005469327768108823e+00 7.891114146845366051e-01 3.347739083914936797e-01 4.783335154635528497e-01
3.266000000000000000e+03 1.000000000000000000e+00 1.000000000000000000e+00 1.000000000000000000e+00 5.320680223542259002e-01 2.554529905259941835e-01
3.266000000000000000e+03 1.011113489610907967e+00 1.008203991652163456e+00 6.836671220268049076e-01 5.320680223542259002e-01 2.554529905259941835e-01
3.267000000000000000e+03 1.000000000000000000e+00 1.000000000000000000e+00 1.000000000000000000e+00 4.887350532813314885e-01 5.859051737430067686e-01
3.267000000000000000e+03 1.014817986147877216e+00 1.010938655536217867e+00 5.782228293690732102e-01 4.887350532813314885e-01 5.859051737430067686e-01
3.268000000000000000e+03 1.000000000000000000e+00 1.000000000000000000e+00 1.000000000000000000e+00 3.995686704736579609e-01 5.771452911716711265e-01
3.268000000000000000e+03 1.003704496536969248e+00 1.002734663884054411e+00 8.945557073422683025e-01 3.995686704736579609e-01 5.771452911716711265e-01
3.269000000000000000e+03 1.000000000000000000e+00 1.000000000000000000e+00 1.000000000000000000e+00 7.273180432030530440e-01 3.253879868544963805e-01
3.269000000000000000e+03 1.007408993073938497e+00 1.005469327768108823e+00 7.891114146845366051e-01 7.273180432030530440e-01 3.253879868544963805e-01
3.270000000000000000e+03 1.000000000000000000e+00 1.000000000000000000e+00 1.000000000000000000e+00 3.741213478414126548e-01 3.361253136353024029e-01
3.270000000000000000e+03 1.011113489610907967e+00 1.008203991652163456e+00 6.836671220268049076e-01 3.741213478414126548e-01 3.361253136353024029e-01
3.271000000000000000e+03 1.000000000000000000e+00 1.000000000000000000e+00 1.000000000000000000e+00 5.284119301847548522e-01 5.369879726879865922e-01
3.271000000000000000e+03 1.014817986147877216e+00 1.010938655536217867e+00 5.782228293690732102e-01 5.284119301847548522e-01 5.369879726879865922e-01
3.272000000000000000e+03 1.000000000000000000e+00 1.000000000000000000e+00 1.000000000000000000e+00 5.172807747350275376e-01 5.643610730562181876e-01
3.272000000000000000e+03 1.003704496536969248e+00 1.002734663884054411e+00 8.945557073422683025e-01 5.172807747350275376e-01 5.643610730562181876e-01
3.273000000000000000e+03 1.000000000000000000e+00 1.000000000000000000e+00 1.000000000000000000e+00 4.412291588437106671e-01 2.811119895239283517e-01
3.273000000000000000e+03 1.007408993073938497e+00 1.005469327768108823e+00 7.891114146845366051e-01 4.412291588437106671e-01 2.811119895239283517e-01
3.274000000000000000e+03 1.000000000000000000e+00 1.000000000000000000e+00 1.000000000000000000e+00 7.961514791859982676e-01 4.204841256330797417e-01
3.274000000000000000e+03 1.011113489610907967e+00 1.008203991652163456e+00 6.836671220268049076e-01 7.961514791859982676e-01 4.204841256330797417e-01
3.275000000000000000e+03 1.000000000000000000e+00 1.000000000000000000e+00 1.000000000000000000e+00 3.583754582338550820e-01 5.380258079456584630e-01
3.275000000000000000e+03 1.014817986147877216e+00 1.010938655536217867e+00 5.782228293690732102e-01 3.583754582338550820e-01 5.380258079456584630e-01
3.276000000000000000e+03 1.000000000000000000e+00 1.000000000000000000e+00 1.000000000000000000e+00 4.467269172949971390e-01 5.923807423627703850e-01
3.276000000000000000e+03 1.003704496536969248e+00 1.002734663884054411e+00 8.945557073422683025e-01 4.467269172949971390e-01 5.923807423627703850e-01
3.277000000000000000e+03 1.000000000000000000e+00 1.000000000000000000e+00 1.000000000000000000e+00 6.332022207122158797e-01 2.690143049933075292e-01
3.277000000000000000e+03 1.007408993073938497e+00 1.005469327768108823e+00 7.891114146845366051e-01 6.332022207122158797e-01 2.690143049933075292e-01
3.278000000000000000e+03 1.000000000000000000e+00 1.000000000000000000e+00 1.000000000000000000e+00 3.383167813152685999e-01 4.067623482913905741e-01
3.278000000000000000e+03 1.011113489610907967e+00 1.008203991652163456e+00 6.836671220268049076e-01 3.383167813152685999e-01 4.067623482913905741e-01
3.279000000000000000e+03 1.000000000000000000e+00 1.000000000000000000e+00 1.000000000000000000e+00 5.230782660408093143e-01 5.133085137013962962e-01
3.279000000000000000e+03 1.014817986147877216e+00 1.010938655536217867e+00 5.782228293690732102e-01 5.230782660408093143e-01 5.133085137013962962e-01
