9.200000000000000000e+02 1.000000000000000000e+00 1.000000000000000000e+00 1.000000000000000000e+00 5.268725919030577964e-01 5.454645351968070432e-01
9.200000000000000000e+02 1.000248140378230399e+00 8.976360124509326077e-01 1.012461209493248138e+00 5.268725919030577964e-01 5.454645351968070432e-01
9.210000000000000000e+02 1.000000000000000000e+00 1.000000000000000000e+00 1.000000000000000000e+00 3.917145852900449920e-01 3.167967546211502006e-01
9.210000000000000000e+02 1.000496280756460576e+00 7.952720249018652154e-01 1.024922418986496275e+00 3.917145852900449920e-01 3.167967546211502006e-01
9.220000000000000000e+02 1.000000000000000000e+00 1.000000000000000000e+00 1.000000000000000000e+00 7.520726004698712330e-01 3.510081738865963308e-01
9.220000000000000000e+02 1.000744421134690754e+00 6.929080373527978232e-01 1.037383628479744413e+00 7.520726004698712330e-01 3.510081738865963308e-01
9.230000000000000000e+02 1.000000000000000000e+00 1.000000000000000000e+00 1.000000000000000000e+00 3.856661097121715787e-01 5.675790033065064577e-01
9.230000000000000000e+02 1.000992561512921153e+00 5.905440498037304309e-01 1.049844837972992551e+00 3.856661097121715787e-01 5.675790033065064577e-01
9.240000000000000000e+02 1.000000000000000000e+00 1.000000000000000000e+00 1.000000000000000000e+00 4.768964065917253303e-01 5.898909568748443855e-01
9.240000000000000000e+02 1.000248140378230399e+00 8.976360124509326077e-01 1.012461209493248138e+00 4.768964065917253303e-01 5.898909568748443855e-01
9.250000000000000000e+02 1.000000000000000000e+00 1.000000000000000000e+00 1.000000000000000000e+00 5.629320103275897713e-01 2.551455080412488585e-01
9.250000000000000000e+02 1.000496280756460576e+00 7.952720249018652154e-01 1.024922418986496275e+00 5.629320103275897713e-01 2.551455080412488585e-01
9.260000000000000000e+02 1.000000000000000000e+00 1.000000000000000000e+00 1.000000000000000000e+00 3.326272755832022643e-01 4.569821981320677518e-01
9.260000000000000000e+02 1.000744421134690754e+00 6.929080373527978232e-01 1.037383628479744413e+00 3.326272755832022643e-01 4.569821981320677518e-01
9.270000000000000000e+02 1.000000000000000000e+00 1.000000000000000000e+00 1.000000000000000000e+00 5.124091893328909242e-01 5.031893849486170911e-01
9.270000000000000000e+02 1.000992561512921153e+00 5.905440498037304309e-01 1.049844837972992551e+00 5.124091893328909242e-01 5.031893849486170911e-01
9.280000000000000000e+02 1.000000000000000000e+00 1.000000000000000000e+00 1.000000000000000000e+00 5.167341174204139742e-01 5.061036440271199366e-01
9.280000000000000000e+02 1.000248140378230399e+00 8.976360124509326077e-01 1.012461209493248138e+00 5.167341174204139742e-01 5.061036440271199366e-01
9.290000000000000000e+02 1.000000000000000000e+00 1.000000000000000000e+00 1.000000000000000000e+00 3.329524068032355677e-01 4.390706412029610206e-01
9.290000000000000000e+02 1.000496280756460576e+00 7.952720249018652154e-01 1.024922418986496275e+00 3.329524068032355677e-01 4.390706412029610206e-01
9.300000000000000000e+02 1.000000000000000000e+00 1.000000000000000000e+00 1.000000000000000000e+00 5.883422161819985563e-01 2.577956689150604497e-01
9.300000000000000000e+02 1.000744421134690754e+00 6.929080373527978232e-01 1.037383628479744413e+00 5.883422161819985563e-01 2.577956689150604497e-01
9.310000000000000000e+02 1.000000000000000000e+00 1.000000000000000000e+00 1.000000000000000000e+00 4.664834985879205420e-01 5.918908553085892033e-01
9.310000000000000000e+02 1.000992561512921153e+00 5.905440498037304309e-01 1.049844837972992551e+00 4.664834985879205420e-01 5.918908553085892033e-01
9.320000000000000000e+02 1.000000000000000000e+00 1.000000000000000000e+00 1.000000000000000000e+00 3.750597794715382349e-01 5.581569123195974091e-01
9.320000000000000000e+02 1.000248140378230399e+00 8.976360124509326077e-01 1.012461209493248138e+00 3.750597794715382349e-01 5.581569123195974091e-01
9.330000000000000000e+02 1.000000000000000000e+00 1.000000000000000000e+00 1.000000000000000000e+00 7.699955332508482408e-01 3.743230443524346862e-01
9.330000000000000000e+02 1.000496280756460576e+00 7.952720249018652154e-01 1.024922418986496275e+00 7.699955332508482408e-01 3.743230443524346862e-01
9.340000000000000000e+02 1.000000000000000000e+00 1.000000000000000000e+00 1.000000000000000000e+00 4.080830660164186385e-01 3.025321231103449970e-01
9.340000000000000000e+02 1.000744421134690754e+00 6.929080373527978232e-01 1.037383628479744413e+00 4.080830660164186385e-01 3.025321231103449970e-01
9.350000000000000000e+02 1.000000000000000000e+00 1.000000000000000000e+00 1.000000000000000000e+00 5.243968906556134568e-01 5.524125641672685827e-01
9.350000000000000000e+02 1.000992561512921153e+00 5.905440498037304309e-01 1.049844837972992551e+00 5.243968906556134568e-01 5.524125641672685827e-01
9.360000000000000000e+02 1.000000000000000000e+00 1.000000000000000000e+00 1.000000000000000000e+00 5.033411331177500836e-01 5.777407356907526825e-01
9.360000000000000000e+02 1.000248140378230399e+00 8.976360124509326077e-01 1.012461209493248138e+00 5.033411331177500836e-01 5.777407356907526825e-01
9.370000000000000000e+02 1.000000000000000000e+00 1.000000000000000000e+00 1.000000000000000000e+00 4.897887457726592952e-01 2.624068278688240219e-01
9.370000000000000000e+02 1.000496280756460576e+00 7.952720249018652154e-01 1.024922418986496275e+00 4.897887457726592952e-01 2.624068278688240219e-01
9.380000000000000000e+02 1.000000000000000000e+00 1.000000000000000000e+00 1.000000000000000000e+00 8.175193903513875426e-01 4.863536852178640402e-01
9.380000000000000000e+02 1.000744421134690754e+00 6.929080373527978232e-01 1.037383628479744413e+00 8.175193903513875426e-01 4.863536852178640402e-01
9.390000000000000000e+02 1.000000000000000000e+00 1.000000000000000000e+00 1.000000000000000000e+00 3.423330460890356974e-01 5.067761936725453387e-01
9.390000000000000000e+02 1.000992561512921153e+00 5.905440498037304309e-01 1.049844837972992551e+00 3.423330460890356974e-01 5.067761936725453387e-01
