2.100000000000000000e+03 1.000000000000000000e+00 1.000000000000000000e+00 1.000000000000000000e+00 3.608268260353512114e-01 5.415192886529408556e-01
2.100000000000000000e+03 1.020684290246087311e+00 8.948201193748688276e-01 9.881947566383002535e-01 3.608268260353512114e-01 5.415192886529408556e-01
2.101000000000000000e+03 1.000000000000000000e+00 1.000000000000000000e+00 1.000000000000000000e+00 7.924957453899315052e-01 4.127402577907260950e-01
2.101000000000000000e+03 1.041368580492174400e+00 7.896402387497376552e-01 9.763895132766003959e-01 7.924957453899315052e-01 4.127402577907260950e-01
2.102000000000000000e+03 1.000000000000000000e+00 1.000000000000000000e+00 1.000000000000000000e+00 4.356104845688926197e-01 2.841655403227097976e-01
2.102000000000000000e+03 1.062052870738261490e+00 6.844603581246065938e-01 9.645842699149005384e-01 4.356104845688926197e-01 2.841655403227097976e-01
2.103000000000000000e+03 1.000000000000000000e+00 1.000000000000000000e+00 1.000000000000000000e+00 5.186490618747744419e-01 5.625118882520073749e-01
2.103000000000000000e+03 1.082737160984348801e+00 5.792804774994754213e-01 9.527790265532007918e-01 5.186490618747744419e-01 5.625118882520073749e-01
2.104000000000000000e+03 1.000000000000000000e+00 1.000000000000000000e+00 1.000000000000000000e+00 5.285351659339733166e-01 5.350983331051666347e-01
2.104000000000000000e+03 1.020684290246087311e+00 8.948201193748688276e-01 9.881947566383002535e-01 5.285351659339733166e-01 5.350983331051666347e-01
2.105000000000000000e+03 1.000000000000000000e+00 1.000000000000000000e+00 1.000000000000000000e+00 3.705321573254788392e-01 3.407541950478881754e-01
2.105000000000000000e+03 1.041368580492174400e+00 7.896402387497376552e-01 9.763895132766003959e-01 3.705321573254788392e-01 3.407541950478881754e-01
2.106000000000000000e+03 1.000000000000000000e+00 1.000000000000000000e+00 1.000000000000000000e+00 7.213195408755844751e-01 3.200658189552048061e-01
2.106000000000000000e+03 1.062052870738261490e+00 6.844603581246065938e-01 9.645842699149005384e-01 7.213195408755844751e-01 3.200658189552048061e-01
2.107000000000000000e+03 1.000000000000000000e+00 1.000000000000000000e+00 1.000000000000000000e+00 4.028279309713607148e-01 5.790015043042472387e-01
2.107000000000000000e+03 1.082737160984348801e+00 5.792804774994754213e-01 9.527790265532007918e-01 4.028279309713607148e-01 5.790015043042472387e-01
2.108000000000000000e+03 1.000000000000000000e+00 1.000000000000000000e+00 1.000000000000000000e+00 4.912553052262907949e-01 5.847846035253765340e-01
2.108000000000000000e+03 1.020684290246087311e+00 8.948201193748688276e-01 9.881947566383002535e-01 4.912553052262907949e-01 5.847846035253765340e-01
2.109000000000000000e+03 1.000000000000000000e+00 1.000000000000000000e+00 1.000000000000000000e+00 5.251600338172990323e-01 2.560596970979313602e-01
2.109000000000000000e+03 1.041368580492174400e+00 7.896402387497376552e-01 9.763895132766003959e-01 5.251600338172990323e-01 2.560596970979313602e-01
2.110000000000000000e+03 1.000000000000000000e+00 1.000000000000000000e+00 1.000000000000000000e+00 3.356375467862774409e-01 4.830476357044958813e-01
2.110000000000000000e+03 1.062052870738261490e+00 6.844603581246065938e-01 9.645842699149005384e-01 3.356375467862774409e-01 4.830476357044958813e-01
2.111000000000000000e+03 1.000000000000000000e+00 1.000000000000000000e+00 1.000000000000000000e+00 5.052067538370305089e-01 5.005370252519143470e-01
2.111000000000000000e+03 1.082737160984348801e+00 5.792804774994754213e-01 9.527790265532007918e-01 5.052067538370305089e-01 5.005370252519143470e-01
2.112000000000000000e+03 1.000000000000000000e+00 1.000000000000000000e+00 1.000000000000000000e+00 5.076453584759700322e-01 5.011700642779511883e-01
2.112000000000000000e+03 1.020684290246087311e+00 8.948201193748688276e-01 9.881947566383002535e-01 5.076453584759700322e-01 5.011700642779511883e-01
2.113000000000000000e+03 1.000000000000000000e+00 1.000000000000000000e+00 1.000000000000000000e+00 3.341961146675984651e-01 4.746249696488759606e-01
2.113000000000000000e+03 1.041368580492174400e+00 7.896402387497376552e-01 9.763895132766003959e-01 3.341961146675984651e-01 4.746249696488759606e-01
2.114000000000000000e+03 1.000000000000000000e+00 1.000000000000000000e+00 1.000000000000000000e+00 5.374775133877104372e-01 2.551168512393827137e-01
2.114000000000000000e+03 1.062052870738261490e+00 6.844603581246065938e-01 9.645842699149005384e-01 5.374775133877104372e-01 2.551168512393827137e-01
2.115000000000000000e+03 1.000000000000000000e+00 1.000000000000000000e+00 1.000000000000000000e+00 4.867274526854623584e-01 5.867246219041858390e-01
2.115000000000000000e+03 1.082737160984348801e+00 5.792804774994754213e-01 9.527790265532007918e-01 4.867274526854623584e-01 5.867246219041858390e-01
2.116000000000000000e+03 1.000000000000000000e+00 1.000000000000000000e+00 1.000000000000000000e+00 3.970537079231348798e-01 5.756183278330420094e-01
2.116000000000000000e+03 1.020684290246087311e+00 8.948201193748688276e-01 9.881947566383002535e-01 3.970537079231348798e-01 5.756183278330420094e-01
2.117000000000000000e+03 1.000000000000000000e+00 1.000000000000000000e+00 1.000000000000000000e+00 7.318967545682533160e-01 3.296622009730314495e-01
2.117000000000000000e+03 1.041368580492174400e+00 7.896402387497376552e-01 9.763895132766003959e-01 7.318967545682533160e-01 3.296622009730314495e-01
2.118000000000000000e+03 1.000000000000000000e+00 1.000000000000000000e+00 1.000000000000000000e+00 3.770219365699947200e-01 3.325784766774408374e-01
2.118000000000000000e+03 1.062052870738261490e+00 6.844603581246065938e-01 9.645842699149005384e-01 3.770219365699947200e-01 3.325784766774408374e-01
2.119000000000000000e+03 1.000000000000000000e+00 1.000000000000000000e+00 1.000000000000000000e+00 5.282585922360786279e-01 5.384710608311710223e-01
2.119000000000000000e+03 1.082737160984348801e+00 5.792804774994754213e-01 9.527790265532007918e-01 5.282585922360786279e-01 5.384710608311710223e-01
