4.200000000000000000e+02 1.000000000000000000e+00 1.000000000000000000e+00 1.000000000000000000e+00 3.744211723356216104e-01 5.575193329884861049e-01
4.200000000000000000e+02 1.006030279544772865e+00 1.015503195990768770e+00 9.006981428348684870e-01 3.744211723356216104e-01 5.575193329884861049e-01
4.210000000000000000e+02 1.000000000000000000e+00 1.000000000000000000e+00 1.000000000000000000e+00 7.710457049588619327e-01 3.758519373958918441e-01
4.210000000000000000e+02 1.012060559089545730e+00 1.031006391981537540e+00 8.013962856697369741e-01 7.710457049588619327e-01 3.758519373958918441e-01
4.220000000000000000e+02 1.000000000000000000e+00 1.000000000000000000e+00 1.000000000000000000e+00 4.091663022037028696e-01 3.016877336883797556e-01
4.220000000000000000e+02 1.018090838634318596e+00 1.046509587972306310e+00 7.020944285046054611e-01 4.091663022037028696e-01 3.016877336883797556e-01
4.230000000000000000e+02 1.000000000000000000e+00 1.000000000000000000e+00 1.000000000000000000e+00 5.242049681806751904e-01 5.528453890171366458e-01
4.230000000000000000e+02 1.024121118179091461e+00 1.062012783963075080e+00 6.027925713394739482e-01 5.242049681806751904e-01 5.528453890171366458e-01
4.240000000000000000e+02 1.000000000000000000e+00 1.000000000000000000e+00 1.000000000000000000e+00 5.028755642922936309e-01 5.780720612959647786e-01
4.240000000000000000e+02 1.006030279544772865e+00 1.015503195990768770e+00 9.006981428348684870e-01 5.028755642922936309e-01 5.780720612959647786e-01
4.250000000000000000e+02 1.000000000000000000e+00 1.000000000000000000e+00 1.000000000000000000e+00 4.912352800370888284e-01 2.620363571698992589e-01
4.250000000000000000e+02 1.012060559089545730e+00 1.031006391981537540e+00 8.013962856697369741e-01 4.912352800370888284e-01 2.620363571698992589e-01
4.260000000000000000e+02 1.000000000000000000e+00 1.000000000000000000e+00 1.000000000000000000e+00 8.179094335971686114e-01 4.882907022017800580e-01
4.260000000000000000e+02 1.018090838634318596e+00 1.046509587972306310e+00 7.020944285046054611e-01 8.179094335971686114e-01 4.882907022017800580e-01
4.270000000000000000e+02 1.000000000000000000e+00 1.000000000000000000e+00 1.000000000000000000e+00 3.419821479369672401e-01 5.058201421276024012e-01
4.270000000000000000e+02 1.024121118179091461e+00 1.062012783963075080e+00 6.027925713394739482e-01 3.419821479369672401e-01 5.058201421276024012e-01
4.280000000000000000e+02 1.000000000000000000e+00 1.000000000000000000e+00 1.000000000000000000e+00 4.196040071354121270e-01 5.865447858413037618e-01
4.280000000000000000e+02 1.006030279544772865e+00 1.015503195990768770e+00 9.006981428348684870e-01 4.196040071354121270e-01 5.865447858413037618e-01
4.290000000000000000e+02 1.000000000000000000e+00 1.000000000000000000e+00 1.000000000000000000e+00 6.892921525118602677e-01 2.962305306911100500e-01
4.290000000000000000e+02 1.012060559089545730e+00 1.031006391981537540e+00 8.013962856697369741e-01 6.892921525118602677e-01 2.962305306911100500e-01
4.300000000000000000e+02 1.000000000000000000e+00 1.000000000000000000e+00 1.000000000000000000e+00 3.548428724249031996e-01 3.651559273117758742e-01
4.300000000000000000e+02 1.018090838634318596e+00 1.046509587972306310e+00 7.020944285046054611e-01 3.548428724249031996e-01 3.651559273117758742e-01
4.310000000000000000e+02 1.000000000000000000e+00 1.000000000000000000e+00 1.000000000000000000e+00 5.279324441075107233e-01 5.259479130409516756e-01
4.310000000000000000e+02 1.024121118179091461e+00 1.062012783963075080e+00 6.027925713394739482e-01 5.279324441075107233e-01 5.259479130409516756e-01
4.320000000000000000e+02 1.000000000000000000e+00 1.000000000000000000e+00 1.000000000000000000e+00 5.239443648060855274e-01 5.147540848253319146e-01
4.320000000000000000e+02 1.006030279544772865e+00 1.015503195990768770e+00 9.006981428348684870e-01 5.239443648060855274e-01 5.147540848253319146e-01
4.330000000000000000e+02 1.000000000000000000e+00 1.000000000000000000e+00 1.000000000000000000e+00 3.398388042970719169e-01 4.013115659461130580e-01
4.330000000000000000e+02 1.012060559089545730e+00 1.031006391981537540e+00 8.013962856697369741e-01 3.398388042970719169e-01 4.013115659461130580e-01
4.340000000000000000e+02 1.000000000000000000e+00 1.000000000000000000e+00 1.000000000000000000e+00 6.406556086681645112e-01 2.717303888486508057e-01
4.340000000000000000e+02 1.018090838634318596e+00 1.046509587972306310e+00 7.020944285046054611e-01 6.406556086681645112e-01 2.717303888486508057e-01
4.350000000000000000e+02 1.000000000000000000e+00 1.000000000000000000e+00 1.000000000000000000e+00 4.432787405603905717e-01 5.920527802545068052e-01
4.350000000000000000e+02 1.024121118179091461e+00 1.062012783963075080e+00 6.027925713394739482e-01 4.432787405603905717e-01 5.920527802545068052e-01
4.360000000000000000e+02 1.000000000000000000e+00 1.000000000000000000e+00 1.000000000000000000e+00 3.558832695795514089e-01 5.342254822890744048e-01
4.360000000000000000e+02 1.006030279544772865e+00 1.015503195990768770e+00 9.006981428348684870e-01 3.558832695795514089e-01 5.342254822890744048e-01
4.370000000000000000e+02 1.000000000000000000e+00 1.000000000000000000e+00 1.000000000000000000e+00 7.997871227733381883e-01 4.288052203860182598e-01
4.370000000000000000e+02 1.012060559089545730e+00 1.031006391981537540e+00 8.013962856697369741e-01 7.997871227733381883e-01 4.288052203860182598e-01
4.380000000000000000e+02 1.000000000000000000e+00 1.000000000000000000e+00 1.000000000000000000e+00 4.472898690484719553e-01 2.780480734031065548e-01
4.380000000000000000e+02 1.018090838634318596e+00 1.046509587972306310e+00 7.020944285046054611e-01 4.472898690484719553e-01 2.780480734031065548e-01
4.390000000000000000e+02 1.000000000000000000e+00 1.000000000000000000e+00 1.000000000000000000e+00 5.157408336266207094e-01 5.662815342440037369e-01
4.390000000000000000e+02 1.024121118179091461e+00 1.062012783963075080e+00 6.027925713394739482e-01 5.157408336266207094e-01 5.662815342440037369e-01
