3.280000000000000000e+03 1.000000000000000000e+00 1.000000000000000000e+00 1.000000000000000000e+00 5.275602299109845017e-01 5.241447536256699236e-01
3.280000000000000000e+03 1.010819867603328204e+00 1.002143292228221627e+00 9.085202231384187366e-01 5.275602299109845017e-01 5.241447536256699236e-01
3.281000000000000000e+03 1.000000000000000000e+00 1.000000000000000000e+00 1.000000000000000000e+00 3.520914740171686708e-01 3.704214394972040747e-01
3.281000000000000000e+03 1.021639735206656407e+00 1.004286584456443254e+00 8.170404462768374731e-01 3.520914740171686708e-01 3.704214394972040747e-01
3.282000000000000000e+03 1.000000000000000000e+00 1.000000000000000000e+00 1.000000000000000000e+00 6.822954639413589817e-01 2.919173259812453125e-01
3.282000000000000000e+03 1.032459602809984833e+00 1.006429876684664659e+00 7.255606694152560987e-01 6.822954639413589817e-01 2.919173259812453125e-01
3.283000000000000000e+03 1.000000000000000000e+00 1.000000000000000000e+00 1.000000000000000000e+00 4.231383429357670201e-01 5.877343779469078600e-01
3.283000000000000000e+03 1.043279470413313037e+00 1.008573168912886286e+00 6.340808925536748353e-01 4.231383429357670201e-01 5.877343779469078600e-01
3.284000000000000000e+03 1.000000000000000000e+00 1.000000000000000000e+00 1.000000000000000000e+00 3.437000134707594579e-01 5.103247087779682056e-01
3.284000000000000000e+03 1.010819867603328204e+00 1.002143292228221627e+00 9.085202231384187366e-01 3.437000134707594579e-01 5.103247087779682056e-01
3.285000000000000000e+03 1.000000000000000000e+00 1.000000000000000000e+00 1.000000000000000000e+00 8.159520425950184119e-01 4.791291547745111790e-01
3.285000000000000000e+03 1.021639735206656407e+00 1.004286584456443254e+00 8.170404462768374731e-01 8.159520425950184119e-01 4.791291547745111790e-01
3.286000000000000000e+03 1.000000000000000000e+00 1.000000000000000000e+00 1.000000000000000000e+00 4.844022229982715144e-01 2.638739854378705507e-01
3.286000000000000000e+03 1.032459602809984833e+00 1.006429876684664659e+00 7.255606694152560987e-01 4.844022229982715144e-01 2.638739854378705507e-01
3.287000000000000000e+03 1.000000000000000000e+00 1.000000000000000000e+00 1.000000000000000000e+00 5.050516405542079257e-01 5.764739584963516350e-01
3.287000000000000000e+03 1.043279470413313037e+00 1.008573168912886286e+00 6.340808925536748353e-01 5.050516405542079257e-01 5.764739584963516350e-01
3.288000000000000000e+03 1.000000000000000000e+00 1.000000000000000000e+00 1.000000000000000000e+00 5.250774796862744953e-01 5.507866164749642968e-01
3.288000000000000000e+03 1.010819867603328204e+00 1.002143292228221627e+00 9.085202231384187366e-01 5.250774796862744953e-01 5.507866164749642968e-01
3.289000000000000000e+03 1.000000000000000000e+00 1.000000000000000000e+00 1.000000000000000000e+00 4.040829639033942655e-01 3.057499482964468607e-01
3.289000000000000000e+03 1.021639735206656407e+00 1.004286584456443254e+00 8.170404462768374731e-01 4.040829639033942655e-01 3.057499482964468607e-01
3.290000000000000000e+03 1.000000000000000000e+00 1.000000000000000000e+00 1.000000000000000000e+00 7.659817693178474496e-01 3.686631856982285904e-01
3.290000000000000000e+03 1.032459602809984833e+00 1.006429876684664659e+00 7.255606694152560987e-01 7.659817693178474496e-01 3.686631856982285904e-01
3.291000000000000000e+03 1.000000000000000000e+00 1.000000000000000000e+00 1.000000000000000000e+00 3.774816659107412820e-01 5.604972578914401149e-01
3.291000000000000000e+03 1.043279470413313037e+00 1.008573168912886286e+00 6.340808925536748353e-01 3.774816659107412820e-01 5.604972578914401149e-01
3.292000000000000000e+03 1.000000000000000000e+00 1.000000000000000000e+00 1.000000000000000000e+00 4.689826857411498739e-01 5.915277914983113616e-01
3.292000000000000000e+03 1.010819867603328204e+00 1.002143292228221627e+00 9.085202231384187366e-01 4.689826857411498739e-01 5.915277914983113616e-01
3.293000000000000000e+03 1.000000000000000000e+00 1.000000000000000000e+00 1.000000000000000000e+00 5.823701514473100804e-01 2.569371098852442081e-01
3.293000000000000000e+03 1.021639735206656407e+00 1.004286584456443254e+00 8.170404462768374731e-01 5.823701514473100804e-01 2.569371098852442081e-01
3.294000000000000000e+03 1.000000000000000000e+00 1.000000000000000000e+00 1.000000000000000000e+00 3.327046591934664788e-01 4.433062671469198412e-01
3.294000000000000000e+03 1.032459602809984833e+00 1.006429876684664659e+00 7.255606694152560987e-01 3.327046591934664788e-01 4.433062671469198412e-01
3.295000000000000000e+03 1.000000000000000000e+00 1.000000000000000000e+00 1.000000000000000000e+00 5.157602421900892020e-01 5.053408956646201489e-01
3.295000000000000000e+03 1.043279470413313037e+00 1.008573168912886286e+00 6.340808925536748353e-01 5.157602421900892020e-01 5.053408956646201489e-01
3.296000000000000000e+03 1.000000000000000000e+00 1.000000000000000000e+00 1.000000000000000000e+00 5.113378868252363985e-01 5.026375126025778295e-01
3.296000000000000000e+03 1.010819867603328204e+00 1.002143292228221627e+00 9.085202231384187366e-01 5.113378868252363985e-01 5.026375126025778295e-01
3.297000000000000000e+03 1.000000000000000000e+00 1.000000000000000000e+00 1.000000000000000000e+00 3.328232392278906993e-01 4.611099651821246037e-01
3.297000000000000000e+03 1.021639735206656407e+00 1.004286584456443254e+00 8.170404462768374731e-01 3.328232392278906993e-01 4.611099651821246037e-01
3.298000000000000000e+03 1.000000000000000000e+00 1.000000000000000000e+00 1.000000000000000000e+00 5.570162959255241519e-01 2.549038022544541926e-01
3.298000000000000000e+03 1.032459602809984833e+00 1.006429876684664659e+00 7.255606694152560987e-01 5.570162959255241519e-01 2.549038022544541926e-01
3.299000000000000000e+03 1.000000000000000000e+00 1.000000000000000000e+00 1.000000000000000000e+00 4.792362262897734149e-01 5.892573237986727941e-01
3.299000000000000000e+03 1.043279470413313037e+00 1.008573168912886286e+00 6.340808925536748353e-01 4.792362262897734149e-01 5.892573237986727941e-01
