4.820000000000000000e+03 1.000000000000000000e+00 1.000000000000000000e+00 1.000000000000000000e+00 3.429155485117421631e-01 5.083210462146192654e-01
4.820000000000000000e+03 1.005096958359863679e+00 8.948232117957408693e-01 1.004602797815022042e+00 3.429155485117421631e-01 5.083210462146192654e-01
4.821000000000000000e+03 1.000000000000000000e+00 1.000000000000000000e+00 1.000000000000000000e+00 8.168604418771090447e-01 4.832153319092742372e-01
4.821000000000000000e+03 1.010193916719727358e+00 7.896464235914817387e-01 1.009205595630044083e+00 8.168604418771090447e-01 4.832153319092742372e-01
4.822000000000000000e+03 1.000000000000000000e+00 1.000000000000000000e+00 1.000000000000000000e+00 4.874471428473274859e-01 2.630275533173165314e-01
4.822000000000000000e+03 1.015290875079591260e+00 6.844696353872226080e-01 1.013808393445065903e+00 4.874471428473274859e-01 2.630275533173165314e-01
4.823000000000000000e+03 1.000000000000000000e+00 1.000000000000000000e+00 1.000000000000000000e+00 5.040892352765661277e-01 5.771964562938322052e-01
4.823000000000000000e+03 1.020387833439454939e+00 5.792928471829634773e-01 1.018411191260087945e+00 5.040892352765661277e-01 5.771964562938322052e-01
4.824000000000000000e+03 1.000000000000000000e+00 1.000000000000000000e+00 1.000000000000000000e+00 5.246993917073645708e-01 5.517084834312400154e-01
4.824000000000000000e+03 1.005096958359863679e+00 8.948232117957408693e-01 1.004602797815022042e+00 5.246993917073645708e-01 5.517084834312400154e-01
4.825000000000000000e+03 1.000000000000000000e+00 1.000000000000000000e+00 1.000000000000000000e+00 4.063376168588486714e-01 3.039166371315689119e-01
4.825000000000000000e+03 1.010193916719727358e+00 7.896464235914817387e-01 1.009205595630044083e+00 4.063376168588486714e-01 3.039166371315689119e-01
4.826000000000000000e+03 1.000000000000000000e+00 1.000000000000000000e+00 1.000000000000000000e+00 7.682708025870266244e-01 3.718561211419552093e-01
4.826000000000000000e+03 1.015290875079591260e+00 6.844696353872226080e-01 1.013808393445065903e+00 7.682708025870266244e-01 3.718561211419552093e-01
4.827000000000000000e+03 1.000000000000000000e+00 1.000000000000000000e+00 1.000000000000000000e+00 3.761040768501643927e-01 5.591808874242578664e-01
4.827000000000000000e+03 1.020387833439454939e+00 5.792928471829634773e-01 1.018411191260087945e+00 3.761040768501643927e-01 5.591808874242578664e-01
4.828000000000000000e+03 1.000000000000000000e+00 1.000000000000000000e+00 1.000000000000000000e+00 4.675706237410362509e-01 5.917416904407544198e-01
4.828000000000000000e+03 1.005096958359863679e+00 8.948232117957408693e-01 1.004602797815022042e+00 4.675706237410362509e-01 5.917416904407544198e-01
4.829000000000000000e+03 1.000000000000000000e+00 1.000000000000000000e+00 1.000000000000000000e+00 5.857536336482513928e-01 2.574056543824770893e-01
4.829000000000000000e+03 1.010193916719727358e+00 7.896464235914817387e-01 1.009205595630044083e+00 5.857536336482513928e-01 2.574056543824770893e-01
4.830000000000000000e+03 1.000000000000000000e+00 1.000000000000000000e+00 1.000000000000000000e+00 3.328319819708613347e-01 4.409084950463924013e-01
4.830000000000000000e+03 1.015290875079591260e+00 6.844696353872226080e-01 1.013808393445065903e+00 3.328319819708613347e-01 4.409084950463924013e-01
4.831000000000000000e+03 1.000000000000000000e+00 1.000000000000000000e+00 1.000000000000000000e+00 5.163153628523702299e-01 5.057672475643198995e-01
4.831000000000000000e+03 1.020387833439454939e+00 5.792928471829634773e-01 1.018411191260087945e+00 5.163153628523702299e-01 5.057672475643198995e-01
4.832000000000000000e+03 1.000000000000000000e+00 1.000000000000000000e+00 1.000000000000000000e+00 5.119473093587034729e-01 5.029439995856136436e-01
4.832000000000000000e+03 1.005096958359863679e+00 8.948232117957408693e-01 1.004602797815022042e+00 5.119473093587034729e-01 5.029439995856136436e-01
4.833000000000000000e+03 1.000000000000000000e+00 1.000000000000000000e+00 1.000000000000000000e+00 3.326997410119336696e-01 4.587746597709783658e-01
4.833000000000000000e+03 1.010193916719727358e+00 7.896464235914817387e-01 1.009205595630044083e+00 3.326997410119336696e-01 4.587746597709783658e-01
4.834000000000000000e+03 1.000000000000000000e+00 1.000000000000000000e+00 1.000000000000000000e+00 5.603660105507256572e-01 2.550232661972522408e-01
4.834000000000000000e+03 1.015290875079591260e+00 6.844696353872226080e-01 1.013808393445065903e+00 5.603660105507256572e-01 2.550232661972522408e-01
4.835000000000000000e+03 1.000000000000000000e+00 1.000000000000000000e+00 1.000000000000000000e+00 4.779153300926823333e-01 5.896237841733849017e-01
4.835000000000000000e+03 1.020387833439454939e+00 5.792928471829634773e-01 1.018411191260087945e+00 4.779153300926823333e-01 5.896237841733849017e-01
4.836000000000000000e+03 1.000000000000000000e+00 1.000000000000000000e+00 1.000000000000000000e+00 3.867801646731390264e-01 5.684528978424663315e-01
4.836000000000000000e+03 1.005096958359863679e+00 8.948232117957408693e-01 1.004602797815022042e+00 3.867801646731390264e-01 5.684528978424663315e-01
4.837000000000000000e+03 1.000000000000000000e+00 1.000000000000000000e+00 1.000000000000000000e+00 7.501399550489815660e-01 3.487649735591449307e-01
4.837000000000000000e+03 1.010193916719727358e+00 7.896464235914817387e-01 1.009205595630044083e+00 7.501399550489815660e-01 3.487649735591449307e-01
4.838000000000000000e+03 1.000000000000000000e+00 1.000000000000000000e+00 1.000000000000000000e+00 3.901560378583392441e-01 3.183201048120787302e-01
4.838000000000000000e+03 1.015290875079591260e+00 6.844696353872226080e-01 1.013808393445065903e+00 3.901560378583392441e-01 3.183201048120787302e-01
4.839000000000000000e+03 1.000000000000000000e+00 1.000000000000000000e+00 1.000000000000000000e+00 5.270618335432720736e-01 5.447597754658006775e-01
4.839000000000000000e+03 1.020387833439454939e+00 5.792928471829634773e-01 1.018411191260087945e+00 5.270618335432720736e-01 5.447597754658006775e-01
