2.300000000000000000e+03 1.000000000000000000e+00 1.000000000000000000e+00 1.000000000000000000e+00 4.976254223717926362e-01 5.814497682638093412e-01
2.300000000000000000e+03 1.004466472507608232e+00 8.907262146090832999e-01 1.001740057118275296e+00 4.976254223717926362e-01 5.814497682638093412e-01
2.301000000000000000e+03 1.000000000000000000e+00 1.000000000000000000e+00 1.000000000000000000e+00 5.070372190304783810e-01 2.586181843687107573e-01
2.301000000000000000e+03 1.008932945015216465e+00 7.814524292181667109e-01 1.003480114236550591e+00 5.070372190304783810e-01 2.586181843687107573e-01
2.302000000000000000e+03 1.000000000000000000e+00 1.000000000000000000e+00 1.000000000000000000e+00 3.385842080524507081e-01 4.952941016706571831e-01
2.302000000000000000e+03 1.013399417522824919e+00 6.721786438272501218e-01 1.005220171354826109e+00 3.385842080524507081e-01 4.952941016706571831e-01
2.303000000000000000e+03 1.000000000000000000e+00 1.000000000000000000e+00 1.000000000000000000e+00 5.014837445800693905e-01 5.000432569270718552e-01
2.303000000000000000e+03 1.017865890030433151e+00 5.629048584363334218e-01 1.006960228473101404e+00 5.014837445800693905e-01 5.000432569270718552e-01
2.304000000000000000e+03 1.000000000000000000e+00 1.000000000000000000e+00 1.000000000000000000e+00 5.021075660394976881e-01 5.000873400239360667e-01
2.304000000000000000e+03 1.004466472507608232e+00 8.907262146090832999e-01 1.001740057118275296e+00 5.021075660394976881e-01 5.000873400239360667e-01
2.305000000000000000e+03 1.000000000000000000e+00 1.000000000000000000e+00 1.000000000000000000e+00 3.380296469645316382e-01 4.932877574197317427e-01
2.305000000000000000e+03 1.008932945015216465e+00 7.814524292181667109e-01 1.003480114236550591e+00 3.380296469645316382e-01 4.932877574197317427e-01
2.306000000000000000e+03 1.000000000000000000e+00 1.000000000000000000e+00 1.000000000000000000e+00 5.100246938584344081e-01 2.580982534665462458e-01
2.306000000000000000e+03 1.013399417522824919e+00 6.721786438272501218e-01 1.005220171354826109e+00 5.100246938584344081e-01 2.580982534665462458e-01
2.307000000000000000e+03 1.000000000000000000e+00 1.000000000000000000e+00 1.000000000000000000e+00 4.966002086978978380e-01 5.820389595374829694e-01
2.307000000000000000e+03 1.017865890030433151e+00 5.629048584363334218e-01 1.006960228473101404e+00 4.966002086978978380e-01 5.820389595374829694e-01
2.308000000000000000e+03 1.000000000000000000e+00 1.000000000000000000e+00 1.000000000000000000e+00 4.101545363385929455e-01 5.826951759315948109e-01
2.308000000000000000e+03 1.004466472507608232e+00 8.907262146090832999e-01 1.001740057118275296e+00 4.101545363385929455e-01 5.826951759315948109e-01
2.309000000000000000e+03 1.000000000000000000e+00 1.000000000000000000e+00 1.000000000000000000e+00 7.075700379279211694e-01 3.089492768464562888e-01
2.309000000000000000e+03 1.008932945015216465e+00 7.814524292181667109e-01 1.003480114236550591e+00 7.075700379279211694e-01 3.089492768464562888e-01
2.310000000000000000e+03 1.000000000000000000e+00 1.000000000000000000e+00 1.000000000000000000e+00 3.631270504574307667e-01 3.512922492053358603e-01
2.310000000000000000e+03 1.013399417522824919e+00 6.721786438272501218e-01 1.005220171354826109e+00 3.631270504574307667e-01 3.512922492053358603e-01
2.311000000000000000e+03 1.000000000000000000e+00 1.000000000000000000e+00 1.000000000000000000e+00 5.285174023206202776e-01 5.309831765281499694e-01
2.311000000000000000e+03 1.017865890030433151e+00 5.629048584363334218e-01 1.006960228473101404e+00 5.285174023206202776e-01 5.309831765281499694e-01
2.312000000000000000e+03 1.000000000000000000e+00 1.000000000000000000e+00 1.000000000000000000e+00 5.213719245048438200e-01 5.583165097193742987e-01
2.312000000000000000e+03 1.004466472507608232e+00 8.907262146090832999e-01 1.001740057118275296e+00 5.213719245048438200e-01 5.583165097193742987e-01
2.313000000000000000e+03 1.000000000000000000e+00 1.000000000000000000e+00 1.000000000000000000e+00 4.235718473367660053e-01 2.914542929154953499e-01
2.313000000000000000e+03 1.008932945015216465e+00 7.814524292181667109e-01 1.003480114236550591e+00 4.235718473367660053e-01 2.914542929154953499e-01
2.314000000000000000e+03 1.000000000000000000e+00 1.000000000000000000e+00 1.000000000000000000e+00 7.836603057670699091e-01 3.960437332575708624e-01
2.314000000000000000e+03 1.013399417522824919e+00 6.721786438272501218e-01 1.005220171354826109e+00 7.836603057670699091e-01 3.960437332575708624e-01
2.315000000000000000e+03 1.000000000000000000e+00 1.000000000000000000e+00 1.000000000000000000e+00 3.665688915980604978e-01 5.489000385840390184e-01
2.315000000000000000e+03 1.017865890030433151e+00 5.629048584363334218e-01 1.006960228473101404e+00 3.665688915980604978e-01 5.489000385840390184e-01
2.316000000000000000e+03 1.000000000000000000e+00 1.000000000000000000e+00 1.000000000000000000e+00 4.570518702887451656e-01 5.926379113386947006e-01
2.316000000000000000e+03 1.004466472507608232e+00 8.907262146090832999e-01 1.001740057118275296e+00 4.570518702887451656e-01 5.926379113386947006e-01
2.317000000000000000e+03 1.000000000000000000e+00 1.000000000000000000e+00 1.000000000000000000e+00 6.102455816229992447e-01 2.622033721948580087e-01
2.317000000000000000e+03 1.008932945015216465e+00 7.814524292181667109e-01 1.003480114236550591e+00 6.102455816229992447e-01 2.622033721948580087e-01
2.318000000000000000e+03 1.000000000000000000e+00 1.000000000000000000e+00 1.000000000000000000e+00 3.347827304280816541e-01 4.234031443328729605e-01
2.318000000000000000e+03 1.013399417522824919e+00 6.721786438272501218e-01 1.005220171354826109e+00 3.347827304280816541e-01 4.234031443328729605e-01
2.319000000000000000e+03 1.000000000000000000e+00 1.000000000000000000e+00 1.000000000000000000e+00 5.200585531054709998e-01 5.092994037553826292e-01
2.319000000000000000e+03 1.017865890030433151e+00 5.629048584363334218e-01 1.006960228473101404e+00 5.200585531054709998e-01 5.092994037553826292e-01
