4.320000000000000000e+03 1.000000000000000000e+00 1.000000000000000000e+00 1.000000000000000000e+00 5.110852289829102002e-01 5.025160783089174243e-01
4.320000000000000000e+03 1.000005677579786090e+00 9.989276680265937181e-01 9.030039030564082081e-01 5.110852289829102002e-01 5.025160783089174243e-01
4.321000000000000000e+03 1.000000000000000000e+00 1.000000000000000000e+00 1.000000000000000000e+00 3.328835067078114163e-01 4.620686063875577010e-01
4.321000000000000000e+03 1.000011355159572179e+00 9.978553360531875471e-01 8.060078061128164162e-01 3.328835067078114163e-01 4.620686063875577010e-01
4.322000000000000000e+03 1.000000000000000000e+00 1.000000000000000000e+00 1.000000000000000000e+00 5.556390512642047641e-01 2.548678745531721690e-01
4.322000000000000000e+03 1.000017032739358269e+00 9.967830040797813762e-01 7.090117091692245133e-01 5.556390512642047641e-01 2.548678745531721690e-01
4.323000000000000000e+03 1.000000000000000000e+00 1.000000000000000000e+00 1.000000000000000000e+00 4.797762640393201106e-01 5.891008611375494475e-01
4.323000000000000000e+03 1.000022710319144359e+00 9.957106721063750943e-01 6.120156122256327214e-01 4.797762640393201106e-01 5.891008611375494475e-01
4.324000000000000000e+03 1.000000000000000000e+00 1.000000000000000000e+00 1.000000000000000000e+00 3.888525423715590290e-01 5.700255711465038733e-01
4.324000000000000000e+03 1.000005677579786090e+00 9.989276680265937181e-01 9.030039030564082081e-01 3.888525423715590290e-01 5.700255711465038733e-01
4.325000000000000000e+03 1.000000000000000000e+00 1.000000000000000000e+00 1.000000000000000000e+00 7.465206323076244432e-01 3.446860733922769149e-01
4.325000000000000000e+03 1.000011355159572179e+00 9.978553360531875471e-01 8.060078061128164162e-01 7.465206323076244432e-01 3.446860733922769149e-01
4.326000000000000000e+03 1.000000000000000000e+00 1.000000000000000000e+00 1.000000000000000000e+00 3.873302511228864931e-01 3.211659550319673206e-01
4.326000000000000000e+03 1.000017032739358269e+00 9.967830040797813762e-01 7.090117091692245133e-01 3.873302511228864931e-01 3.211659550319673206e-01
4.327000000000000000e+03 1.000000000000000000e+00 1.000000000000000000e+00 1.000000000000000000e+00 5.273813934158942951e-01 5.434608702888491516e-01
4.327000000000000000e+03 1.000022710319144359e+00 9.957106721063750943e-01 6.120156122256327214e-01 5.273813934158942951e-01 5.434608702888491516e-01
4.328000000000000000e+03 1.000000000000000000e+00 1.000000000000000000e+00 1.000000000000000000e+00 5.120392407873456397e-01 5.703443823835596671e-01
4.328000000000000000e+03 1.000005677579786090e+00 9.989276680265937181e-01 9.030039030564082081e-01 5.120392407873456397e-01 5.703443823835596671e-01
4.329000000000000000e+03 1.000000000000000000e+00 1.000000000000000000e+00 1.000000000000000000e+00 4.609696643768755875e-01 2.719486716705942220e-01
4.329000000000000000e+03 1.000011355159572179e+00 9.978553360531875471e-01 8.060078061128164162e-01 4.609696643768755875e-01 2.719486716705942220e-01
4.330000000000000000e+03 1.000000000000000000e+00 1.000000000000000000e+00 1.000000000000000000e+00 8.069048013023287780e-01 4.474741169589862011e-01
4.330000000000000000e+03 1.000017032739358269e+00 9.967830040797813762e-01 7.090117091692245133e-01 8.069048013023287780e-01 4.474741169589862011e-01
4.331000000000000000e+03 1.000000000000000000e+00 1.000000000000000000e+00 1.000000000000000000e+00 3.508021446435172774e-01 5.255347882052350261e-01
4.331000000000000000e+03 1.000022710319144359e+00 9.957106721063750943e-01 6.120156122256327214e-01 3.508021446435172774e-01 5.255347882052350261e-01
4.332000000000000000e+03 1.000000000000000000e+00 1.000000000000000000e+00 1.000000000000000000e+00 4.356645228171502904e-01 5.909043278800034660e-01
4.332000000000000000e+03 1.000005677579786090e+00 9.989276680265937181e-01 9.030039030564082081e-01 4.356645228171502904e-01 5.909043278800034660e-01
4.333000000000000000e+03 1.000000000000000000e+00 1.000000000000000000e+00 1.000000000000000000e+00 6.567655419113493931e-01 2.784944350114401668e-01
4.333000000000000000e+03 1.000011355159572179e+00 9.978553360531875471e-01 8.060078061128164162e-01 6.567655419113493931e-01 2.784944350114401668e-01
4.334000000000000000e+03 1.000000000000000000e+00 1.000000000000000000e+00 1.000000000000000000e+00 3.437950535657182671e-01 3.894494904529005042e-01
4.334000000000000000e+03 1.000017032739358269e+00 9.967830040797813762e-01 7.090117091692245133e-01 3.437950535657182671e-01 3.894494904529005042e-01
4.335000000000000000e+03 1.000000000000000000e+00 1.000000000000000000e+00 1.000000000000000000e+00 5.256037093257253101e-01 5.181204448185998679e-01
4.335000000000000000e+03 1.000022710319144359e+00 9.957106721063750943e-01 6.120156122256327214e-01 5.256037093257253101e-01 5.181204448185998679e-01
4.336000000000000000e+03 1.000000000000000000e+00 1.000000000000000000e+00 1.000000000000000000e+00 5.195141157669816989e-01 5.087037915584525782e-01
4.336000000000000000e+03 1.000005677579786090e+00 9.989276680265937181e-01 9.030039030564082081e-01 5.195141157669816989e-01 5.087037915584525782e-01
4.337000000000000000e+03 1.000000000000000000e+00 1.000000000000000000e+00 1.000000000000000000e+00 3.343619021826393922e-01 4.261211988923301330e-01
4.337000000000000000e+03 1.000011355159572179e+00 9.978553360531875471e-01 8.060078061128164162e-01 3.343619021826393922e-01 4.261211988923301330e-01
4.338000000000000000e+03 1.000000000000000000e+00 1.000000000000000000e+00 1.000000000000000000e+00 6.064663058822784558e-01 2.612999111574499933e-01
4.338000000000000000e+03 1.000017032739358269e+00 9.967830040797813762e-01 7.090117091692245133e-01 6.064663058822784558e-01 2.612999111574499933e-01
4.339000000000000000e+03 1.000000000000000000e+00 1.000000000000000000e+00 1.000000000000000000e+00 4.587087036669387774e-01 5.925761067921712089e-01
4.339000000000000000e+03 1.000022710319144359e+00 9.957106721063750943e-01 6.120156122256327214e-01 4.587087036669387774e-01 5.925761067921712089e-01
