5.100000000000000000e+03 1.000000000000000000e+00 1.000000000000000000e+00 1.000000000000000000e+00 4.378760788894346945e-01 5.912980520449144795e-01
5.100000000000000000e+03 9.580912428765818722e-01 9.966950362968840516e-01 9.927842395173459566e-01 4.378760788894346945e-01 5.912980520449144795e-01
5.101000000000000000e+03 1.000000000000000000e+00 1.000000000000000000e+00 1.000000000000000000e+00 6.521343848066655235e-01 2.764215018369496901e-01
5.101000000000000000e+03 9.161824857531637445e-01 9.933900725937679921e-01 9.855684790346919133e-01 6.521343848066655235e-01 2.764215018369496901e-01
5.102000000000000000e+03 1.000000000000000000e+00 1.000000000000000000e+00 1.000000000000000000e+00 3.425617248960176053e-01 3.928708470413845855e-01
5.102000000000000000e+03 8.742737286297456167e-01 9.900851088906519326e-01 9.783527185520379810e-01 3.425617248960176053e-01 3.928708470413845855e-01
5.103000000000000000e+03 1.000000000000000000e+00 1.000000000000000000e+00 1.000000000000000000e+00 5.251578289858466198e-01 5.171186892625151410e-01
5.103000000000000000e+03 8.323649715063274890e-01 9.867801451875359842e-01 9.711369580693839376e-01 5.251578289858466198e-01 5.171186892625151410e-01
5.104000000000000000e+03 1.000000000000000000e+00 1.000000000000000000e+00 1.000000000000000000e+00 5.188079386578673402e-01 5.079770655500349674e-01
5.104000000000000000e+03 9.580912428765818722e-01 9.966950362968840516e-01 9.927842395173459566e-01 5.188079386578673402e-01 5.079770655500349674e-01
5.105000000000000000e+03 1.000000000000000000e+00 1.000000000000000000e+00 1.000000000000000000e+00 3.338931765569991827e-01 4.295486314041848663e-01
5.105000000000000000e+03 9.161824857531637445e-01 9.933900725937679921e-01 9.855684790346919133e-01 3.338931765569991827e-01 4.295486314041848663e-01
5.106000000000000000e+03 1.000000000000000000e+00 1.000000000000000000e+00 1.000000000000000000e+00 6.016885201187052168e-01 2.602437341644324720e-01
5.106000000000000000e+03 8.742737286297456167e-01 9.900851088906519326e-01 9.783527185520379810e-01 6.016885201187052168e-01 2.602437341644324720e-01
5.107000000000000000e+03 1.000000000000000000e+00 1.000000000000000000e+00 1.000000000000000000e+00 4.607857829270749495e-01 5.924573810504341065e-01
5.107000000000000000e+03 8.323649715063274890e-01 9.867801451875359842e-01 9.711369580693839376e-01 4.607857829270749495e-01 5.924573810504341065e-01
5.108000000000000000e+03 1.000000000000000000e+00 1.000000000000000000e+00 1.000000000000000000e+00 3.698111091707132481e-01 5.526436115401263116e-01
5.108000000000000000e+03 9.580912428765818722e-01 9.966950362968840516e-01 9.927842395173459566e-01 3.698111091707132481e-01 5.526436115401263116e-01
5.109000000000000000e+03 1.000000000000000000e+00 1.000000000000000000e+00 1.000000000000000000e+00 7.785209344556451860e-01 3.873763515006644620e-01
5.109000000000000000e+03 9.161824857531637445e-01 9.933900725937679921e-01 9.855684790346919133e-01 7.785209344556451860e-01 3.873763515006644620e-01
5.110000000000000000e+03 1.000000000000000000e+00 1.000000000000000000e+00 1.000000000000000000e+00 4.173663699802691029e-01 2.956450873575340310e-01
5.110000000000000000e+03 8.742737286297456167e-01 9.900851088906519326e-01 9.783527185520379810e-01 4.173663699802691029e-01 2.956450873575340310e-01
5.111000000000000000e+03 1.000000000000000000e+00 1.000000000000000000e+00 1.000000000000000000e+00 5.226535930605216151e-01 5.560228690161075349e-01
5.111000000000000000e+03 8.323649715063274890e-01 9.867801451875359842e-01 9.711369580693839376e-01 5.226535930605216151e-01 5.560228690161075349e-01
5.112000000000000000e+03 1.000000000000000000e+00 1.000000000000000000e+00 1.000000000000000000e+00 5.283458967611611712e-01 5.288282807006114972e-01
5.112000000000000000e+03 9.580912428765818722e-01 9.966950362968840516e-01 9.927842395173459566e-01 5.283458967611611712e-01 5.288282807006114972e-01
5.113000000000000000e+03 1.000000000000000000e+00 1.000000000000000000e+00 1.000000000000000000e+00 3.594755591482918233e-01 3.570841465943598303e-01
5.113000000000000000e+03 9.161824857531637445e-01 9.933900725937679921e-01 9.855684790346919133e-01 3.594755591482918233e-01 3.570841465943598303e-01
5.114000000000000000e+03 1.000000000000000000e+00 1.000000000000000000e+00 1.000000000000000000e+00 6.999596397581545615e-01 3.033862871030184039e-01
5.114000000000000000e+03 8.742737286297456167e-01 9.900851088906519326e-01 9.783527185520379810e-01 6.999596397581545615e-01 3.033862871030184039e-01
5.115000000000000000e+03 1.000000000000000000e+00 1.000000000000000000e+00 1.000000000000000000e+00 4.141279329468741666e-01 5.844351688064346462e-01
5.115000000000000000e+03 8.323649715063274890e-01 9.867801451875359842e-01 9.711369580693839376e-01 4.141279329468741666e-01 5.844351688064346462e-01
5.116000000000000000e+03 1.000000000000000000e+00 1.000000000000000000e+00 1.000000000000000000e+00 4.993214312755844264e-01 5.804268249767072785e-01
5.116000000000000000e+03 9.580912428765818722e-01 9.966950362968840516e-01 9.927842395173459566e-01 4.993214312755844264e-01 5.804268249767072785e-01
5.117000000000000000e+03 1.000000000000000000e+00 1.000000000000000000e+00 1.000000000000000000e+00 5.020284558031948841e-01 2.595788694843937927e-01
5.117000000000000000e+03 9.161824857531637445e-01 9.933900725937679921e-01 9.855684790346919133e-01 5.020284558031948841e-01 2.595788694843937927e-01
5.118000000000000000e+03 1.000000000000000000e+00 1.000000000000000000e+00 1.000000000000000000e+00 3.395760222538433126e-01 4.986464877361948544e-01
5.118000000000000000e+03 8.742737286297456167e-01 9.900851088906519326e-01 9.783527185520379810e-01 3.395760222538433126e-01 4.986464877361948544e-01
5.119000000000000000e+03 1.000000000000000000e+00 1.000000000000000000e+00 1.000000000000000000e+00 5.004296722072577586e-01 5.000036251850260571e-01
5.119000000000000000e+03 8.323649715063274890e-01 9.867801451875359842e-01 9.711369580693839376e-01 5.004296722072577586e-01 5.000036251850260571e-01
