4.140000000000000000e+03 1.000000000000000000e+00 1.000000000000000000e+00 1.000000000000000000e+00 4.267658668274219025e-01 5.888185149412623609e-01
4.140000000000000000e+03 9.060229549371752178e-01 9.955397916121757618e-01 9.984908408843897742e-01 4.267658668274219025e-01 5.888185149412623609e-01
4.141000000000000000e+03 1.000000000000000000e+00 1.000000000000000000e+00 1.000000000000000000e+00 6.750213776499720542e-01 2.877336950351845335e-01
4.141000000000000000e+03 8.120459098743504356e-01 9.910795832243515235e-01 9.969816817687795485e-01 6.750213776499720542e-01 2.877336950351845335e-01
4.142000000000000000e+03 1.000000000000000000e+00 1.000000000000000000e+00 1.000000000000000000e+00 3.494575900469610863e-01 3.758722445887249242e-01
4.142000000000000000e+03 7.180688648115257644e-01 9.866193748365271743e-01 9.954725226531692117e-01 3.494575900469610863e-01 3.758722445887249242e-01
4.143000000000000000e+03 1.000000000000000000e+00 1.000000000000000000e+00 1.000000000000000000e+00 5.270946199294859191e-01 5.223405109338811192e-01
4.143000000000000000e+03 6.240918197487009822e-01 9.821591664487029361e-01 9.939633635375589860e-01 5.270946199294859191e-01 5.223405109338811192e-01
4.144000000000000000e+03 1.000000000000000000e+00 1.000000000000000000e+00 1.000000000000000000e+00 5.221240792735780678e-01 5.118910985281676096e-01
4.144000000000000000e+03 9.060229549371752178e-01 9.955397916121757618e-01 9.984908408843897742e-01 5.221240792735780678e-01 5.118910985281676096e-01
4.145000000000000000e+03 1.000000000000000000e+00 1.000000000000000000e+00 1.000000000000000000e+00 3.369424390707831951e-01 4.123609394634737413e-01
4.145000000000000000e+03 8.120459098743504356e-01 9.910795832243515235e-01 9.969816817687795485e-01 3.369424390707831951e-01 4.123609394634737413e-01
4.146000000000000000e+03 1.000000000000000000e+00 1.000000000000000000e+00 1.000000000000000000e+00 6.255130415407055278e-01 2.664756982429637988e-01
4.146000000000000000e+03 7.180688648115257644e-01 9.866193748365271743e-01 9.954725226531692117e-01 6.255130415407055278e-01 2.664756982429637988e-01
4.147000000000000000e+03 1.000000000000000000e+00 1.000000000000000000e+00 1.000000000000000000e+00 4.502349204676530658e-01 5.925908201013974086e-01
4.147000000000000000e+03 6.240918197487009822e-01 9.821591664487029361e-01 9.939633635375589860e-01 4.502349204676530658e-01 5.925908201013974086e-01
4.148000000000000000e+03 1.000000000000000000e+00 1.000000000000000000e+00 1.000000000000000000e+00 3.610349484840419398e-01 5.418056523101516531e-01
4.148000000000000000e+03 9.060229549371752178e-01 9.955397916121757618e-01 9.984908408843897742e-01 3.610349484840419398e-01 5.418056523101516531e-01
4.149000000000000000e+03 1.000000000000000000e+00 1.000000000000000000e+00 1.000000000000000000e+00 7.921819696880614270e-01 4.121012247120876548e-01
4.149000000000000000e+03 8.120459098743504356e-01 9.910795832243515235e-01 9.969816817687795485e-01 7.921819696880614270e-01 4.121012247120876548e-01
4.150000000000000000e+03 1.000000000000000000e+00 1.000000000000000000e+00 1.000000000000000000e+00 4.351477862009680564e-01 2.844264893979902564e-01
4.150000000000000000e+03 7.180688648115257644e-01 9.866193748365271743e-01 9.954725226531692117e-01 4.351477862009680564e-01 2.844264893979902564e-01
4.151000000000000000e+03 1.000000000000000000e+00 1.000000000000000000e+00 1.000000000000000000e+00 5.187590908212712515e-01 5.623565924299063212e-01
4.151000000000000000e+03 6.240918197487009822e-01 9.821591664487029361e-01 9.939633635375589860e-01 5.187590908212712515e-01 5.623565924299063212e-01
4.152000000000000000e+03 1.000000000000000000e+00 1.000000000000000000e+00 1.000000000000000000e+00 5.285417162485628317e-01 5.349418236715928199e-01
4.152000000000000000e+03 9.060229549371752178e-01 9.955397916121757618e-01 9.984908408843897742e-01 5.285417162485628317e-01 5.349418236715928199e-01
4.153000000000000000e+03 1.000000000000000000e+00 1.000000000000000000e+00 1.000000000000000000e+00 3.702402147002568089e-01 3.411432761042998418e-01
4.153000000000000000e+03 8.120459098743504356e-01 9.910795832243515235e-01 9.969816817687795485e-01 3.702402147002568089e-01 3.411432761042998418e-01
4.154000000000000000e+03 1.000000000000000000e+00 1.000000000000000000e+00 1.000000000000000000e+00 7.208141740077538273e-01 3.196311801746666292e-01
4.154000000000000000e+03 7.180688648115257644e-01 9.866193748365271743e-01 9.954725226531692117e-01 7.208141740077538273e-01 3.196311801746666292e-01
4.155000000000000000e+03 1.000000000000000000e+00 1.000000000000000000e+00 1.000000000000000000e+00 4.031007262163535665e-01 5.791507507741530114e-01
4.155000000000000000e+03 6.240918197487009822e-01 9.821591664487029361e-01 9.939633635375589860e-01 4.031007262163535665e-01 5.791507507741530114e-01
4.156000000000000000e+03 1.000000000000000000e+00 1.000000000000000000e+00 1.000000000000000000e+00 4.914621698323974885e-01 5.846879038820735897e-01
4.156000000000000000e+03 9.060229549371752178e-01 9.955397916121757618e-01 9.984908408843897742e-01 4.914621698323974885e-01 5.846879038820735897e-01
4.157000000000000000e+03 1.000000000000000000e+00 1.000000000000000000e+00 1.000000000000000000e+00 5.245869134014254920e-01 2.561190468747078230e-01
4.157000000000000000e+03 8.120459098743504356e-01 9.910795832243515235e-01 9.969816817687795485e-01 5.245869134014254920e-01 2.561190468747078230e-01
4.158000000000000000e+03 1.000000000000000000e+00 1.000000000000000000e+00 1.000000000000000000e+00 3.357155714963170889e-01 4.834376282154860816e-01
4.158000000000000000e+03 7.180688648115257644e-01 9.866193748365271743e-01 9.954725226531692117e-01 3.357155714963170889e-01 4.834376282154860816e-01
4.159000000000000000e+03 1.000000000000000000e+00 1.000000000000000000e+00 1.000000000000000000e+00 5.050913792604642127e-01 5.005132885506911045e-01
4.159000000000000000e+03 6.240918197487009822e-01 9.821591664487029361e-01 9.939633635375589860e-01 5.050913792604642127e-01 5.005132885506911045e-01
