3.460000000000000000e+03 1.000000000000000000e+00 1.000000000000000000e+00 1.000000000000000000e+00 4.068451362518748504e-01 5.811066025623614628e-01
3.460000000000000000e+03 9.915887324688967830e-01 8.855165773812142538e-01 1.026495614108731580e+00 4.068451362518748504e-01 5.811066025623614628e-01
3.461000000000000000e+03 1.000000000000000000e+00 1.000000000000000000e+00 1.000000000000000000e+00 7.138260597988274059e-01 3.138293101209298497e-01
3.461000000000000000e+03 9.831774649377935660e-01 7.710331547624285076e-01 1.052991228217462938e+00 7.138260597988274059e-01 3.138293101209298497e-01
3.462000000000000000e+03 1.000000000000000000e+00 1.000000000000000000e+00 1.000000000000000000e+00 3.663613537792841379e-01 3.465095382265237500e-01
3.462000000000000000e+03 9.747661974066903490e-01 6.565497321436428724e-01 1.079486842326194296e+00 3.663613537792841379e-01 3.465095382265237500e-01
3.463000000000000000e+03 1.000000000000000000e+00 1.000000000000000000e+00 1.000000000000000000e+00 5.285745589040071746e-01 5.328192657227740492e-01
3.463000000000000000e+03 9.663549298755871320e-01 5.420663095248571262e-01 1.105982456434925876e+00 5.285745589040071746e-01 5.328192657227740492e-01
3.464000000000000000e+03 1.000000000000000000e+00 1.000000000000000000e+00 1.000000000000000000e+00 5.202010224151576434e-01 5.602175498714695445e-01
3.464000000000000000e+03 9.915887324688967830e-01 8.855165773812142538e-01 1.026495614108731580e+00 5.202010224151576434e-01 5.602175498714695445e-01
3.465000000000000000e+03 1.000000000000000000e+00 1.000000000000000000e+00 1.000000000000000000e+00 4.289112852032399004e-01 2.880905163809662772e-01
3.465000000000000000e+03 9.831774649377935660e-01 7.710331547624285076e-01 1.052991228217462938e+00 4.289112852032399004e-01 2.880905163809662772e-01
3.466000000000000000e+03 1.000000000000000000e+00 1.000000000000000000e+00 1.000000000000000000e+00 7.877554504928159229e-01 4.034674390124386445e-01
3.466000000000000000e+03 9.747661974066903490e-01 6.565497321436428724e-01 1.079486842326194296e+00 7.877554504928159229e-01 4.034674390124386445e-01
3.467000000000000000e+03 1.000000000000000000e+00 1.000000000000000000e+00 1.000000000000000000e+00 3.639364832547483108e-01 5.456448686059587327e-01
3.467000000000000000e+03 9.663549298755871320e-01 5.420663095248571262e-01 1.105982456434925876e+00 3.639364832547483108e-01 5.456448686059587327e-01
3.468000000000000000e+03 1.000000000000000000e+00 1.000000000000000000e+00 1.000000000000000000e+00 4.538842014155448634e-01 5.926758746387569277e-01
3.468000000000000000e+03 9.915887324688967830e-01 8.855165773812142538e-01 1.026495614108731580e+00 4.538842014155448634e-01 5.926758746387569277e-01
3.469000000000000000e+03 1.000000000000000000e+00 1.000000000000000000e+00 1.000000000000000000e+00 6.173951612266921352e-01 2.640786979950737745e-01
3.469000000000000000e+03 9.831774649377935660e-01 7.710331547624285076e-01 1.052991228217462938e+00 6.173951612266921352e-01 2.640786979950737745e-01
3.470000000000000000e+03 1.000000000000000000e+00 1.000000000000000000e+00 1.000000000000000000e+00 3.357014116781584789e-01 4.182445200944263086e-01
3.470000000000000000e+03 9.747661974066903490e-01 6.565497321436428724e-01 1.079486842326194296e+00 3.357014116781584789e-01 4.182445200944263086e-01
3.471000000000000000e+03 1.000000000000000000e+00 1.000000000000000000e+00 1.000000000000000000e+00 5.210531609556723343e-01 5.104761172633366373e-01
3.471000000000000000e+03 9.663549298755871320e-01 5.420663095248571262e-01 1.105982456434925876e+00 5.210531609556723343e-01 5.104761172633366373e-01
3.472000000000000000e+03 1.000000000000000000e+00 1.000000000000000000e+00 1.000000000000000000e+00 5.265165345830772337e-01 5.204980611972228610e-01
3.472000000000000000e+03 9.915887324688967830e-01 8.855165773812142538e-01 1.026495614108731580e+00 5.265165345830772337e-01 5.204980611972228610e-01
3.473000000000000000e+03 1.000000000000000000e+00 1.000000000000000000e+00 1.000000000000000000e+00 3.468963725820922717e-01 3.816463925745433028e-01
3.473000000000000000e+03 9.831774649377935660e-01 7.710331547624285076e-01 1.052991228217462938e+00 3.468963725820922717e-01 3.816463925745433028e-01
3.474000000000000000e+03 1.000000000000000000e+00 1.000000000000000000e+00 1.000000000000000000e+00 6.672813805395736431e-01 2.836028261646770243e-01
3.474000000000000000e+03 9.747661974066903490e-01 6.565497321436428724e-01 1.079486842326194296e+00 6.672813805395736431e-01 2.836028261646770243e-01
3.475000000000000000e+03 1.000000000000000000e+00 1.000000000000000000e+00 1.000000000000000000e+00 4.305741656886602486e-01 5.898100810004924810e-01
3.475000000000000000e+03 9.663549298755871320e-01 5.420663095248571262e-01 1.105982456434925876e+00 4.305741656886602486e-01 5.898100810004924810e-01
3.476000000000000000e+03 1.000000000000000000e+00 1.000000000000000000e+00 1.000000000000000000e+00 3.477269764573321931e-01 5.194929069231547514e-01
3.476000000000000000e+03 9.915887324688967830e-01 8.855165773812142538e-01 1.026495614108731580e+00 3.477269764573321931e-01 5.194929069231547514e-01
3.477000000000000000e+03 1.000000000000000000e+00 1.000000000000000000e+00 1.000000000000000000e+00 8.109779356115652815e-01 4.601908216373434279e-01
3.477000000000000000e+03 9.831774649377935660e-01 7.710331547624285076e-01 1.052991228217462938e+00 8.109779356115652815e-01 4.601908216373434279e-01
3.478000000000000000e+03 1.000000000000000000e+00 1.000000000000000000e+00 1.000000000000000000e+00 4.703489573570943105e-01 2.683745204228834558e-01
3.478000000000000000e+03 9.747661974066903490e-01 6.565497321436428724e-01 1.079486842326194296e+00 4.703489573570943105e-01 2.683745204228834558e-01
3.479000000000000000e+03 1.000000000000000000e+00 1.000000000000000000e+00 1.000000000000000000e+00 5.093347712034038688e-01 5.729205675082189586e-01
3.479000000000000000e+03 9.663549298755871320e-01 5.420663095248571262e-01 1.105982456434925876e+00 5.093347712034038688e-01 5.729205675082189586e-01
