4.060000000000000000e+03 1.000000000000000000e+00 1.000000000000000000e+00 1.000000000000000000e+00 4.722607418471108098e-01 5.909416483831417821e-01
4.060000000000000000e+03 9.215545870777748227e-01 9.979704233701218730e-01 9.990286773376733098e-01 4.722607418471108098e-01 5.909416483831417821e-01
4.061000000000000000e+03 1.000000000000000000e+00 1.000000000000000000e+00 1.000000000000000000e+00 5.744196202704874299e-01 2.560193245924750061e-01
4.061000000000000000e+03 8.431091741555496455e-01 9.959408467402437459e-01 9.980573546753466196e-01 5.744196202704874299e-01 2.560193245924750061e-01
4.062000000000000000e+03 1.000000000000000000e+00 1.000000000000000000e+00 1.000000000000000000e+00 3.325388381046666120e-01 4.489205607883116622e-01
4.062000000000000000e+03 7.646637612333244682e-01 9.939112701103656189e-01 9.970860320130200405e-01 3.325388381046666120e-01 4.489205607883116622e-01
4.063000000000000000e+03 1.000000000000000000e+00 1.000000000000000000e+00 1.000000000000000000e+00 5.144221348709501207e-01 5.043990770940900426e-01
4.063000000000000000e+03 6.862183483110992910e-01 9.918816934804874919e-01 9.961147093506933503e-01 5.144221348709501207e-01 5.043990770940900426e-01
4.064000000000000000e+03 1.000000000000000000e+00 1.000000000000000000e+00 1.000000000000000000e+00 5.098814489975607156e-01 5.019813049296437679e-01
4.064000000000000000e+03 9.215545870777748227e-01 9.979704233701218730e-01 9.990286773376733098e-01 5.098814489975607156e-01 5.019813049296437679e-01
4.065000000000000000e+03 1.000000000000000000e+00 1.000000000000000000e+00 1.000000000000000000e+00 3.332409731186841695e-01 4.665635594431434274e-01
4.065000000000000000e+03 8.431091741555496455e-01 9.959408467402437459e-01 9.980573546753466196e-01 3.332409731186841695e-01 4.665635594431434274e-01
4.066000000000000000e+03 1.000000000000000000e+00 1.000000000000000000e+00 1.000000000000000000e+00 5.491640083704630859e-01 2.548021841768066675e-01
4.066000000000000000e+03 7.646637612333244682e-01 9.939112701103656189e-01 9.970860320130200405e-01 5.491640083704630859e-01 2.548021841768066675e-01
4.067000000000000000e+03 1.000000000000000000e+00 1.000000000000000000e+00 1.000000000000000000e+00 4.822911272567498298e-01 5.883202379394383286e-01
4.067000000000000000e+03 6.862183483110992910e-01 9.918816934804874919e-01 9.961147093506933503e-01 4.822911272567498298e-01 5.883202379394383286e-01
4.068000000000000000e+03 1.000000000000000000e+00 1.000000000000000000e+00 1.000000000000000000e+00 3.917332621223748035e-01 5.721015400172091425e-01
4.068000000000000000e+03 9.215545870777748227e-01 9.979704233701218730e-01 9.990286773376733098e-01 3.917332621223748035e-01 5.721015400172091425e-01
4.069000000000000000e+03 1.000000000000000000e+00 1.000000000000000000e+00 1.000000000000000000e+00 7.414380767204939993e-01 3.392114005502115948e-01
4.069000000000000000e+03 8.431091741555496455e-01 9.959408467402437459e-01 9.980573546753466196e-01 7.414380767204939993e-01 3.392114005502115948e-01
4.070000000000000000e+03 1.000000000000000000e+00 1.000000000000000000e+00 1.000000000000000000e+00 3.835549302665012261e-01 3.251475927009404021e-01
4.070000000000000000e+03 7.646637612333244682e-01 9.939112701103656189e-01 9.970860320130200405e-01 3.835549302665012261e-01 3.251475927009404021e-01
4.071000000000000000e+03 1.000000000000000000e+00 1.000000000000000000e+00 1.000000000000000000e+00 5.277580103009196222e-01 5.416810684561909062e-01
4.071000000000000000e+03 6.862183483110992910e-01 9.918816934804874919e-01 9.961147093506933503e-01 5.277580103009196222e-01 5.416810684561909062e-01
4.072000000000000000e+03 1.000000000000000000e+00 1.000000000000000000e+00 1.000000000000000000e+00 5.135661149847137175e-01 5.687524845204676716e-01
4.072000000000000000e+03 9.215545870777748227e-01 9.979704233701218730e-01 9.990286773376733098e-01 5.135661149847137175e-01 5.687524845204676716e-01
4.073000000000000000e+03 1.000000000000000000e+00 1.000000000000000000e+00 1.000000000000000000e+00 4.554601910479576521e-01 2.742741728954544156e-01
4.073000000000000000e+03 8.431091741555496455e-01 9.959408467402437459e-01 9.980573546753466196e-01 4.554601910479576521e-01 2.742741728954544156e-01
4.074000000000000000e+03 1.000000000000000000e+00 1.000000000000000000e+00 1.000000000000000000e+00 8.042124983965844853e-01 4.399733440642933369e-01
4.074000000000000000e+03 7.646637612333244682e-01 9.939112701103656189e-01 9.970860320130200405e-01 8.042124983965844853e-01 4.399733440642933369e-01
4.075000000000000000e+03 1.000000000000000000e+00 1.000000000000000000e+00 1.000000000000000000e+00 3.527608441874933720e-01 5.290529619683780327e-01
4.075000000000000000e+03 6.862183483110992910e-01 9.918816934804874919e-01 9.961147093506933503e-01 3.527608441874933720e-01 5.290529619683780327e-01
4.076000000000000000e+03 1.000000000000000000e+00 1.000000000000000000e+00 1.000000000000000000e+00 4.387035423811952994e-01 5.914326959402471662e-01
4.076000000000000000e+03 9.215545870777748227e-01 9.979704233701218730e-01 9.990286773376733098e-01 4.387035423811952994e-01 5.914326959402471662e-01
4.077000000000000000e+03 1.000000000000000000e+00 1.000000000000000000e+00 1.000000000000000000e+00 6.503916635828302928e-01 2.756686800103373414e-01
4.077000000000000000e+03 8.431091741555496455e-01 9.959408467402437459e-01 9.980573546753466196e-01 6.503916635828302928e-01 2.756686800103373414e-01
4.078000000000000000e+03 1.000000000000000000e+00 1.000000000000000000e+00 1.000000000000000000e+00 3.421179920350450043e-01 3.941559393991824756e-01
4.078000000000000000e+03 7.646637612333244682e-01 9.939112701103656189e-01 9.970860320130200405e-01 3.421179920350450043e-01 3.941559393991824756e-01
4.079000000000000000e+03 1.000000000000000000e+00 1.000000000000000000e+00 1.000000000000000000e+00 5.249833839155395587e-01 5.167488546367918767e-01
4.079000000000000000e+03 6.862183483110992910e-01 9.918816934804874919e-01 9.961147093506933503e-01 5.249833839155395587e-01 5.167488546367918767e-01
