5.000000000000000000e+03 1.000000000000000000e+00 1.000000000000000000e+00 1.000000000000000000e+00 5.206997295483141164e-01 5.594278282076192710e-01
5.000000000000000000e+03 9.100592701262140150e-01 9.842221867373456279e-01 9.968743754471749430e-01 5.206997295483141164e-01 5.594278282076192710e-01
5.001000000000000000e+03 1.000000000000000000e+00 1.000000000000000000e+00 1.000000000000000000e+00 4.266707904827878872e-01 2.894757196890855866e-01
5.001000000000000000e+03 8.201185402524280299e-01 9.684443734746912558e-01 9.937487508943499970e-01 4.266707904827878872e-01 2.894757196890855866e-01
5.002000000000000000e+03 1.000000000000000000e+00 1.000000000000000000e+00 1.000000000000000000e+00 7.860725063625619846e-01 4.003560504983388335e-01
5.002000000000000000e+03 7.301778103786420449e-01 9.526665602120368836e-01 9.906231263415250510e-01 7.860725063625619846e-01 4.003560504983388335e-01
5.003000000000000000e+03 1.000000000000000000e+00 1.000000000000000000e+00 1.000000000000000000e+00 3.650239457407331578e-01 5.470144695327631146e-01
5.003000000000000000e+03 6.402370805048560598e-01 9.368887469493825115e-01 9.874975017886999940e-01 3.650239457407331578e-01 5.470144695327631146e-01
5.004000000000000000e+03 1.000000000000000000e+00 1.000000000000000000e+00 1.000000000000000000e+00 4.552084328857589623e-01 5.926727364670866249e-01
5.004000000000000000e+03 9.100592701262140150e-01 9.842221867373456279e-01 9.968743754471749430e-01 4.552084328857589623e-01 5.926727364670866249e-01
5.005000000000000000e+03 1.000000000000000000e+00 1.000000000000000000e+00 1.000000000000000000e+00 6.144182308333800968e-01 2.632712754611156170e-01
5.005000000000000000e+03 8.201185402524280299e-01 9.684443734746912558e-01 9.937487508943499970e-01 6.144182308333800968e-01 2.632712754611156170e-01
5.006000000000000000e+03 1.000000000000000000e+00 1.000000000000000000e+00 1.000000000000000000e+00 3.352992694970144960e-01 4.203951010261894328e-01
5.006000000000000000e+03 7.301778103786420449e-01 9.526665602120368836e-01 9.906231263415250510e-01 3.352992694970144960e-01 4.203951010261894328e-01
5.007000000000000000e+03 1.000000000000000000e+00 1.000000000000000000e+00 1.000000000000000000e+00 5.206447424311878569e-01 5.099782352546715636e-01
5.007000000000000000e+03 6.402370805048560598e-01 9.368887469493825115e-01 9.874975017886999940e-01 5.206447424311878569e-01 5.099782352546715636e-01
5.008000000000000000e+03 1.000000000000000000e+00 1.000000000000000000e+00 1.000000000000000000e+00 5.262829338907938359e-01 5.198386417110600899e-01
5.008000000000000000e+03 9.100592701262140150e-01 9.842221867373456279e-01 9.968743754471749430e-01 5.262829338907938359e-01 5.198386417110600899e-01
5.009000000000000000e+03 1.000000000000000000e+00 1.000000000000000000e+00 1.000000000000000000e+00 3.460125617003191323e-01 3.837686222883440745e-01
5.009000000000000000e+03 8.201185402524280299e-01 9.684443734746912558e-01 9.937487508943499970e-01 3.460125617003191323e-01 3.837686222883440745e-01
5.010000000000000000e+03 1.000000000000000000e+00 1.000000000000000000e+00 1.000000000000000000e+00 6.644277457119538433e-01 2.821603094958755609e-01
5.010000000000000000e+03 7.301778103786420449e-01 9.526665602120368836e-01 9.906231263415250510e-01 6.644277457119538433e-01 2.821603094958755609e-01
5.011000000000000000e+03 1.000000000000000000e+00 1.000000000000000000e+00 1.000000000000000000e+00 4.319649902886419923e-01 5.901351860952374073e-01
5.011000000000000000e+03 6.402370805048560598e-01 9.368887469493825115e-01 9.874975017886999940e-01 4.319649902886419923e-01 5.901351860952374073e-01
5.012000000000000000e+03 1.000000000000000000e+00 1.000000000000000000e+00 1.000000000000000000e+00 3.485416123788680487e-01 5.211623755295712312e-01
5.012000000000000000e+03 9.100592701262140150e-01 9.842221867373456279e-01 9.968743754471749430e-01 3.485416123788680487e-01 5.211623755295712312e-01
5.013000000000000000e+03 1.000000000000000000e+00 1.000000000000000000e+00 1.000000000000000000e+00 8.099190659598691777e-01 4.566968606979832646e-01
5.013000000000000000e+03 8.201185402524280299e-01 9.684443734746912558e-01 9.937487508943499970e-01 8.099190659598691777e-01 4.566968606979832646e-01
5.014000000000000000e+03 1.000000000000000000e+00 1.000000000000000000e+00 1.000000000000000000e+00 4.677672425842059889e-01 2.693112732094993800e-01
5.014000000000000000e+03 7.301778103786420449e-01 9.526665602120368836e-01 9.906231263415250510e-01 4.677672425842059889e-01 2.693112732094993800e-01
5.015000000000000000e+03 1.000000000000000000e+00 1.000000000000000000e+00 1.000000000000000000e+00 5.100919936433485624e-01 5.722280484517633381e-01
5.015000000000000000e+03 6.402370805048560598e-01 9.368887469493825115e-01 9.874975017886999940e-01 5.100919936433485624e-01 5.722280484517633381e-01
5.016000000000000000e+03 1.000000000000000000e+00 1.000000000000000000e+00 1.000000000000000000e+00 5.268273045182392256e-01 5.456272676273006272e-01
5.016000000000000000e+03 9.100592701262140150e-01 9.842221867373456279e-01 9.968743754471749430e-01 5.268273045182392256e-01 5.456272676273006272e-01
5.017000000000000000e+03 1.000000000000000000e+00 1.000000000000000000e+00 1.000000000000000000e+00 3.920770207166625054e-01 3.164470584233095019e-01
5.017000000000000000e+03 8.201185402524280299e-01 9.684443734746912558e-01 9.937487508943499970e-01 3.920770207166625054e-01 3.164470584233095019e-01
5.018000000000000000e+03 1.000000000000000000e+00 1.000000000000000000e+00 1.000000000000000000e+00 7.525157785513854058e-01 3.515291833341134264e-01
5.018000000000000000e+03 7.301778103786420449e-01 9.526665602120368836e-01 9.906231263415250510e-01 7.525157785513854058e-01 3.515291833341134264e-01
5.019000000000000000e+03 1.000000000000000000e+00 1.000000000000000000e+00 1.000000000000000000e+00 3.854098953980044096e-01 5.673751419007883046e-01
5.019000000000000000e+03 6.402370805048560598e-01 9.368887469493825115e-01 9.874975017886999940e-01 3.854098953980044096e-01 5.673751419007883046e-01
