3.600000000000000000e+03 1.000000000000000000e+00 1.000000000000000000e+00 1.000000000000000000e+00 5.252907938212785233e-01 5.174085505615834135e-01
3.600000000000000000e+03 1.010589746017827029e+00 9.957730075317823282e-01 9.080049197464158395e-01 5.252907938212785233e-01 5.174085505615834135e-01
3.601000000000000000e+03 1.000000000000000000e+00 1.000000000000000000e+00 1.000000000000000000e+00 3.429139243823388083e-01 3.918720816263992490e-01
3.601000000000000000e+03 1.021179492035653835e+00 9.915460150635646563e-01 8.160098394928316790e-01 3.429139243823388083e-01 3.918720816263992490e-01
3.602000000000000000e+03 1.000000000000000000e+00 1.000000000000000000e+00 1.000000000000000000e+00 6.534876022796095585e-01 2.770162834841475852e-01
3.602000000000000000e+03 1.031769238053480642e+00 9.873190225953468735e-01 7.240147592392476295e-01 6.534876022796095585e-01 2.770162834841475852e-01
3.603000000000000000e+03 1.000000000000000000e+00 1.000000000000000000e+00 1.000000000000000000e+00 4.372317655324079455e-01 5.911884347194698019e-01
3.603000000000000000e+03 1.042358984071307670e+00 9.830920301271292017e-01 6.320196789856634689e-01 4.372317655324079455e-01 5.911884347194698019e-01
3.604000000000000000e+03 1.000000000000000000e+00 1.000000000000000000e+00 1.000000000000000000e+00 3.518007907960725156e-01 5.273573806512273920e-01
3.604000000000000000e+03 1.010589746017827029e+00 9.957730075317823282e-01 9.080049197464158395e-01 3.518007907960725156e-01 5.273573806512273920e-01
3.605000000000000000e+03 1.000000000000000000e+00 1.000000000000000000e+00 1.000000000000000000e+00 8.055408268553757578e-01 4.435975620269926867e-01
3.605000000000000000e+03 1.021179492035653835e+00 9.915460150635646563e-01 8.160098394928316790e-01 8.055408268553757578e-01 4.435975620269926867e-01
3.606000000000000000e+03 1.000000000000000000e+00 1.000000000000000000e+00 1.000000000000000000e+00 4.581200906878826751e-01 2.731299819703483234e-01
3.606000000000000000e+03 1.031769238053480642e+00 9.873190225953468735e-01 7.240147592392476295e-01 4.581200906878826751e-01 2.731299819703483234e-01
3.607000000000000000e+03 1.000000000000000000e+00 1.000000000000000000e+00 1.000000000000000000e+00 5.128348519903374036e-01 5.695284003782034032e-01
3.607000000000000000e+03 1.042358984071307670e+00 9.830920301271292017e-01 6.320196789856634689e-01 5.128348519903374036e-01 5.695284003782034032e-01
3.608000000000000000e+03 1.000000000000000000e+00 1.000000000000000000e+00 1.000000000000000000e+00 5.275844534256518559e-01 5.425429760827057413e-01
3.608000000000000000e+03 1.010589746017827029e+00 9.957730075317823282e-01 9.080049197464158395e-01 5.275844534256518559e-01 5.425429760827057413e-01
3.609000000000000000e+03 1.000000000000000000e+00 1.000000000000000000e+00 1.000000000000000000e+00 3.853693822974066929e-01 3.232073859860443155e-01
3.609000000000000000e+03 1.021179492035653835e+00 9.915460150635646563e-01 8.160098394928316790e-01 3.853693822974066929e-01 3.232073859860443155e-01
3.610000000000000000e+03 1.000000000000000000e+00 1.000000000000000000e+00 1.000000000000000000e+00 7.439174329795806839e-01 3.418463001589359118e-01
3.610000000000000000e+03 1.031769238053480642e+00 9.873190225953468735e-01 7.240147592392476295e-01 7.439174329795806839e-01 3.418463001589359118e-01
3.611000000000000000e+03 1.000000000000000000e+00 1.000000000000000000e+00 1.000000000000000000e+00 3.903322049516693149e-01 5.711075355641226370e-01
3.611000000000000000e+03 1.042358984071307670e+00 9.830920301271292017e-01 6.320196789856634689e-01 3.903322049516693149e-01 5.711075355641226370e-01
3.612000000000000000e+03 1.000000000000000000e+00 1.000000000000000000e+00 1.000000000000000000e+00 4.810782531135340823e-01 5.887075215499234515e-01
3.612000000000000000e+03 1.010589746017827029e+00 9.957730075317823282e-01 9.080049197464158395e-01 4.810782531135340823e-01 5.887075215499234515e-01
3.613000000000000000e+03 1.000000000000000000e+00 1.000000000000000000e+00 1.000000000000000000e+00 5.522996432029880776e-01 2.548127160605473396e-01
3.613000000000000000e+03 1.021179492035653835e+00 9.915460150635646563e-01 8.160098394928316790e-01 5.522996432029880776e-01 2.548127160605473396e-01
3.614000000000000000e+03 1.000000000000000000e+00 1.000000000000000000e+00 1.000000000000000000e+00 3.330525972553118885e-01 4.643893049552730301e-01
3.614000000000000000e+03 1.031769238053480642e+00 9.873190225953468735e-01 7.240147592392476295e-01 3.330525972553118885e-01 4.643893049552730301e-01
3.615000000000000000e+03 1.000000000000000000e+00 1.000000000000000000e+00 1.000000000000000000e+00 5.104676403551589026e-01 5.022327987282048101e-01
3.615000000000000000e+03 1.042358984071307670e+00 9.830920301271292017e-01 6.320196789856634689e-01 5.104676403551589026e-01 5.022327987282048101e-01
3.616000000000000000e+03 1.000000000000000000e+00 1.000000000000000000e+00 1.000000000000000000e+00 5.149625914974875762e-01 5.047653950985135918e-01
3.616000000000000000e+03 1.010589746017827029e+00 9.957730075317823282e-01 9.080049197464158395e-01 5.149625914974875762e-01 5.047653950985135918e-01
3.617000000000000000e+03 1.000000000000000000e+00 1.000000000000000000e+00 1.000000000000000000e+00 3.325827448863206137e-01 4.466797334499645888e-01
3.617000000000000000e+03 1.021179492035653835e+00 9.915460150635646563e-01 8.160098394928316790e-01 3.325827448863206137e-01 4.466797334499645888e-01
3.618000000000000000e+03 1.000000000000000000e+00 1.000000000000000000e+00 1.000000000000000000e+00 5.775977022757962098e-01 2.563554130782246809e-01
3.618000000000000000e+03 1.031769238053480642e+00 9.873190225953468735e-01 7.240147592392476295e-01 5.775977022757962098e-01 2.563554130782246809e-01
3.619000000000000000e+03 1.000000000000000000e+00 1.000000000000000000e+00 1.000000000000000000e+00 4.709571691757254985e-01 5.911899233055835090e-01
3.619000000000000000e+03 1.042358984071307670e+00 9.830920301271292017e-01 6.320196789856634689e-01 4.709571691757254985e-01 5.911899233055835090e-01
