8.200000000000000000e+02 1.000000000000000000e+00 1.000000000000000000e+00 1.000000000000000000e+00 3.585093771386823613e-01 5.382226379069575684e-01
8.200000000000000000e+02 9.033552735157177604e-01 1.000017133549595538e+00 1.000964051321459714e+00 3.585093771386823613e-01 5.382226379069575684e-01
8.210000000000000000e+02 1.000000000000000000e+00 1.000000000000000000e+00 1.000000000000000000e+00 7.959537335329478491e-01 4.200503032265981984e-01
8.210000000000000000e+02 8.067105470314355209e-01 1.000034267099191299e+00 1.001928102642919205e+00 7.959537335329478491e-01 4.200503032265981984e-01
8.220000000000000000e+02 1.000000000000000000e+00 1.000000000000000000e+00 1.000000000000000000e+00 4.409138326598203150e-01 2.812778218028673116e-01
8.220000000000000000e+02 7.100658205471533924e-01 1.000051400648787059e+00 1.002892153964378696e+00 4.409138326598203150e-01 2.812778218028673116e-01
8.230000000000000000e+02 1.000000000000000000e+00 1.000000000000000000e+00 1.000000000000000000e+00 5.173591084737355628e-01 5.642590675255024779e-01
8.230000000000000000e+02 6.134210940628711528e-01 1.000068534198382597e+00 1.003856205285838410e+00 5.173591084737355628e-01 5.642590675255024779e-01
8.240000000000000000e+02 1.000000000000000000e+00 1.000000000000000000e+00 1.000000000000000000e+00 5.284209494172407151e-01 5.368824625055411692e-01
8.240000000000000000e+02 9.033552735157177604e-01 1.000017133549595538e+00 1.000964051321459714e+00 5.284209494172407151e-01 5.368824625055411692e-01
8.250000000000000000e+02 1.000000000000000000e+00 1.000000000000000000e+00 1.000000000000000000e+00 3.739178015785498133e-01 3.363804851264248774e-01
8.250000000000000000e+02 8.067105470314355209e-01 1.000034267099191299e+00 1.001928102642919205e+00 3.739178015785498133e-01 3.363804851264248774e-01
8.260000000000000000e+02 1.000000000000000000e+00 1.000000000000000000e+00 1.000000000000000000e+00 7.269880410575920715e-01 3.250871770764450774e-01
8.260000000000000000e+02 7.100658205471533924e-01 1.000051400648787059e+00 1.002892153964378696e+00 7.269880410575920715e-01 3.250871770764450774e-01
8.270000000000000000e+02 1.000000000000000000e+00 1.000000000000000000e+00 1.000000000000000000e+00 3.997490113104418819e-01 5.772515739193454509e-01
8.270000000000000000e+02 6.134210940628711528e-01 1.000068534198382597e+00 1.003856205285838410e+00 3.997490113104418819e-01 5.772515739193454509e-01
8.280000000000000000e+02 1.000000000000000000e+00 1.000000000000000000e+00 1.000000000000000000e+00 4.888768822844122841e-01 5.858448755519813922e-01
8.280000000000000000e+02 9.033552735157177604e-01 1.000017133549595538e+00 1.000964051321459714e+00 4.888768822844122841e-01 5.858448755519813922e-01
8.290000000000000000e+02 1.000000000000000000e+00 1.000000000000000000e+00 1.000000000000000000e+00 5.316828154425946584e-01 2.554815638609626571e-01
8.290000000000000000e+02 8.067105470314355209e-01 1.000034267099191299e+00 1.001928102642919205e+00 5.316828154425946584e-01 2.554815638609626571e-01
8.300000000000000000e+02 1.000000000000000000e+00 1.000000000000000000e+00 1.000000000000000000e+00 3.348183441544906325e-01 4.785970334209088684e-01
8.300000000000000000e+02 7.100658205471533924e-01 1.000051400648787059e+00 1.002892153964378696e+00 3.348183441544906325e-01 4.785970334209088684e-01
8.310000000000000000e+02 1.000000000000000000e+00 1.000000000000000000e+00 1.000000000000000000e+00 5.065080952584534169e-01 5.008432688520843001e-01
8.310000000000000000e+02 6.134210940628711528e-01 1.000068534198382597e+00 1.003856205285838410e+00 5.065080952584534169e-01 5.008432688520843001e-01
8.320000000000000000e+02 1.000000000000000000e+00 1.000000000000000000e+00 1.000000000000000000e+00 5.089194039622565446e-01 5.016041007474850710e-01
8.320000000000000000e+02 9.033552735157177604e-01 1.000017133549595538e+00 1.000964051321459714e+00 5.089194039622565446e-01 5.016041007474850710e-01
8.330000000000000000e+02 1.000000000000000000e+00 1.000000000000000000e+00 1.000000000000000000e+00 3.336069812558347669e-01 4.700752239865710891e-01
8.330000000000000000e+02 8.067105470314355209e-01 1.000034267099191299e+00 1.001928102642919205e+00 3.336069812558347669e-01 4.700752239865710891e-01
8.340000000000000000e+02 1.000000000000000000e+00 1.000000000000000000e+00 1.000000000000000000e+00 5.440851136464007753e-01 2.548701738648804782e-01
8.340000000000000000e+02 7.100658205471533924e-01 1.000051400648787059e+00 1.002892153964378696e+00 5.440851136464007753e-01 2.548701738648804782e-01
8.350000000000000000e+02 1.000000000000000000e+00 1.000000000000000000e+00 1.000000000000000000e+00 4.842355616195430090e-01 5.876562113532108889e-01
8.350000000000000000e+02 6.134210940628711528e-01 1.000068534198382597e+00 1.003856205285838410e+00 4.842355616195430090e-01 5.876562113532108889e-01
8.360000000000000000e+02 1.000000000000000000e+00 1.000000000000000000e+00 1.000000000000000000e+00 3.940264566589605777e-01 5.736663900160366980e-01
8.360000000000000000e+02 9.033552735157177604e-01 1.000017133549595538e+00 1.000964051321459714e+00 3.940264566589605777e-01 5.736663900160366980e-01
8.370000000000000000e+02 1.000000000000000000e+00 1.000000000000000000e+00 1.000000000000000000e+00 7.373499457396162082e-01 3.350086906420485233e-01
8.370000000000000000e+02 8.067105470314355209e-01 1.000034267099191299e+00 1.001928102642919205e+00 7.373499457396162082e-01 3.350086906420485233e-01
8.380000000000000000e+02 1.000000000000000000e+00 1.000000000000000000e+00 1.000000000000000000e+00 3.806711503130058571e-01 3.283382554596722125e-01
8.380000000000000000e+02 7.100658205471533924e-01 1.000051400648787059e+00 1.002892153964378696e+00 3.806711503130058571e-01 3.283382554596722125e-01
8.390000000000000000e+02 1.000000000000000000e+00 1.000000000000000000e+00 1.000000000000000000e+00 5.280039303450793087e-01 5.402853421417510571e-01
8.390000000000000000e+02 6.134210940628711528e-01 1.000068534198382597e+00 1.003856205285838410e+00 5.280039303450793087e-01 5.402853421417510571e-01
