2.440000000000000000e+03 1.000000000000000000e+00 1.000000000000000000e+00 1.000000000000000000e+00 5.203355229296099393e-01 5.600073071181329576e-01
2.440000000000000000e+03 9.096660450013468457e-01 9.934666063319649298e-01 1.021275118944648064e+00 5.203355229296099393e-01 5.600073071181329576e-01
2.441000000000000000e+03 1.000000000000000000e+00 1.000000000000000000e+00 1.000000000000000000e+00 4.283116398819301063e-01 2.884575942654226122e-01
2.441000000000000000e+03 8.193320900026936915e-01 9.869332126639298597e-01 1.042550237889295905e+00 4.283116398819301063e-01 2.884575942654226122e-01
2.442000000000000000e+03 1.000000000000000000e+00 1.000000000000000000e+00 1.000000000000000000e+00 7.873099550427995474e-01 4.026352212877000181e-01
2.442000000000000000e+03 7.289981350040405372e-01 9.803998189958946785e-01 1.063825356833943747e+00 7.873099550427995474e-01 4.026352212877000181e-01
2.443000000000000000e+03 1.000000000000000000e+00 1.000000000000000000e+00 1.000000000000000000e+00 3.642251435736448273e-01 5.460119415238399165e-01
2.443000000000000000e+03 6.386641800053873830e-01 9.738664253278596084e-01 1.085100475778591811e+00 3.642251435736448273e-01 5.460119415238399165e-01
2.444000000000000000e+03 1.000000000000000000e+00 1.000000000000000000e+00 1.000000000000000000e+00 4.542379232759433116e-01 5.926768187536245458e-01
2.444000000000000000e+03 9.096660450013468457e-01 9.934666063319649298e-01 1.021275118944648064e+00 4.542379232759433116e-01 5.926768187536245458e-01
2.445000000000000000e+03 1.000000000000000000e+00 1.000000000000000000e+00 1.000000000000000000e+00 6.166016331343879830e-01 2.638597460177866116e-01
2.445000000000000000e+03 8.193320900026936915e-01 9.869332126639298597e-01 1.042550237889295905e+00 6.166016331343879830e-01 2.638597460177866116e-01
2.446000000000000000e+03 1.000000000000000000e+00 1.000000000000000000e+00 1.000000000000000000e+00 3.355914636320810329e-01 4.188181450707777476e-01
2.446000000000000000e+03 7.289981350040405372e-01 9.803998189958946785e-01 1.063825356833943747e+00 3.355914636320810329e-01 4.188181450707777476e-01
2.447000000000000000e+03 1.000000000000000000e+00 1.000000000000000000e+00 1.000000000000000000e+00 5.209451011393301245e-01 5.103422985188911243e-01
2.447000000000000000e+03 6.386641800053873830e-01 9.738664253278596084e-01 1.085100475778591811e+00 5.209451011393301245e-01 5.103422985188911243e-01
2.448000000000000000e+03 1.000000000000000000e+00 1.000000000000000000e+00 1.000000000000000000e+00 5.264553841503689657e-01 5.203214308021614221e-01
2.448000000000000000e+03 9.096660450013468457e-01 9.934666063319649298e-01 1.021275118944648064e+00 5.264553841503689657e-01 5.203214308021614221e-01
2.449000000000000000e+03 1.000000000000000000e+00 1.000000000000000000e+00 1.000000000000000000e+00 3.466579021729200294e-01 3.822118472240061404e-01
2.449000000000000000e+03 8.193320900026936915e-01 9.869332126639298597e-01 1.042550237889295905e+00 3.466579021729200294e-01 3.822118472240061404e-01
2.450000000000000000e+03 1.000000000000000000e+00 1.000000000000000000e+00 1.000000000000000000e+00 6.665215137629100228e-01 2.832145453345644714e-01
2.450000000000000000e+03 7.289981350040405372e-01 9.803998189958946785e-01 1.063825356833943747e+00 6.665215137629100228e-01 2.832145453345644714e-01
2.451000000000000000e+03 1.000000000000000000e+00 1.000000000000000000e+00 1.000000000000000000e+00 4.309452082109223592e-01 5.898987409887244127e-01
2.451000000000000000e+03 6.386641800053873830e-01 9.738664253278596084e-01 1.085100475778591811e+00 4.309452082109223592e-01 5.898987409887244127e-01
2.452000000000000000e+03 1.000000000000000000e+00 1.000000000000000000e+00 1.000000000000000000e+00 3.479424201465082800e-01 5.199396667346675160e-01
2.452000000000000000e+03 9.096660450013468457e-01 9.934666063319649298e-01 1.021275118944648064e+00 3.479424201465082800e-01 5.199396667346675160e-01
2.453000000000000000e+03 1.000000000000000000e+00 1.000000000000000000e+00 1.000000000000000000e+00 8.106994155844907679e-01 4.592572576297749842e-01
2.453000000000000000e+03 8.193320900026936915e-01 9.869332126639298597e-01 1.042550237889295905e+00 8.106994155844907679e-01 4.592572576297749842e-01
2.454000000000000000e+03 1.000000000000000000e+00 1.000000000000000000e+00 1.000000000000000000e+00 4.696587954475536786e-01 2.686215022810087283e-01
2.454000000000000000e+03 7.289981350040405372e-01 9.803998189958946785e-01 1.063825356833943747e+00 4.696587954475536786e-01 2.686215022810087283e-01
2.455000000000000000e+03 1.000000000000000000e+00 1.000000000000000000e+00 1.000000000000000000e+00 5.095381289168888772e-01 5.727366619879922238e-01
2.455000000000000000e+03 6.386641800053873830e-01 9.738664253278596084e-01 1.085100475778591811e+00 5.095381289168888772e-01 5.727366619879922238e-01
2.456000000000000000e+03 1.000000000000000000e+00 1.000000000000000000e+00 1.000000000000000000e+00 5.266560553022102686e-01 5.462242102811517563e-01
2.456000000000000000e+03 9.096660450013468457e-01 9.934666063319649298e-01 1.021275118944648064e+00 5.266560553022102686e-01 5.462242102811517563e-01
2.457000000000000000e+03 1.000000000000000000e+00 1.000000000000000000e+00 1.000000000000000000e+00 3.934148066905766017e-01 3.151708370749262134e-01
2.457000000000000000e+03 8.193320900026936915e-01 9.869332126639298597e-01 1.042550237889295905e+00 3.934148066905766017e-01 3.151708370749262134e-01
2.458000000000000000e+03 1.000000000000000000e+00 1.000000000000000000e+00 1.000000000000000000e+00 7.541316392470348573e-01 3.534502376869700369e-01
2.458000000000000000e+03 7.289981350040405372e-01 9.803998189958946785e-01 1.063825356833943747e+00 7.541316392470348573e-01 3.534502376869700369e-01
2.459000000000000000e+03 1.000000000000000000e+00 1.000000000000000000e+00 1.000000000000000000e+00 3.844733133968872285e-01 5.666206243058168335e-01
2.459000000000000000e+03 6.386641800053873830e-01 9.738664253278596084e-01 1.085100475778591811e+00 3.844733133968872285e-01 5.666206243058168335e-01
