3.200000000000000000e+03 1.000000000000000000e+00 1.000000000000000000e+00 1.000000000000000000e+00 5.041269480816994442e-01 5.003362661469459294e-01
3.200000000000000000e+03 1.001886014896670618e+00 9.084928023564603494e-01 9.861043232072644882e-01 5.041269480816994442e-01 5.003362661469459294e-01
3.201000000000000000e+03 1.000000000000000000e+00 1.000000000000000000e+00 1.000000000000000000e+00 3.364015486858371595e-01 4.866699023635192578e-01
3.201000000000000000e+03 1.003772029793341236e+00 8.169856047129206988e-01 9.722086464145289764e-01 3.364015486858371595e-01 4.866699023635192578e-01
3.202000000000000000e+03 1.000000000000000000e+00 1.000000000000000000e+00 1.000000000000000000e+00 5.198270133812480376e-01 2.566657970696054614e-01
3.202000000000000000e+03 1.005658044690012076e+00 7.254784070693811593e-01 9.583129696217934645e-01 5.198270133812480376e-01 2.566657970696054614e-01
3.203000000000000000e+03 1.000000000000000000e+00 1.000000000000000000e+00 1.000000000000000000e+00 4.931668181082866642e-01 5.838626996979311423e-01
3.203000000000000000e+03 1.007544059586682694e+00 6.339712094258415087e-01 9.444172928290579527e-01 4.931668181082866642e-01 5.838626996979311423e-01
3.204000000000000000e+03 1.000000000000000000e+00 1.000000000000000000e+00 1.000000000000000000e+00 4.053804751768870229e-01 5.803619331377669610e-01
3.204000000000000000e+03 1.001886014896670618e+00 9.084928023564603494e-01 9.861043232072644882e-01 4.053804751768870229e-01 5.803619331377669610e-01
3.205000000000000000e+03 1.000000000000000000e+00 1.000000000000000000e+00 1.000000000000000000e+00 7.165709325246454320e-01 3.160627118803909230e-01
3.205000000000000000e+03 1.003772029793341236e+00 8.169856047129206988e-01 9.722086464145289764e-01 7.165709325246454320e-01 3.160627118803909230e-01
3.206000000000000000e+03 1.000000000000000000e+00 1.000000000000000000e+00 1.000000000000000000e+00 3.678503893713119810e-01 3.444047713261207955e-01
3.206000000000000000e+03 1.005658044690012076e+00 7.254784070693811593e-01 9.583129696217934645e-01 3.678503893713119810e-01 3.444047713261207955e-01
3.207000000000000000e+03 1.000000000000000000e+00 1.000000000000000000e+00 1.000000000000000000e+00 5.285742556468460140e-01 5.336438209723466386e-01
3.207000000000000000e+03 1.007544059586682694e+00 6.339712094258415087e-01 9.444172928290579527e-01 5.285742556468460140e-01 5.336438209723466386e-01
3.208000000000000000e+03 1.000000000000000000e+00 1.000000000000000000e+00 1.000000000000000000e+00 5.196520329687090989e-01 5.610558545561963317e-01
3.208000000000000000e+03 1.001886014896670618e+00 9.084928023564603494e-01 9.861043232072644882e-01 5.196520329687090989e-01 5.610558545561963317e-01
3.209000000000000000e+03 1.000000000000000000e+00 1.000000000000000000e+00 1.000000000000000000e+00 4.313255997719531165e-01 2.866391635545345595e-01
3.209000000000000000e+03 1.003772029793341236e+00 8.169856047129206988e-01 9.722086464145289764e-01 4.313255997719531165e-01 2.866391635545345595e-01
3.210000000000000000e+03 1.000000000000000000e+00 1.000000000000000000e+00 1.000000000000000000e+00 7.895133273901000504e-01 4.068144161422841965e-01
3.210000000000000000e+03 1.005658044690012076e+00 7.254784070693811593e-01 9.583129696217934645e-01 7.895133273901000504e-01 4.068144161422841965e-01
3.211000000000000000e+03 1.000000000000000000e+00 1.000000000000000000e+00 1.000000000000000000e+00 3.627916544991691694e-01 5.441632165983779634e-01
3.211000000000000000e+03 1.007544059586682694e+00 6.339712094258415087e-01 9.444172928290579527e-01 3.627916544991691694e-01 5.441632165983779634e-01
3.212000000000000000e+03 1.000000000000000000e+00 1.000000000000000000e+00 1.000000000000000000e+00 4.524651176925745255e-01 5.926590780194247454e-01
3.212000000000000000e+03 1.001886014896670618e+00 9.084928023564603494e-01 9.861043232072644882e-01 4.524651176925745255e-01 5.926590780194247454e-01
3.213000000000000000e+03 1.000000000000000000e+00 1.000000000000000000e+00 1.000000000000000000e+00 6.205667194909268991e-01 2.649809881592836147e-01
3.213000000000000000e+03 1.003772029793341236e+00 8.169856047129206988e-01 9.722086464145289764e-01 6.205667194909268991e-01 2.649809881592836147e-01
3.214000000000000000e+03 1.000000000000000000e+00 1.000000000000000000e+00 1.000000000000000000e+00 3.361609550699294902e-01 4.159491991008237854e-01
3.214000000000000000e+03 1.005658044690012076e+00 7.254784070693811593e-01 9.583129696217934645e-01 3.361609550699294902e-01 4.159491991008237854e-01
3.215000000000000000e+03 1.000000000000000000e+00 1.000000000000000000e+00 1.000000000000000000e+00 5.214791111087788700e-01 5.110189637156747899e-01
3.215000000000000000e+03 1.007544059586682694e+00 6.339712094258415087e-01 9.444172928290579527e-01 5.214791111087788700e-01 5.110189637156747899e-01
3.216000000000000000e+03 1.000000000000000000e+00 1.000000000000000000e+00 1.000000000000000000e+00 5.267527480181571908e-01 5.212102038855738195e-01
3.216000000000000000e+03 1.001886014896670618e+00 9.084928023564603494e-01 9.861043232072644882e-01 5.267527480181571908e-01 5.212102038855738195e-01
3.217000000000000000e+03 1.000000000000000000e+00 1.000000000000000000e+00 1.000000000000000000e+00 3.478705290043006548e-01 3.793881998726521543e-01
3.217000000000000000e+03 1.003772029793341236e+00 8.169856047129206988e-01 9.722086464145289764e-01 3.478705290043006548e-01 3.793881998726521543e-01
3.218000000000000000e+03 1.000000000000000000e+00 1.000000000000000000e+00 1.000000000000000000e+00 6.703125982482349698e-01 2.851821675155296054e-01
3.218000000000000000e+03 1.005658044690012076e+00 7.254784070693811593e-01 9.583129696217934645e-01 6.703125982482349698e-01 2.851821675155296054e-01
3.219000000000000000e+03 1.000000000000000000e+00 1.000000000000000000e+00 1.000000000000000000e+00 4.290889979935391674e-01 5.894411095069282958e-01
3.219000000000000000e+03 1.007544059586682694e+00 6.339712094258415087e-01 9.444172928290579527e-01 4.290889979935391674e-01 5.894411095069282958e-01
