1.480000000000000000e+03 1.000000000000000000e+00 1.000000000000000000e+00 1.000000000000000000e+00 5.178233908933348451e-01 5.636451924824326110e-01
1.480000000000000000e+03 9.860152670764515959e-01 1.018703407362151703e+00 8.973828830673018508e-01 5.178233908933348451e-01 5.636451924824326110e-01
1.481000000000000000e+03 1.000000000000000000e+00 1.000000000000000000e+00 1.000000000000000000e+00 4.390296770149986205e-01 2.822822848177780619e-01
1.481000000000000000e+03 9.720305341529031917e-01 1.037406814724303405e+00 7.947657661346037017e-01 4.390296770149986205e-01 2.822822848177780619e-01
1.482000000000000000e+03 1.000000000000000000e+00 1.000000000000000000e+00 1.000000000000000000e+00 7.947539765321166572e-01 4.174562109691653533e-01
1.482000000000000000e+03 9.580458012293548986e-01 1.056110222086454886e+00 6.921486492019056636e-01 7.947539765321166572e-01 4.174562109691653533e-01
1.483000000000000000e+03 1.000000000000000000e+00 1.000000000000000000e+00 1.000000000000000000e+00 3.593185461676727810e-01 5.393968569391680568e-01
1.483000000000000000e+03 9.440610683058064945e-01 1.074813629448606589e+00 5.895315322692075144e-01 3.593185461676727810e-01 5.393968569391680568e-01
1.484000000000000000e+03 1.000000000000000000e+00 1.000000000000000000e+00 1.000000000000000000e+00 4.479900340386328561e-01 5.924707912249047581e-01
1.484000000000000000e+03 9.860152670764515959e-01 1.018703407362151703e+00 8.973828830673018508e-01 4.479900340386328561e-01 5.924707912249047581e-01
1.485000000000000000e+03 1.000000000000000000e+00 1.000000000000000000e+00 1.000000000000000000e+00 6.304462032874935673e-01 2.680739949101429431e-01
1.485000000000000000e+03 9.720305341529031917e-01 1.037406814724303405e+00 7.947657661346037017e-01 6.304462032874935673e-01 2.680739949101429431e-01
1.486000000000000000e+03 1.000000000000000000e+00 1.000000000000000000e+00 1.000000000000000000e+00 3.378016018426190925e-01 4.087719153755695611e-01
1.486000000000000000e+03 9.580458012293548986e-01 1.056110222086454886e+00 6.921486492019056636e-01 3.378016018426190925e-01 4.087719153755695611e-01
1.487000000000000000e+03 1.000000000000000000e+00 1.000000000000000000e+00 1.000000000000000000e+00 5.227431842924287198e-01 5.127918472983038489e-01
1.487000000000000000e+03 9.440610683058064945e-01 1.074813629448606589e+00 5.895315322692075144e-01 5.227431842924287198e-01 5.127918472983038489e-01
1.488000000000000000e+03 1.000000000000000000e+00 1.000000000000000000e+00 1.000000000000000000e+00 5.274027066646886919e-01 5.234914975365880796e-01
1.488000000000000000e+03 9.860152670764515959e-01 1.018703407362151703e+00 8.973828830673018508e-01 5.274027066646886919e-01 5.234914975365880796e-01
1.489000000000000000e+03 1.000000000000000000e+00 1.000000000000000000e+00 1.000000000000000000e+00 3.511238230987692166e-01 3.723730328639909271e-01
1.489000000000000000e+03 9.720305341529031917e-01 1.037406814724303405e+00 7.947657661346037017e-01 3.511238230987692166e-01 3.723730328639909271e-01
1.490000000000000000e+03 1.000000000000000000e+00 1.000000000000000000e+00 1.000000000000000000e+00 6.796947019357194586e-01 2.903870879804981153e-01
1.490000000000000000e+03 9.580458012293548986e-01 1.056110222086454886e+00 6.921486492019056636e-01 6.796947019357194586e-01 2.903870879804981153e-01
1.491000000000000000e+03 1.000000000000000000e+00 1.000000000000000000e+00 1.000000000000000000e+00 4.244407676637014237e-01 5.881394417829597376e-01
1.491000000000000000e+03 9.440610683058064945e-01 1.074813629448606589e+00 5.895315322692075144e-01 4.244407676637014237e-01 5.881394417829597376e-01
1.492000000000000000e+03 1.000000000000000000e+00 1.000000000000000000e+00 1.000000000000000000e+00 3.443651546454463697e-01 5.119605058641624185e-01
1.492000000000000000e+03 9.860152670764515959e-01 1.018703407362151703e+00 8.973828830673018508e-01 3.443651546454463697e-01 5.119605058641624185e-01
1.493000000000000000e+03 1.000000000000000000e+00 1.000000000000000000e+00 1.000000000000000000e+00 8.151644566088709354e-01 4.757796763131124651e-01
1.493000000000000000e+03 9.720305341529031917e-01 1.037406814724303405e+00 7.947657661346037017e-01 8.151644566088709354e-01 4.757796763131124651e-01
1.494000000000000000e+03 1.000000000000000000e+00 1.000000000000000000e+00 1.000000000000000000e+00 4.819095852244750233e-01 2.646003490182876616e-01
1.494000000000000000e+03 9.580458012293548986e-01 1.056110222086454886e+00 6.921486492019056636e-01 4.819095852244750233e-01 2.646003490182876616e-01
1.495000000000000000e+03 1.000000000000000000e+00 1.000000000000000000e+00 1.000000000000000000e+00 5.058305969527998602e-01 5.758700397273950333e-01
1.495000000000000000e+03 9.440610683058064945e-01 1.074813629448606589e+00 5.895315322692075144e-01 5.058305969527998602e-01 5.758700397273950333e-01
1.496000000000000000e+03 1.000000000000000000e+00 1.000000000000000000e+00 1.000000000000000000e+00 5.253739846588942886e-01 5.500266897924767084e-01
1.496000000000000000e+03 9.860152670764515959e-01 1.018703407362151703e+00 8.973828830673018508e-01 5.253739846588942886e-01 5.500266897924767084e-01
1.497000000000000000e+03 1.000000000000000000e+00 1.000000000000000000e+00 1.000000000000000000e+00 4.022500813837023848e-01 3.072787967047484470e-01
1.497000000000000000e+03 9.720305341529031917e-01 1.037406814724303405e+00 7.947657661346037017e-01 4.022500813837023848e-01 3.072787967047484470e-01
1.498000000000000000e+03 1.000000000000000000e+00 1.000000000000000000e+00 1.000000000000000000e+00 7.640684600466389753e-01 3.660621144050006937e-01
1.498000000000000000e+03 9.580458012293548986e-01 1.056110222086454886e+00 6.921486492019056636e-01 7.640684600466389753e-01 3.660621144050006937e-01
1.499000000000000000e+03 1.000000000000000000e+00 1.000000000000000000e+00 1.000000000000000000e+00 3.786260534561358693e-01 5.615619516375960352e-01
1.499000000000000000e+03 9.440610683058064945e-01 1.074813629448606589e+00 5.895315322692075144e-01 3.786260534561358693e-01 5.615619516375960352e-01
