5.120000000000000000e+03 1.000000000000000000e+00 1.000000000000000000e+00 1.000000000000000000e+00 5.005858987225831891e-01 5.000067409777990690e-01
5.120000000000000000e+03 9.794014238373610626e-01 1.006697343475910333e+00 8.951079646893769226e-01 5.005858987225831891e-01 5.000067409777990690e-01
5.121000000000000000e+03 1.000000000000000000e+00 1.000000000000000000e+00 1.000000000000000000e+00 3.394246900973790781e-01 4.981525226845333054e-01
5.121000000000000000e+03 9.588028476747221251e-01 1.013394686951820889e+00 7.902159293787538452e-01 3.394246900973790781e-01 4.981525226845333054e-01
5.122000000000000000e+03 1.000000000000000000e+00 1.000000000000000000e+00 1.000000000000000000e+00 5.027678454843004241e-01 2.594299845073602118e-01
5.122000000000000000e+03 9.382042715120831877e-01 1.020092030427731444e+00 6.853238940681308788e-01 5.027678454843004241e-01 2.594299845073602118e-01
5.123000000000000000e+03 1.000000000000000000e+00 1.000000000000000000e+00 1.000000000000000000e+00 4.990728908533670904e-01 5.805806043126020555e-01
5.123000000000000000e+03 9.176056953494442503e-01 1.026789373903641778e+00 5.804318587575078014e-01 4.990728908533670904e-01 5.805806043126020555e-01
5.124000000000000000e+03 1.000000000000000000e+00 1.000000000000000000e+00 1.000000000000000000e+00 4.137575444164177663e-01 5.842805266812431952e-01
5.124000000000000000e+03 9.794014238373610626e-01 1.006697343475910333e+00 8.951079646893769226e-01 4.137575444164177663e-01 5.842805266812431952e-01
5.125000000000000000e+03 1.000000000000000000e+00 1.000000000000000000e+00 1.000000000000000000e+00 7.006736502937709332e-01 3.038914729020504302e-01
5.125000000000000000e+03 9.588028476747221251e-01 1.013394686951820889e+00 7.902159293787538452e-01 7.006736502937709332e-01 3.038914729020504302e-01
5.126000000000000000e+03 1.000000000000000000e+00 1.000000000000000000e+00 1.000000000000000000e+00 3.598054731104035620e-01 3.565419470613233610e-01
5.126000000000000000e+03 9.382042715120831877e-01 1.020092030427731444e+00 6.853238940681308788e-01 3.598054731104035620e-01 3.565419470613233610e-01
5.127000000000000000e+03 1.000000000000000000e+00 1.000000000000000000e+00 1.000000000000000000e+00 5.283665264728900635e-01 5.290268582284878285e-01
5.127000000000000000e+03 9.176056953494442503e-01 1.026789373903641778e+00 5.804318587575078014e-01 5.283665264728900635e-01 5.290268582284878285e-01
5.128000000000000000e+03 1.000000000000000000e+00 1.000000000000000000e+00 1.000000000000000000e+00 5.225397402772558042e-01 5.562371401387709025e-01
5.128000000000000000e+03 9.794014238373610626e-01 1.006697343475910333e+00 8.951079646893769226e-01 5.225397402772558042e-01 5.562371401387709025e-01
5.129000000000000000e+03 1.000000000000000000e+00 1.000000000000000000e+00 1.000000000000000000e+00 4.179355813374185935e-01 2.952474981536820087e-01
5.129000000000000000e+03 9.588028476747221251e-01 1.013394686951820889e+00 7.902159293787538452e-01 4.179355813374185935e-01 2.952474981536820087e-01
5.130000000000000000e+03 1.000000000000000000e+00 1.000000000000000000e+00 1.000000000000000000e+00 7.790101827000915913e-01 3.881732421447557368e-01
5.130000000000000000e+03 9.382042715120831877e-01 1.020092030427731444e+00 6.853238940681308788e-01 7.790101827000915913e-01 3.881732421447557368e-01
5.131000000000000000e+03 1.000000000000000000e+00 1.000000000000000000e+00 1.000000000000000000e+00 3.695051790074555531e-01 5.523020794699187164e-01
5.131000000000000000e+03 9.176056953494442503e-01 1.026789373903641778e+00 5.804318587575078014e-01 3.695051790074555531e-01 5.523020794699187164e-01
5.132000000000000000e+03 1.000000000000000000e+00 1.000000000000000000e+00 1.000000000000000000e+00 4.604408611396762496e-01 5.924802971198921409e-01
5.132000000000000000e+03 9.794014238373610626e-01 1.006697343475910333e+00 8.951079646893769226e-01 4.604408611396762496e-01 5.924802971198921409e-01
5.133000000000000000e+03 1.000000000000000000e+00 1.000000000000000000e+00 1.000000000000000000e+00 6.024850544998912039e-01 2.604131797721163100e-01
5.133000000000000000e+03 9.588028476747221251e-01 1.013394686951820889e+00 7.902159293787538452e-01 6.024850544998912039e-01 2.604131797721163100e-01
5.134000000000000000e+03 1.000000000000000000e+00 1.000000000000000000e+00 1.000000000000000000e+00 3.339664413261120846e-01 4.289779033198925506e-01
5.134000000000000000e+03 9.382042715120831877e-01 1.020092030427731444e+00 6.853238940681308788e-01 3.339664413261120846e-01 4.289779033198925506e-01
5.135000000000000000e+03 1.000000000000000000e+00 1.000000000000000000e+00 1.000000000000000000e+00 5.189270355658963663e-01 5.080961810405399959e-01
5.135000000000000000e+03 9.176056953494442503e-01 1.026789373903641778e+00 5.804318587575078014e-01 5.189270355658963663e-01 5.080961810405399959e-01
5.136000000000000000e+03 1.000000000000000000e+00 1.000000000000000000e+00 1.000000000000000000e+00 5.252341010290455525e-01 5.172840885790899179e-01
5.136000000000000000e+03 9.794014238373610626e-01 1.006697343475910333e+00 8.951079646893769226e-01 5.252341010290455525e-01 5.172840885790899179e-01
5.137000000000000000e+03 1.000000000000000000e+00 1.000000000000000000e+00 1.000000000000000000e+00 3.427622236006215850e-01 3.923000406419158148e-01
5.137000000000000000e+03 9.588028476747221251e-01 1.013394686951820889e+00 7.902159293787538452e-01 3.427622236006215850e-01 3.923000406419158148e-01
5.138000000000000000e+03 1.000000000000000000e+00 1.000000000000000000e+00 1.000000000000000000e+00 6.529078947475811523e-01 2.767603859154550983e-01
5.138000000000000000e+03 9.382042715120831877e-01 1.020092030427731444e+00 6.853238940681308788e-01 6.529078947475811523e-01 2.767603859154550983e-01
5.139000000000000000e+03 1.000000000000000000e+00 1.000000000000000000e+00 1.000000000000000000e+00 4.375079760314128929e-01 5.912359387142119838e-01
5.139000000000000000e+03 9.176056953494442503e-01 1.026789373903641778e+00 5.804318587575078014e-01 4.375079760314128929e-01 5.912359387142119838e-01
