3.580000000000000000e+03 1.000000000000000000e+00 1.000000000000000000e+00 1.000000000000000000e+00 4.983845137181311946e-01 5.809995166541981337e-01
3.580000000000000000e+03 1.009284668056152245e+00 9.032247497766043853e-01 1.004701140318893460e+00 4.983845137181311946e-01 5.809995166541981337e-01
3.581000000000000000e+03 1.000000000000000000e+00 1.000000000000000000e+00 1.000000000000000000e+00 5.048059548501111493e-01 2.590322961637403498e-01
3.581000000000000000e+03 1.018569336112304491e+00 8.064494995532087707e-01 1.009402280637786919e+00 5.048059548501111493e-01 2.590322961637403498e-01
3.582000000000000000e+03 1.000000000000000000e+00 1.000000000000000000e+00 1.000000000000000000e+00 3.390163897547711080e-01 4.967892794340100782e-01
3.582000000000000000e+03 1.027854004168456514e+00 7.096742493298130450e-01 1.014103420956680379e+00 3.390163897547711080e-01 4.967892794340100782e-01
3.583000000000000000e+03 1.000000000000000000e+00 1.000000000000000000e+00 1.000000000000000000e+00 5.010154230631673755e-01 5.000202519977475779e-01
3.583000000000000000e+03 1.037138672224608760e+00 6.128989991064174303e-01 1.018804561275573839e+00 5.010154230631673755e-01 5.000202519977475779e-01
3.584000000000000000e+03 1.000000000000000000e+00 1.000000000000000000e+00 1.000000000000000000e+00 5.007030579929488967e-01 5.000097069138087491e-01
3.584000000000000000e+03 1.009284668056152245e+00 9.032247497766043853e-01 1.004701140318893460e+00 5.007030579929488967e-01 5.000097069138087491e-01
3.585000000000000000e+03 1.000000000000000000e+00 1.000000000000000000e+00 1.000000000000000000e+00 3.393121898337946307e-01 4.977814309217015731e-01
3.585000000000000000e+03 1.018569336112304491e+00 8.064494995532087707e-01 1.009402280637786919e+00 3.393121898337946307e-01 4.977814309217015731e-01
3.586000000000000000e+03 1.000000000000000000e+00 1.000000000000000000e+00 1.000000000000000000e+00 5.033230001605432102e-01 2.593198137471663944e-01
3.586000000000000000e+03 1.027854004168456514e+00 7.096742493298130450e-01 1.014103420956680379e+00 5.033230001605432102e-01 2.593198137471663944e-01
3.587000000000000000e+03 1.000000000000000000e+00 1.000000000000000000e+00 1.000000000000000000e+00 4.988858620039464120e-01 5.806954340795771330e-01
3.587000000000000000e+03 1.037138672224608760e+00 6.128989991064174303e-01 1.018804561275573839e+00 4.988858620039464120e-01 5.806954340795771330e-01
3.588000000000000000e+03 1.000000000000000000e+00 1.000000000000000000e+00 1.000000000000000000e+00 4.134798456785079290e-01 5.841635745495094012e-01
3.588000000000000000e+03 1.009284668056152245e+00 9.032247497766043853e-01 1.004701140318893460e+00 4.134798456785079290e-01 5.841635745495094012e-01
3.589000000000000000e+03 1.000000000000000000e+00 1.000000000000000000e+00 1.000000000000000000e+00 7.012083588848678772e-01 3.042720237175486897e-01
3.589000000000000000e+03 1.018569336112304491e+00 8.064494995532087707e-01 1.009402280637786919e+00 7.012083588848678772e-01 3.042720237175486897e-01
3.590000000000000000e+03 1.000000000000000000e+00 1.000000000000000000e+00 1.000000000000000000e+00 3.600542245840196998e-01 3.561357433968199704e-01
3.590000000000000000e+03 1.027854004168456514e+00 7.096742493298130450e-01 1.014103420956680379e+00 3.600542245840196998e-01 3.561357433968199704e-01
3.591000000000000000e+03 1.000000000000000000e+00 1.000000000000000000e+00 1.000000000000000000e+00 5.283813736830383911e-01 5.291760520398041123e-01
3.591000000000000000e+03 1.037138672224608760e+00 6.128989991064174303e-01 1.018804561275573839e+00 5.283813736830383911e-01 5.291760520398041123e-01
3.592000000000000000e+03 1.000000000000000000e+00 1.000000000000000000e+00 1.000000000000000000e+00 5.224536274558376769e-01 5.563977304405068880e-01
3.592000000000000000e+03 1.009284668056152245e+00 9.032247497766043853e-01 1.004701140318893460e+00 5.224536274558376769e-01 5.563977304405068880e-01
3.593000000000000000e+03 1.000000000000000000e+00 1.000000000000000000e+00 1.000000000000000000e+00 4.183635810003328848e-01 2.949503365580025682e-01
3.593000000000000000e+03 1.018569336112304491e+00 8.064494995532087707e-01 1.009402280637786919e+00 4.183635810003328848e-01 2.949503365580025682e-01
3.594000000000000000e+03 1.000000000000000000e+00 1.000000000000000000e+00 1.000000000000000000e+00 7.793756299427426759e-01 3.887721852284181656e-01
3.594000000000000000e+03 1.027854004168456514e+00 7.096742493298130450e-01 1.014103420956680379e+00 7.793756299427426759e-01 3.887721852284181656e-01
3.595000000000000000e+03 1.000000000000000000e+00 1.000000000000000000e+00 1.000000000000000000e+00 3.692763030587478124e-01 5.520450232277523961e-01
3.595000000000000000e+03 1.037138672224608760e+00 6.128989991064174303e-01 1.018804561275573839e+00 3.692763030587478124e-01 5.520450232277523961e-01
3.596000000000000000e+03 1.000000000000000000e+00 1.000000000000000000e+00 1.000000000000000000e+00 4.601818354403331979e-01 5.924966656472812065e-01
3.596000000000000000e+03 1.009284668056152245e+00 9.032247497766043853e-01 1.004701140318893460e+00 4.601818354403331979e-01 5.924966656472812065e-01
3.597000000000000000e+03 1.000000000000000000e+00 1.000000000000000000e+00 1.000000000000000000e+00 6.030824011913173965e-01 2.605419912606848909e-01
3.597000000000000000e+03 1.018569336112304491e+00 8.064494995532087707e-01 1.009402280637786919e+00 6.030824011913173965e-01 2.605419912606848909e-01
3.598000000000000000e+03 1.000000000000000000e+00 1.000000000000000000e+00 1.000000000000000000e+00 3.340226628067018977e-01 4.285497171245079007e-01
3.598000000000000000e+03 1.027854004168456514e+00 7.096742493298130450e-01 1.014103420956680379e+00 3.340226628067018977e-01 4.285497171245079007e-01
3.599000000000000000e+03 1.000000000000000000e+00 1.000000000000000000e+00 1.000000000000000000e+00 5.190159941012641998e-01 5.081860462438415604e-01
3.599000000000000000e+03 1.037138672224608760e+00 6.128989991064174303e-01 1.018804561275573839e+00 5.190159941012641998e-01 5.081860462438415604e-01
