7.800000000000000000e+02 1.000000000000000000e+00 1.000000000000000000e+00 1.000000000000000000e+00 4.582737404394316427e-01 5.925951438755514555e-01
7.800000000000000000e+02 9.135923254659088499e-01 1.016756015911516986e+00 9.935035573929262842e-01 4.582737404394316427e-01 5.925951438755514555e-01
7.810000000000000000e+02 1.000000000000000000e+00 1.000000000000000000e+00 1.000000000000000000e+00 6.074611669298329852e-01 2.615318910035797084e-01
7.810000000000000000e+02 8.271846509318175888e-01 1.033512031823033750e+00 9.870071147858525684e-01 6.074611669298329852e-01 2.615318910035797084e-01
7.820000000000000000e+02 1.000000000000000000e+00 1.000000000000000000e+00 1.000000000000000000e+00 3.344683735640141542e-01 4.254062867547993010e-01
7.820000000000000000e+02 7.407769763977263278e-01 1.050268047734550514e+00 9.805106721787787416e-01 3.344683735640141542e-01 4.254062867547993010e-01
7.830000000000000000e+02 1.000000000000000000e+00 1.000000000000000000e+00 1.000000000000000000e+00 5.196586613151170653e-01 5.088588058759360155e-01
7.830000000000000000e+02 6.543693018636351777e-01 1.067024063646067500e+00 9.740142295717050258e-01 5.196586613151170653e-01 5.088588058759360155e-01
7.840000000000000000e+02 1.000000000000000000e+00 1.000000000000000000e+00 1.000000000000000000e+00 5.256930216563440172e-01 5.183319405523976187e-01
7.840000000000000000e+02 9.135923254659088499e-01 1.016756015911516986e+00 9.935035573929262842e-01 5.256930216563440172e-01 5.183319405523976187e-01
7.850000000000000000e+02 1.000000000000000000e+00 1.000000000000000000e+00 1.000000000000000000e+00 3.440611655907042099e-01 3.887378261522801415e-01
7.850000000000000000e+02 8.271846509318175888e-01 1.033512031823033750e+00 9.870071147858525684e-01 3.440611655907042099e-01 3.887378261522801415e-01
7.860000000000000000e+02 1.000000000000000000e+00 1.000000000000000000e+00 1.000000000000000000e+00 6.577272904953810340e-01 2.789382592142284345e-01
7.860000000000000000e+02 7.407769763977263278e-01 1.050268047734550514e+00 9.805106721787787416e-01 6.577272904953810340e-01 2.789382592142284345e-01
7.870000000000000000e+02 1.000000000000000000e+00 1.000000000000000000e+00 1.000000000000000000e+00 4.352029427999412614e-01 5.908159280328199037e-01
7.870000000000000000e+02 6.543693018636351777e-01 1.067024063646067500e+00 9.740142295717050258e-01 4.352029427999412614e-01 5.908159280328199037e-01
7.880000000000000000e+02 1.000000000000000000e+00 1.000000000000000000e+00 1.000000000000000000e+00 3.505126790113655133e-01 5.249946448242610586e-01
7.880000000000000000e+02 9.135923254659088499e-01 1.016756015911516986e+00 9.935035573929262842e-01 3.505126790113655133e-01 5.249946448242610586e-01
7.890000000000000000e+02 1.000000000000000000e+00 1.000000000000000000e+00 1.000000000000000000e+00 8.072966165477702960e-01 4.486192558973437494e-01
7.890000000000000000e+02 8.271846509318175888e-01 1.033512031823033750e+00 9.870071147858525684e-01 8.072966165477702960e-01 4.486192558973437494e-01
7.900000000000000000e+02 1.000000000000000000e+00 1.000000000000000000e+00 1.000000000000000000e+00 4.618123055365414009e-01 2.716080312317976087e-01
7.900000000000000000e+02 7.407769763977263278e-01 1.050268047734550514e+00 9.805106721787787416e-01 4.618123055365414009e-01 2.716080312317976087e-01
7.910000000000000000e+02 1.000000000000000000e+00 1.000000000000000000e+00 1.000000000000000000e+00 5.118015951850635181e-01 5.705826732090666376e-01
7.910000000000000000e+02 6.543693018636351777e-01 1.067024063646067500e+00 9.740142295717050258e-01 5.118015951850635181e-01 5.705826732090666376e-01
7.920000000000000000e+02 1.000000000000000000e+00 1.000000000000000000e+00 1.000000000000000000e+00 5.273179993978870383e-01 5.437312052789200489e-01
7.920000000000000000e+02 9.135923254659088499e-01 1.016756015911516986e+00 9.935035573929262842e-01 5.273179993978870383e-01 5.437312052789200489e-01
7.930000000000000000e+02 1.000000000000000000e+00 1.000000000000000000e+00 1.000000000000000000e+00 3.879134206523057182e-01 3.205695395525524072e-01
7.930000000000000000e+02 8.271846509318175888e-01 1.033512031823033750e+00 9.870071147858525684e-01 3.879134206523057182e-01 3.205695395525524072e-01
7.940000000000000000e+02 1.000000000000000000e+00 1.000000000000000000e+00 1.000000000000000000e+00 7.472800880317113092e-01 3.455291306774020965e-01
7.940000000000000000e+02 7.407769763977263278e-01 1.050268047734550514e+00 9.805106721787787416e-01 7.472800880317113092e-01 3.455291306774020965e-01
7.950000000000000000e+02 1.000000000000000000e+00 1.000000000000000000e+00 1.000000000000000000e+00 3.884191671368162346e-01 5.697022893727906601e-01
7.950000000000000000e+02 6.543693018636351777e-01 1.067024063646067500e+00 9.740142295717050258e-01 3.884191671368162346e-01 5.697022893727906601e-01
7.960000000000000000e+02 1.000000000000000000e+00 1.000000000000000000e+00 1.000000000000000000e+00 4.793907543661189985e-01 5.892129497363043367e-01
7.960000000000000000e+02 9.135923254659088499e-01 1.016756015911516986e+00 9.935035573929262842e-01 4.793907543661189985e-01 5.892129497363043367e-01
7.970000000000000000e+02 1.000000000000000000e+00 1.000000000000000000e+00 1.000000000000000000e+00 5.566226714514478369e-01 2.548927490180035171e-01
7.970000000000000000e+02 8.271846509318175888e-01 1.033512031823033750e+00 9.870071147858525684e-01 5.566226714514478369e-01 2.548927490180035171e-01
7.980000000000000000e+02 1.000000000000000000e+00 1.000000000000000000e+00 1.000000000000000000e+00 3.328398996408496457e-01 4.613840414573355808e-01
7.980000000000000000e+02 7.407769763977263278e-01 1.050268047734550514e+00 9.805106721787787416e-01 3.328398996408496457e-01 4.613840414573355808e-01
7.990000000000000000e+02 1.000000000000000000e+00 1.000000000000000000e+00 1.000000000000000000e+00 5.112657991134582636e-01 5.026025327250975838e-01
7.990000000000000000e+02 6.543693018636351777e-01 1.067024063646067500e+00 9.740142295717050258e-01 5.112657991134582636e-01 5.026025327250975838e-01
