4.280000000000000000e+03 1.000000000000000000e+00 1.000000000000000000e+00 1.000000000000000000e+00 5.280461215834667543e-01 5.400177095582138209e-01
4.280000000000000000e+03 1.013826986493610693e+00 1.023987166880718558e+00 8.843551747059943402e-01 5.280461215834667543e-01 5.400177095582138209e-01
4.281000000000000000e+03 1.000000000000000000e+00 1.000000000000000000e+00 1.000000000000000000e+00 3.801258096668291286e-01 3.289570799298408010e-01
4.281000000000000000e+03 1.027653972987221387e+00 1.047974333761437116e+00 7.687103494119886804e-01 3.801258096668291286e-01 3.289570799298408010e-01
4.282000000000000000e+03 1.000000000000000000e+00 1.000000000000000000e+00 1.000000000000000000e+00 7.365555253261318880e-01 3.342117752919769869e-01
4.282000000000000000e+03 1.041480959480832302e+00 1.071961500642155674e+00 6.530655241179829096e-01 7.365555253261318880e-01 3.342117752919769869e-01
4.283000000000000000e+03 1.000000000000000000e+00 1.000000000000000000e+00 1.000000000000000000e+00 3.944696851858134901e-01 5.739601559583188406e-01
4.283000000000000000e+03 1.055307945974442996e+00 1.095948667522874231e+00 5.374206988239772498e-01 3.944696851858134901e-01 5.739601559583188406e-01
4.284000000000000000e+03 1.000000000000000000e+00 1.000000000000000000e+00 1.000000000000000000e+00 4.846056677756822029e-01 5.875236627977113990e-01
4.284000000000000000e+03 1.013826986493610693e+00 1.023987166880718558e+00 8.843551747059943402e-01 4.846056677756822029e-01 5.875236627977113990e-01
4.285000000000000000e+03 1.000000000000000000e+00 1.000000000000000000e+00 1.000000000000000000e+00 5.431108969675290110e-01 2.548952722267168181e-01
4.285000000000000000e+03 1.027653972987221387e+00 1.047974333761437116e+00 7.687103494119886804e-01 5.431108969675290110e-01 2.548952722267168181e-01
4.286000000000000000e+03 1.000000000000000000e+00 1.000000000000000000e+00 1.000000000000000000e+00 3.336858047145027095e-01 4.707473854040766237e-01
4.286000000000000000e+03 1.041480959480832302e+00 1.071961500642155674e+00 6.530655241179829096e-01 3.336858047145027095e-01 4.707473854040766237e-01
4.287000000000000000e+03 1.000000000000000000e+00 1.000000000000000000e+00 1.000000000000000000e+00 5.087331303099255075e-01 5.015360498527121624e-01
4.287000000000000000e+03 1.055307945974442996e+00 1.095948667522874231e+00 5.374206988239772498e-01 5.087331303099255075e-01 5.015360498527121624e-01
4.288000000000000000e+03 1.000000000000000000e+00 1.000000000000000000e+00 1.000000000000000000e+00 5.063174931557080649e-01 5.007939501796317971e-01
4.288000000000000000e+03 1.013826986493610693e+00 1.023987166880718558e+00 8.843551747059943402e-01 5.063174931557080649e-01 5.007939501796317971e-01
4.289000000000000000e+03 1.000000000000000000e+00 1.000000000000000000e+00 1.000000000000000000e+00 3.349312677904240365e-01 4.792550072696214469e-01
4.289000000000000000e+03 1.027653972987221387e+00 1.047974333761437116e+00 7.687103494119886804e-01 3.349312677904240365e-01 4.792550072696214469e-01
4.290000000000000000e+03 1.000000000000000000e+00 1.000000000000000000e+00 1.000000000000000000e+00 5.307205140057520421e-01 2.555556482634901427e-01
4.290000000000000000e+03 1.041480959480832302e+00 1.071961500642155674e+00 6.530655241179829096e-01 5.307205140057520421e-01 2.555556482634901427e-01
4.291000000000000000e+03 1.000000000000000000e+00 1.000000000000000000e+00 1.000000000000000000e+00 4.892305285449948249e-01 5.856931126826420142e-01
4.291000000000000000e+03 1.055307945974442996e+00 1.095948667522874231e+00 5.374206988239772498e-01 4.892305285449948249e-01 5.856931126826420142e-01
4.292000000000000000e+03 1.000000000000000000e+00 1.000000000000000000e+00 1.000000000000000000e+00 4.002002538414590194e-01 5.775156548275955926e-01
4.292000000000000000e+03 1.013826986493610693e+00 1.023987166880718558e+00 8.843551747059943402e-01 4.002002538414590194e-01 5.775156548275955926e-01
4.293000000000000000e+03 1.000000000000000000e+00 1.000000000000000000e+00 1.000000000000000000e+00 7.261613412946720247e-01 3.243377849950223046e-01
4.293000000000000000e+03 1.027653972987221387e+00 1.047974333761437116e+00 7.687103494119886804e-01 7.261613412946720247e-01 3.243377849950223046e-01
4.294000000000000000e+03 1.000000000000000000e+00 1.000000000000000000e+00 1.000000000000000000e+00 3.734110650837133560e-01 3.370194562733934696e-01
4.294000000000000000e+03 1.041480959480832302e+00 1.071961500642155674e+00 6.530655241179829096e-01 3.734110650837133560e-01 3.370194562733934696e-01
4.295000000000000000e+03 1.000000000000000000e+00 1.000000000000000000e+00 1.000000000000000000e+00 5.284423747389044301e-01 5.366189485904754308e-01
4.295000000000000000e+03 1.055307945974442996e+00 1.095948667522874231e+00 5.374206988239772498e-01 5.284423747389044301e-01 5.366189485904754308e-01
4.296000000000000000e+03 1.000000000000000000e+00 1.000000000000000000e+00 1.000000000000000000e+00 5.175537515896420082e-01 5.640036669401784497e-01
4.296000000000000000e+03 1.013826986493610693e+00 1.023987166880718558e+00 8.843551747059943402e-01 5.175537515896420082e-01 5.640036669401784497e-01
4.297000000000000000e+03 1.000000000000000000e+00 1.000000000000000000e+00 1.000000000000000000e+00 4.401271392219096579e-01 2.816943790945648507e-01
4.297000000000000000e+03 1.027653972987221387e+00 1.047974333761437116e+00 7.687103494119886804e-01 4.401271392219096579e-01 2.816943790945648507e-01
4.298000000000000000e+03 1.000000000000000000e+00 1.000000000000000000e+00 1.000000000000000000e+00 7.954565978880634436e-01 4.189675846276854632e-01
4.298000000000000000e+03 1.041480959480832302e+00 1.071961500642155674e+00 6.530655241179829096e-01 7.954565978880634436e-01 4.189675846276854632e-01
4.299000000000000000e+03 1.000000000000000000e+00 1.000000000000000000e+00 1.000000000000000000e+00 3.588453560771931450e-01 5.387133061838661474e-01
4.299000000000000000e+03 1.055307945974442996e+00 1.095948667522874231e+00 5.374206988239772498e-01 3.588453560771931450e-01 5.387133061838661474e-01
