2.240000000000000000e+03 1.000000000000000000e+00 1.000000000000000000e+00 1.000000000000000000e+00 5.064318885262297787e-01 5.008233645163470138e-01
2.240000000000000000e+03 1.011651015885425720e+00 9.963974520432997695e-01 8.889110424926410792e-01 5.064318885262297787e-01 5.008233645163470138e-01
2.241000000000000000e+03 1.000000000000000000e+00 1.000000000000000000e+00 1.000000000000000000e+00 3.348631994048727467e-01 4.788603640441512765e-01
2.241000000000000000e+03 1.023302031770851439e+00 9.927949040865995389e-01 7.778220849852821583e-01 3.348631994048727467e-01 4.788603640441512765e-01
2.242000000000000000e+03 1.000000000000000000e+00 1.000000000000000000e+00 1.000000000000000000e+00 5.312977716755995505e-01 2.555107433704240094e-01
2.242000000000000000e+03 1.034953047656276937e+00 9.891923561298991974e-01 6.667331274779231265e-01 5.312977716755995505e-01 2.555107433704240094e-01
2.243000000000000000e+03 1.000000000000000000e+00 1.000000000000000000e+00 1.000000000000000000e+00 4.890184997639021591e-01 5.857843445606785160e-01
2.243000000000000000e+03 1.046604063541702656e+00 9.855898081731989668e-01 5.556441699705642057e-01 4.890184997639021591e-01 5.857843445606785160e-01
2.244000000000000000e+03 1.000000000000000000e+00 1.000000000000000000e+00 1.000000000000000000e+00 3.999294417482468500e-01 5.773574850310110307e-01
2.244000000000000000e+03 1.011651015885425720e+00 9.963974520432997695e-01 8.889110424926410792e-01 3.999294417482468500e-01 5.773574850310110307e-01
2.245000000000000000e+03 1.000000000000000000e+00 1.000000000000000000e+00 1.000000000000000000e+00 7.266576510865835337e-01 3.247869687407549666e-01
2.245000000000000000e+03 1.023302031770851439e+00 9.927949040865995389e-01 7.778220849852821583e-01 7.266576510865835337e-01 3.247869687407549666e-01
2.246000000000000000e+03 1.000000000000000000e+00 1.000000000000000000e+00 1.000000000000000000e+00 3.737147418548719680e-01 3.366358953308316582e-01
2.246000000000000000e+03 1.034953047656276937e+00 9.891923561298991974e-01 6.667331274779231265e-01 3.737147418548719680e-01 3.366358953308316582e-01
2.247000000000000000e+03 1.000000000000000000e+00 1.000000000000000000e+00 1.000000000000000000e+00 5.284297119168941403e-01 5.367770118343379027e-01
2.247000000000000000e+03 1.046604063541702656e+00 9.855898081731989668e-01 5.556441699705642057e-01 5.284297119168941403e-01 5.367770118343379027e-01
2.248000000000000000e+03 1.000000000000000000e+00 1.000000000000000000e+00 1.000000000000000000e+00 5.174371699747930542e-01 5.641569732952763649e-01
2.248000000000000000e+03 1.011651015885425720e+00 9.963974520432997695e-01 8.889110424926410792e-01 5.174371699747930542e-01 5.641569732952763649e-01
2.249000000000000000e+03 1.000000000000000000e+00 1.000000000000000000e+00 1.000000000000000000e+00 4.405988769013806650e-01 2.814441062479364208e-01
2.249000000000000000e+03 1.023302031770851439e+00 9.927949040865995389e-01 7.778220849852821583e-01 4.405988769013806650e-01 2.814441062479364208e-01
2.250000000000000000e+03 1.000000000000000000e+00 1.000000000000000000e+00 1.000000000000000000e+00 7.957553539804571585e-01 4.196169003394675245e-01
2.250000000000000000e+03 1.034953047656276937e+00 9.891923561298991974e-01 6.667331274779231265e-01 7.957553539804571585e-01 4.196169003394675245e-01
2.251000000000000000e+03 1.000000000000000000e+00 1.000000000000000000e+00 1.000000000000000000e+00 3.586435664763300002e-01 5.384191465367060836e-01
2.251000000000000000e+03 1.046604063541702656e+00 9.855898081731989668e-01 5.556441699705642057e-01 3.586435664763300002e-01 5.384191465367060836e-01
2.252000000000000000e+03 1.000000000000000000e+00 1.000000000000000000e+00 1.000000000000000000e+00 4.470882282954782849e-01 5.924081518819048764e-01
2.252000000000000000e+03 1.011651015885425720e+00 9.963974520432997695e-01 8.889110424926410792e-01 4.470882282954782849e-01 5.924081518819048764e-01
2.253000000000000000e+03 1.000000000000000000e+00 1.000000000000000000e+00 1.000000000000000000e+00 6.324152995481463480e-01 2.687423286359665320e-01
2.253000000000000000e+03 1.023302031770851439e+00 9.927949040865995389e-01 7.778220849852821583e-01 6.324152995481463480e-01 2.687423286359665320e-01
2.254000000000000000e+03 1.000000000000000000e+00 1.000000000000000000e+00 1.000000000000000000e+00 3.381670883770308556e-01 4.073364643736658852e-01
2.254000000000000000e+03 1.034953047656276937e+00 9.891923561298991974e-01 6.667331274779231265e-01 3.381670883770308556e-01 4.073364643736658852e-01
2.255000000000000000e+03 1.000000000000000000e+00 1.000000000000000000e+00 1.000000000000000000e+00 5.229833921408406638e-01 5.131600077827093154e-01
2.255000000000000000e+03 1.046604063541702656e+00 9.855898081731989668e-01 5.556441699705642057e-01 5.229833921408406638e-01 5.131600077827093154e-01
2.256000000000000000e+03 1.000000000000000000e+00 1.000000000000000000e+00 1.000000000000000000e+00 5.275163323025771067e-01 5.239574847543471137e-01
2.256000000000000000e+03 1.011651015885425720e+00 9.963974520432997695e-01 8.889110424926410792e-01 5.275163323025771067e-01 5.239574847543471137e-01
2.257000000000000000e+03 1.000000000000000000e+00 1.000000000000000000e+00 1.000000000000000000e+00 3.518124716467205815e-01 3.709784279289442543e-01
2.257000000000000000e+03 1.023302031770851439e+00 9.927949040865995389e-01 7.778220849852821583e-01 3.518124716467205815e-01 3.709784279289442543e-01
2.258000000000000000e+03 1.000000000000000000e+00 1.000000000000000000e+00 1.000000000000000000e+00 6.815536157294099784e-01 2.914768736213694256e-01
2.258000000000000000e+03 1.034953047656276937e+00 9.891923561298991974e-01 6.667331274779231265e-01 6.815536157294099784e-01 2.914768736213694256e-01
2.259000000000000000e+03 1.000000000000000000e+00 1.000000000000000000e+00 1.000000000000000000e+00 4.235104715872985981e-01 5.878519303279282626e-01
2.259000000000000000e+03 1.046604063541702656e+00 9.855898081731989668e-01 5.556441699705642057e-01 4.235104715872985981e-01 5.878519303279282626e-01
