3.020000000000000000e+03 1.000000000000000000e+00 1.000000000000000000e+00 1.000000000000000000e+00 4.492489112780428950e-01 5.925444207707933897e-01
3.020000000000000000e+03 1.005930307403929636e+00 9.245727525668635538e-01 1.005616358148492040e+00 4.492489112780428950e-01 5.925444207707933897e-01
3.021000000000000000e+03 1.000000000000000000e+00 1.000000000000000000e+00 1.000000000000000000e+00 6.276853816180105738e-01 2.671661834197432972e-01
3.021000000000000000e+03 1.011860614807859493e+00 8.491455051337271076e-01 1.011232716296984080e+00 6.276853816180105738e-01 2.671661834197432972e-01
3.022000000000000000e+03 1.000000000000000000e+00 1.000000000000000000e+00 1.000000000000000000e+00 3.373108813244748982e-01 4.107817648300162161e-01
3.022000000000000000e+03 1.017790922211789351e+00 7.737182577005905504e-01 1.016849074445476342e+00 3.373108813244748982e-01 4.107817648300162161e-01
3.023000000000000000e+03 1.000000000000000000e+00 1.000000000000000000e+00 1.000000000000000000e+00 5.223997228660617331e-01 5.122839422739303705e-01
3.023000000000000000e+03 1.023721229615718986e+00 6.982910102674541042e-01 1.022465432593968382e+00 5.223997228660617331e-01 5.122839422739303705e-01
3.024000000000000000e+03 1.000000000000000000e+00 1.000000000000000000e+00 1.000000000000000000e+00 5.272343801202595825e-01 5.228444492542682065e-01
3.024000000000000000e+03 1.005930307403929636e+00 9.245727525668635538e-01 1.005616358148492040e+00 5.272343801202595825e-01 5.228444492542682065e-01
3.025000000000000000e+03 1.000000000000000000e+00 1.000000000000000000e+00 1.000000000000000000e+00 3.501809814483303751e-01 3.743304253111354729e-01
3.025000000000000000e+03 1.011860614807859493e+00 8.491455051337271076e-01 1.011232716296984080e+00 3.501809814483303751e-01 3.743304253111354729e-01
3.026000000000000000e+03 1.000000000000000000e+00 1.000000000000000000e+00 1.000000000000000000e+00 6.770821374061625209e-01 2.888886622326252152e-01
3.026000000000000000e+03 1.017790922211789351e+00 7.737182577005905504e-01 1.016849074445476342e+00 6.770821374061625209e-01 2.888886622326252152e-01
3.027000000000000000e+03 1.000000000000000000e+00 1.000000000000000000e+00 1.000000000000000000e+00 4.257429880284336332e-01 5.885266993359645760e-01
3.027000000000000000e+03 1.023721229615718986e+00 6.982910102674541042e-01 1.022465432593968382e+00 4.257429880284336332e-01 5.885266993359645760e-01
3.028000000000000000e+03 1.000000000000000000e+00 1.000000000000000000e+00 1.000000000000000000e+00 3.450473407239036949e-01 5.135832141090256320e-01
3.028000000000000000e+03 1.005930307403929636e+00 9.245727525668635538e-01 1.005616358148492040e+00 3.450473407239036949e-01 5.135832141090256320e-01
3.029000000000000000e+03 1.000000000000000000e+00 1.000000000000000000e+00 1.000000000000000000e+00 8.143414318514077266e-01 4.724447002579834631e-01
3.029000000000000000e+03 1.011860614807859493e+00 8.491455051337271076e-01 1.011232716296984080e+00 8.143414318514077266e-01 4.724447002579834631e-01
3.030000000000000000e+03 1.000000000000000000e+00 1.000000000000000000e+00 1.000000000000000000e+00 4.794307430744788601e-01 2.653529544362479564e-01
3.030000000000000000e+03 1.017790922211789351e+00 7.737182577005905504e-01 1.016849074445476342e+00 4.794307430744788601e-01 2.653529544362479564e-01
3.031000000000000000e+03 1.000000000000000000e+00 1.000000000000000000e+00 1.000000000000000000e+00 5.065971712925303461e-01 5.752582729884405666e-01
3.031000000000000000e+03 1.023721229615718986e+00 6.982910102674541042e-01 1.022465432593968382e+00 5.065971712925303461e-01 5.752582729884405666e-01
3.032000000000000000e+03 1.000000000000000000e+00 1.000000000000000000e+00 1.000000000000000000e+00 5.256570899366758143e-01 5.492663075361544633e-01
3.032000000000000000e+03 1.005930307403929636e+00 9.245727525668635538e-01 1.005616358148492040e+00 5.256570899366758143e-01 5.492663075361544633e-01
3.033000000000000000e+03 1.000000000000000000e+00 1.000000000000000000e+00 1.000000000000000000e+00 4.004389435509301265e-01 3.088245534567507500e-01
3.033000000000000000e+03 1.011860614807859493e+00 8.491455051337271076e-01 1.011232716296984080e+00 4.004389435509301265e-01 3.088245534567507500e-01
3.034000000000000000e+03 1.000000000000000000e+00 1.000000000000000000e+00 1.000000000000000000e+00 7.621300160467965323e-01 3.634869602947330414e-01
3.034000000000000000e+03 1.017790922211789351e+00 7.737182577005905504e-01 1.016849074445476342e+00 7.621300160467965323e-01 3.634869602947330414e-01
3.035000000000000000e+03 1.000000000000000000e+00 1.000000000000000000e+00 1.000000000000000000e+00 3.797791229602981433e-01 5.626090731928728994e-01
3.035000000000000000e+03 1.023721229615718986e+00 6.982910102674541042e-01 1.022465432593968382e+00 3.797791229602981433e-01 5.626090731928728994e-01
3.036000000000000000e+03 1.000000000000000000e+00 1.000000000000000000e+00 1.000000000000000000e+00 4.712840324802089476e-01 5.911295700180130286e-01
3.036000000000000000e+03 1.005930307403929636e+00 9.245727525668635538e-01 1.005616358148492040e+00 4.712840324802089476e-01 5.911295700180130286e-01
3.037000000000000000e+03 1.000000000000000000e+00 1.000000000000000000e+00 1.000000000000000000e+00 5.768028861465548385e-01 2.562675196002285327e-01
3.037000000000000000e+03 1.011860614807859493e+00 8.491455051337271076e-01 1.011232716296984080e+00 5.768028861465548385e-01 2.562675196002285327e-01
3.038000000000000000e+03 1.000000000000000000e+00 1.000000000000000000e+00 1.000000000000000000e+00 3.325689747911078076e-01 4.472405731668270823e-01
3.038000000000000000e+03 1.017790922211789351e+00 7.737182577005905504e-01 1.016849074445476342e+00 3.325689747911078076e-01 4.472405731668270823e-01
3.039000000000000000e+03 1.000000000000000000e+00 1.000000000000000000e+00 1.000000000000000000e+00 5.148281148271337537e-01 5.046725082064091872e-01
3.039000000000000000e+03 1.023721229615718986e+00 6.982910102674541042e-01 1.022465432593968382e+00 5.148281148271337537e-01 5.046725082064091872e-01
