2.080000000000000000e+03 1.000000000000000000e+00 1.000000000000000000e+00 1.000000000000000000e+00 5.145578824340234503e-01 5.044893474668125100e-01
2.080000000000000000e+03 9.963214608795596394e-01 9.249781694926179076e-01 1.001547624218296795e+00 5.145578824340234503e-01 5.044893474668125100e-01
2.081000000000000000e+03 1.000000000000000000e+00 1.000000000000000000e+00 1.000000000000000000e+00 3.325470241050531572e-01 4.483609929843052067e-01
2.081000000000000000e+03 9.926429217591193899e-01 8.499563389852358153e-01 1.003095248436593590e+00 3.325470241050531572e-01 4.483609929843052067e-01
2.082000000000000000e+03 1.000000000000000000e+00 1.000000000000000000e+00 1.000000000000000000e+00 5.752138367901360461e-01 2.560994773745914888e-01
2.082000000000000000e+03 9.889643826386791403e-01 7.749345084778537229e-01 1.004642872654890384e+00 5.752138367901360461e-01 2.560994773745914888e-01
2.083000000000000000e+03 1.000000000000000000e+00 1.000000000000000000e+00 1.000000000000000000e+00 4.719358227587463483e-01 5.910054291644851743e-01
2.083000000000000000e+03 9.852858435182387797e-01 6.999126779704716306e-01 1.006190496873187179e+00 4.719358227587463483e-01 5.910054291644851743e-01
2.084000000000000000e+03 1.000000000000000000e+00 1.000000000000000000e+00 1.000000000000000000e+00 3.804418235287835293e-01 5.631995144009673826e-01
2.084000000000000000e+03 9.963214608795596394e-01 9.249781694926179076e-01 1.001547624218296795e+00 3.804418235287835293e-01 5.631995144009673826e-01
2.085000000000000000e+03 1.000000000000000000e+00 1.000000000000000000e+00 1.000000000000000000e+00 7.610111778652381975e-01 3.620271722003145509e-01
2.085000000000000000e+03 9.926429217591193899e-01 8.499563389852358153e-01 1.003095248436593590e+00 7.610111778652381975e-01 3.620271722003145509e-01
2.086000000000000000e+03 1.000000000000000000e+00 1.000000000000000000e+00 1.000000000000000000e+00 3.994138288996736397e-01 3.097153228317726659e-01
2.086000000000000000e+03 9.889643826386791403e-01 7.749345084778537229e-01 1.004642872654890384e+00 3.994138288996736397e-01 3.097153228317726659e-01
2.087000000000000000e+03 1.000000000000000000e+00 1.000000000000000000e+00 1.000000000000000000e+00 5.258128577016082383e-01 5.488316757742056629e-01
2.087000000000000000e+03 9.852858435182387797e-01 6.999126779704716306e-01 1.006190496873187179e+00 5.258128577016082383e-01 5.488316757742056629e-01
2.088000000000000000e+03 1.000000000000000000e+00 1.000000000000000000e+00 1.000000000000000000e+00 5.070296243296449346e-01 5.749052438980388757e-01
2.088000000000000000e+03 9.963214608795596394e-01 9.249781694926179076e-01 1.001547624218296795e+00 5.070296243296449346e-01 5.749052438980388757e-01
2.089000000000000000e+03 1.000000000000000000e+00 1.000000000000000000e+00 1.000000000000000000e+00 4.780205619350353929e-01 2.657947150810020531e-01
2.089000000000000000e+03 9.926429217591193899e-01 8.499563389852358153e-01 1.003095248436593590e+00 4.780205619350353929e-01 2.657947150810020531e-01
2.090000000000000000e+03 1.000000000000000000e+00 1.000000000000000000e+00 1.000000000000000000e+00 8.138553054294774824e-01 4.705456550673755012e-01
2.090000000000000000e+03 9.889643826386791403e-01 7.749345084778537229e-01 1.004642872654890384e+00 8.138553054294774824e-01 4.705456550673755012e-01
2.091000000000000000e+03 1.000000000000000000e+00 1.000000000000000000e+00 1.000000000000000000e+00 3.454447355914815887e-01 5.145045311973047708e-01
2.091000000000000000e+03 9.852858435182387797e-01 6.999126779704716306e-01 1.006190496873187179e+00 3.454447355914815887e-01 5.145045311973047708e-01
2.092000000000000000e+03 1.000000000000000000e+00 1.000000000000000000e+00 1.000000000000000000e+00 4.264869329810765941e-01 5.887400144191553553e-01
2.092000000000000000e+03 9.963214608795596394e-01 9.249781694926179076e-01 1.001547624218296795e+00 4.264869329810765941e-01 5.887400144191553553e-01
2.093000000000000000e+03 1.000000000000000000e+00 1.000000000000000000e+00 1.000000000000000000e+00 6.755840915984184791e-01 2.880467316619089169e-01
2.093000000000000000e+03 9.926429217591193899e-01 8.499563389852358153e-01 1.003095248436593590e+00 6.755840915984184791e-01 2.880467316619089169e-01
2.094000000000000000e+03 1.000000000000000000e+00 1.000000000000000000e+00 1.000000000000000000e+00 3.496533586213768086e-01 3.754514206913290852e-01
2.094000000000000000e+03 9.889643826386791403e-01 7.749345084778537229e-01 1.004642872654890384e+00 3.496533586213768086e-01 3.754514206913290852e-01
2.095000000000000000e+03 1.000000000000000000e+00 1.000000000000000000e+00 1.000000000000000000e+00 5.271333874596875191e-01 5.224775547291758970e-01
2.095000000000000000e+03 9.852858435182387797e-01 6.999126779704716306e-01 1.006190496873187179e+00 5.271333874596875191e-01 5.224775547291758970e-01
2.096000000000000000e+03 1.000000000000000000e+00 1.000000000000000000e+00 1.000000000000000000e+00 5.221997544901887389e-01 5.119976907034633484e-01
2.096000000000000000e+03 9.963214608795596394e-01 9.249781694926179076e-01 1.001547624218296795e+00 5.221997544901887389e-01 5.119976907034633484e-01
2.097000000000000000e+03 1.000000000000000000e+00 1.000000000000000000e+00 1.000000000000000000e+00 3.370414306618036981e-01 4.119302642169916373e-01
2.097000000000000000e+03 9.926429217591193899e-01 8.499563389852358153e-01 1.003095248436593590e+00 3.370414306618036981e-01 4.119302642169916373e-01
2.098000000000000000e+03 1.000000000000000000e+00 1.000000000000000000e+00 1.000000000000000000e+00 6.261057583227807033e-01 2.666620232377998612e-01
2.098000000000000000e+03 9.889643826386791403e-01 7.749345084778537229e-01 1.004642872654890384e+00 6.261057583227807033e-01 2.666620232377998612e-01
2.099000000000000000e+03 1.000000000000000000e+00 1.000000000000000000e+00 1.000000000000000000e+00 4.499662867567641444e-01 5.925791619141924649e-01
2.099000000000000000e+03 9.852858435182387797e-01 6.999126779704716306e-01 1.006190496873187179e+00 4.499662867567641444e-01 5.925791619141924649e-01
