2.000000000000000000e+03 1.000000000000000000e+00 1.000000000000000000e+00 1.000000000000000000e+00 5.271075965560794163e-01 5.223861591840881502e-01
2.000000000000000000e+03 1.003623781262539039e+00 9.986291006626730749e-01 9.063211502274947096e-01 5.271075965560794163e-01 5.223861591840881502e-01
2.001000000000000000e+03 1.000000000000000000e+00 1.000000000000000000e+00 1.000000000000000000e+00 3.495227195620304039e-01 3.757319430181064179e-01
2.001000000000000000e+03 1.007247562525078077e+00 9.972582013253461497e-01 8.126423004549894191e-01 3.495227195620304039e-01 3.757319430181064179e-01
2.002000000000000000e+03 1.000000000000000000e+00 1.000000000000000000e+00 1.000000000000000000e+00 6.752090058807962425e-01 2.878378776210852585e-01
2.002000000000000000e+03 1.010871343787616894e+00 9.958873019880192246e-01 7.189634506824841287e-01 6.752090058807962425e-01 2.878378776210852585e-01
2.003000000000000000e+03 1.000000000000000000e+00 1.000000000000000000e+00 1.000000000000000000e+00 4.266728919170091339e-01 5.887924384970244507e-01
2.003000000000000000e+03 1.014495125050155933e+00 9.945164026506922994e-01 6.252846009099788382e-01 4.266728919170091339e-01 5.887924384970244507e-01
2.004000000000000000e+03 1.000000000000000000e+00 1.000000000000000000e+00 1.000000000000000000e+00 3.455449390307057111e-01 5.147341798222392351e-01
2.004000000000000000e+03 1.003623781262539039e+00 9.986291006626730749e-01 9.063211502274947096e-01 3.455449390307057111e-01 5.147341798222392351e-01
2.005000000000000000e+03 1.000000000000000000e+00 1.000000000000000000e+00 1.000000000000000000e+00 8.137319818480026612e-01 4.700716609250182865e-01
2.005000000000000000e+03 1.007247562525078077e+00 9.972582013253461497e-01 8.126423004549894191e-01 8.137319818480026612e-01 4.700716609250182865e-01
2.006000000000000000e+03 1.000000000000000000e+00 1.000000000000000000e+00 1.000000000000000000e+00 4.776687405513894702e-01 2.659064785913515250e-01
2.006000000000000000e+03 1.010871343787616894e+00 9.958873019880192246e-01 7.189634506824841287e-01 4.776687405513894702e-01 2.659064785913515250e-01
2.007000000000000000e+03 1.000000000000000000e+00 1.000000000000000000e+00 1.000000000000000000e+00 5.071371001958682179e-01 5.748166005299401027e-01
2.007000000000000000e+03 1.014495125050155933e+00 9.945164026506922994e-01 6.252846009099788382e-01 5.071371001958682179e-01 5.748166005299401027e-01
2.008000000000000000e+03 1.000000000000000000e+00 1.000000000000000000e+00 1.000000000000000000e+00 5.258511178404136066e-01 5.487230091482817596e-01
2.008000000000000000e+03 1.003623781262539039e+00 9.986291006626730749e-01 9.063211502274947096e-01 5.258511178404136066e-01 5.487230091482817596e-01
2.009000000000000000e+03 1.000000000000000000e+00 1.000000000000000000e+00 1.000000000000000000e+00 3.991586706338539070e-01 3.099388566652011567e-01
2.009000000000000000e+03 1.007247562525078077e+00 9.972582013253461497e-01 8.126423004549894191e-01 3.991586706338539070e-01 3.099388566652011567e-01
2.010000000000000000e+03 1.000000000000000000e+00 1.000000000000000000e+00 1.000000000000000000e+00 7.607302104280573296e-01 3.616635648709876638e-01
2.010000000000000000e+03 1.010871343787616894e+00 9.958873019880192246e-01 7.189634506824841287e-01 7.607302104280573296e-01 3.616635648709876638e-01
2.011000000000000000e+03 1.000000000000000000e+00 1.000000000000000000e+00 1.000000000000000000e+00 3.806079237584596986e-01 5.633462236032799053e-01
2.011000000000000000e+03 1.014495125050155933e+00 9.945164026506922994e-01 6.252846009099788382e-01 3.806079237584596986e-01 5.633462236032799053e-01
2.012000000000000000e+03 1.000000000000000000e+00 1.000000000000000000e+00 1.000000000000000000e+00 4.720983640498744860e-01 5.909736809487731168e-01
2.012000000000000000e+03 1.003623781262539039e+00 9.986291006626730749e-01 9.063211502274947096e-01 4.720983640498744860e-01 5.909736809487731168e-01
2.013000000000000000e+03 1.000000000000000000e+00 1.000000000000000000e+00 1.000000000000000000e+00 5.748167019812069345e-01 2.560590788352274383e-01
2.013000000000000000e+03 1.007247562525078077e+00 9.972582013253461497e-01 8.126423004549894191e-01 5.748167019812069345e-01 2.560590788352274383e-01
2.014000000000000000e+03 1.000000000000000000e+00 1.000000000000000000e+00 1.000000000000000000e+00 3.325426989432271885e-01 4.486408310343337202e-01
2.014000000000000000e+03 1.010871343787616894e+00 9.958873019880192246e-01 7.189634506824841287e-01 3.325426989432271885e-01 4.486408310343337202e-01
2.015000000000000000e+03 1.000000000000000000e+00 1.000000000000000000e+00 1.000000000000000000e+00 5.144900608407734222e-01 5.044441029345848593e-01
2.015000000000000000e+03 1.014495125050155933e+00 9.945164026506922994e-01 6.252846009099788382e-01 5.144900608407734222e-01 5.044441029345848593e-01
2.016000000000000000e+03 1.000000000000000000e+00 1.000000000000000000e+00 1.000000000000000000e+00 5.099549748184262210e-01 5.020119369838542678e-01
2.016000000000000000e+03 1.003623781262539039e+00 9.986291006626730749e-01 9.063211502274947096e-01 5.099549748184262210e-01 5.020119369838542678e-01
2.017000000000000000e+03 1.000000000000000000e+00 1.000000000000000000e+00 1.000000000000000000e+00 3.332158834266750191e-01 4.662923173012731848e-01
2.017000000000000000e+03 1.007247562525078077e+00 9.972582013253461497e-01 8.126423004549894191e-01 3.332158834266750191e-01 4.662923173012731848e-01
2.018000000000000000e+03 1.000000000000000000e+00 1.000000000000000000e+00 1.000000000000000000e+00 5.495555555561629779e-01 2.548013125492255559e-01
2.018000000000000000e+03 1.010871343787616894e+00 9.958873019880192246e-01 7.189634506824841287e-01 5.495555555561629779e-01 2.548013125492255559e-01
2.019000000000000000e+03 1.000000000000000000e+00 1.000000000000000000e+00 1.000000000000000000e+00 4.821401901587095140e-01 5.883695456958756287e-01
2.019000000000000000e+03 1.014495125050155933e+00 9.945164026506922994e-01 6.252846009099788382e-01 4.821401901587095140e-01 5.883695456958756287e-01
