2.880000000000000000e+03 1.000000000000000000e+00 1.000000000000000000e+00 1.000000000000000000e+00 5.091424084475206779e-01 5.016876766705526958e-01
2.880000000000000000e+03 9.154007163402451130e-01 9.929369453524137246e-01 1.003849597924934445e+00 5.091424084475206779e-01 5.016876766705526958e-01
2.881000000000000000e+03 1.000000000000000000e+00 1.000000000000000000e+00 1.000000000000000000e+00 3.335159739010311597e-01 4.692672660076673274e-01
2.881000000000000000e+03 8.308014326804902261e-01 9.858738907048273381e-01 1.007699195849868889e+00 3.335159739010311597e-01 4.692672660076673274e-01
2.882000000000000000e+03 1.000000000000000000e+00 1.000000000000000000e+00 1.000000000000000000e+00 5.452552626532225499e-01 2.548451650753070230e-01
2.882000000000000000e+03 7.462021490207352281e-01 9.788108360572409516e-01 1.011548793774803112e+00 5.452552626532225499e-01 2.548451650753070230e-01
2.883000000000000000e+03 1.000000000000000000e+00 1.000000000000000000e+00 1.000000000000000000e+00 4.837897946685573713e-01 5.878132172732447591e-01
2.883000000000000000e+03 6.616028653609803412e-01 9.717477814096546762e-01 1.015398391699737557e+00 4.837897946685573713e-01 5.878132172732447591e-01
2.884000000000000000e+03 1.000000000000000000e+00 1.000000000000000000e+00 1.000000000000000000e+00 3.934955120248958549e-01 5.733108172504339795e-01
2.884000000000000000e+03 9.154007163402451130e-01 9.929369453524137246e-01 1.003849597924934445e+00 3.934955120248958549e-01 5.733108172504339795e-01
2.885000000000000000e+03 1.000000000000000000e+00 1.000000000000000000e+00 1.000000000000000000e+00 7.382997697714867025e-01 3.359698149375485166e-01
2.885000000000000000e+03 8.308014326804902261e-01 9.858738907048273381e-01 1.007699195849868889e+00 7.382997697714867025e-01 3.359698149375485166e-01
2.886000000000000000e+03 1.000000000000000000e+00 1.000000000000000000e+00 1.000000000000000000e+00 3.813294988435572686e-01 3.275978711267046317e-01
2.886000000000000000e+03 7.462021490207352281e-01 9.788108360572409516e-01 1.011548793774803112e+00 3.813294988435572686e-01 3.275978711267046317e-01
2.887000000000000000e+03 1.000000000000000000e+00 1.000000000000000000e+00 1.000000000000000000e+00 5.279511333444253385e-01 5.406068470769127554e-01
2.887000000000000000e+03 6.616028653609803412e-01 9.717477814096546762e-01 1.015398391699737557e+00 5.279511333444253385e-01 5.406068470769127554e-01
2.888000000000000000e+03 1.000000000000000000e+00 1.000000000000000000e+00 1.000000000000000000e+00 5.144561494300562421e-01 5.677722408396056464e-01
2.888000000000000000e+03 9.154007163402451130e-01 9.929369453524137246e-01 1.003849597924934445e+00 5.144561494300562421e-01 5.677722408396056464e-01
2.889000000000000000e+03 1.000000000000000000e+00 1.000000000000000000e+00 1.000000000000000000e+00 4.521659542534215981e-01 2.757479967708652557e-01
2.889000000000000000e+03 8.308014326804902261e-01 9.858738907048273381e-01 1.007699195849868889e+00 4.521659542534215981e-01 2.757479967708652557e-01
2.890000000000000000e+03 1.000000000000000000e+00 1.000000000000000000e+00 1.000000000000000000e+00 8.024918844238992932e-01 4.354770060951604904e-01
2.890000000000000000e+03 7.462021490207352281e-01 9.788108360572409516e-01 1.011548793774803112e+00 8.024918844238992932e-01 4.354770060951604904e-01
2.891000000000000000e+03 1.000000000000000000e+00 1.000000000000000000e+00 1.000000000000000000e+00 3.539878779656298047e-01 5.311450975883172942e-01
2.891000000000000000e+03 6.616028653609803412e-01 9.717477814096546762e-01 1.015398391699737557e+00 3.539878779656298047e-01 5.311450975883172942e-01
2.892000000000000000e+03 1.000000000000000000e+00 1.000000000000000000e+00 1.000000000000000000e+00 4.405382891487104047e-01 5.917066618485443685e-01
2.892000000000000000e+03 9.154007163402451130e-01 9.929369453524137246e-01 1.003849597924934445e+00 4.405382891487104047e-01 5.917066618485443685e-01
2.893000000000000000e+03 1.000000000000000000e+00 1.000000000000000000e+00 1.000000000000000000e+00 6.465078751282309355e-01 2.740437002202056327e-01
2.893000000000000000e+03 8.308014326804902261e-01 9.858738907048273381e-01 1.007699195849868889e+00 6.465078751282309355e-01 2.740437002202056327e-01
2.894000000000000000e+03 1.000000000000000000e+00 1.000000000000000000e+00 1.000000000000000000e+00 3.411685191858306321e-01 3.970152070102397346e-01
2.894000000000000000e+03 7.462021490207352281e-01 9.788108360572409516e-01 1.011548793774803112e+00 3.411685191858306321e-01 3.970152070102397346e-01
2.895000000000000000e+03 1.000000000000000000e+00 1.000000000000000000e+00 1.000000000000000000e+00 5.245818428829193136e-01 5.159386287128188142e-01
2.895000000000000000e+03 6.616028653609803412e-01 9.717477814096546762e-01 1.015398391699737557e+00 5.245818428829193136e-01 5.159386287128188142e-01
2.896000000000000000e+03 1.000000000000000000e+00 1.000000000000000000e+00 1.000000000000000000e+00 5.281680502418838463e-01 5.274008271834325079e-01
2.896000000000000000e+03 9.154007163402451130e-01 9.929369453524137246e-01 1.003849597924934445e+00 5.281680502418838463e-01 5.274008271834325079e-01
2.897000000000000000e+03 1.000000000000000000e+00 1.000000000000000000e+00 1.000000000000000000e+00 3.571437451947402364e-01 3.610347710836256940e-01
2.897000000000000000e+03 8.308014326804902261e-01 9.858738907048273381e-01 1.007699195849868889e+00 3.571437451947402364e-01 3.610347710836256940e-01
2.898000000000000000e+03 1.000000000000000000e+00 1.000000000000000000e+00 1.000000000000000000e+00 6.947474297828453160e-01 2.997996429130522777e-01
2.898000000000000000e+03 7.462021490207352281e-01 9.788108360572409516e-01 1.011548793774803112e+00 6.947474297828453160e-01 2.997996429130522777e-01
2.899000000000000000e+03 1.000000000000000000e+00 1.000000000000000000e+00 1.000000000000000000e+00 4.168169719500965931e-01 5.855121525235718050e-01
2.899000000000000000e+03 6.616028653609803412e-01 9.717477814096546762e-01 1.015398391699737557e+00 4.168169719500965931e-01 5.855121525235718050e-01
