3.900000000000000000e+03 1.000000000000000000e+00 1.000000000000000000e+00 1.000000000000000000e+00 4.893010986323472200e-01 5.856625862062363463e-01
3.900000000000000000e+03 9.005548202749045217e-01 1.007774553579576349e+00 9.817856994548075367e-01 4.893010986323472200e-01 5.856625862062363463e-01
3.901000000000000000e+03 1.000000000000000000e+00 1.000000000000000000e+00 1.000000000000000000e+00 5.305281773866146189e-01 2.555709191780425327e-01
3.901000000000000000e+03 8.011096405498090434e-01 1.015549107159152697e+00 9.635713989096150733e-01 5.305281773866146189e-01 2.555709191780425327e-01
3.902000000000000000e+03 1.000000000000000000e+00 1.000000000000000000e+00 1.000000000000000000e+00 3.349541664859031487e-01 4.793864606228662173e-01
3.902000000000000000e+03 7.016644608247136761e-01 1.023323660738729046e+00 9.453570983644226100e-01 3.349541664859031487e-01 4.793864606228662173e-01
3.903000000000000000e+03 1.000000000000000000e+00 1.000000000000000000e+00 1.000000000000000000e+00 5.062793388983757303e-01 5.007842633581718328e-01
3.903000000000000000e+03 6.022192810996181978e-01 1.031098214318305395e+00 9.271427978192301467e-01 5.062793388983757303e-01 5.007842633581718328e-01
3.904000000000000000e+03 1.000000000000000000e+00 1.000000000000000000e+00 1.000000000000000000e+00 5.086958287581548888e-01 5.015226139446592457e-01
3.904000000000000000e+03 9.005548202749045217e-01 1.007774553579576349e+00 9.817856994548075367e-01 5.086958287581548888e-01 5.015226139446592457e-01
3.905000000000000000e+03 1.000000000000000000e+00 1.000000000000000000e+00 1.000000000000000000e+00 3.337018942798867238e-01 4.708816926158534422e-01
3.905000000000000000e+03 8.011096405498090434e-01 1.015549107159152697e+00 9.635713989096150733e-01 3.337018942798867238e-01 4.708816926158534422e-01
3.906000000000000000e+03 1.000000000000000000e+00 1.000000000000000000e+00 1.000000000000000000e+00 5.429161541038900474e-01 2.549007557989074746e-01
3.906000000000000000e+03 7.016644608247136761e-01 1.023323660738729046e+00 9.453570983644226100e-01 5.429161541038900474e-01 2.549007557989074746e-01
3.907000000000000000e+03 1.000000000000000000e+00 1.000000000000000000e+00 1.000000000000000000e+00 4.846795393355970982e-01 5.874969672391341380e-01
3.907000000000000000e+03 6.022192810996181978e-01 1.031098214318305395e+00 9.271427978192301467e-01 4.846795393355970982e-01 5.874969672391341380e-01
3.908000000000000000e+03 1.000000000000000000e+00 1.000000000000000000e+00 1.000000000000000000e+00 3.945584143220380868e-01 5.740186314432564885e-01
3.908000000000000000e+03 9.005548202749045217e-01 1.007774553579576349e+00 9.817856994548075367e-01 3.945584143220380868e-01 5.740186314432564885e-01
3.909000000000000000e+03 1.000000000000000000e+00 1.000000000000000000e+00 1.000000000000000000e+00 7.363963264108095430e-01 3.340528317491088250e-01
3.909000000000000000e+03 8.011096405498090434e-01 1.015549107159152697e+00 9.635713989096150733e-01 7.363963264108095430e-01 3.340528317491088250e-01
3.910000000000000000e+03 1.000000000000000000e+00 1.000000000000000000e+00 1.000000000000000000e+00 3.800171001529261128e-01 3.290810439556142719e-01
3.910000000000000000e+03 7.016644608247136761e-01 1.023323660738729046e+00 9.453570983644226100e-01 3.800171001529261128e-01 3.290810439556142719e-01
3.911000000000000000e+03 1.000000000000000000e+00 1.000000000000000000e+00 1.000000000000000000e+00 5.280543630394392007e-01 5.399642153115380427e-01
3.911000000000000000e+03 6.022192810996181978e-01 1.031098214318305395e+00 9.271427978192301467e-01 5.280543630394392007e-01 5.399642153115380427e-01
3.912000000000000000e+03 1.000000000000000000e+00 1.000000000000000000e+00 1.000000000000000000e+00 5.149772942153518773e-01 5.671788020807339015e-01
3.912000000000000000e+03 9.005548202749045217e-01 1.007774553579576349e+00 9.817856994548075367e-01 5.149772942153518773e-01 5.671788020807339015e-01
3.913000000000000000e+03 1.000000000000000000e+00 1.000000000000000000e+00 1.000000000000000000e+00 4.502060218424907001e-01 2.766552652730198680e-01
3.913000000000000000e+03 8.011096405498090434e-01 1.015549107159152697e+00 9.635713989096150733e-01 4.502060218424907001e-01 2.766552652730198680e-01
3.914000000000000000e+03 1.000000000000000000e+00 1.000000000000000000e+00 1.000000000000000000e+00 8.014277010501031917e-01 4.327976798714119888e-01
3.914000000000000000e+03 7.016644608247136761e-01 1.023323660738729046e+00 9.453570983644226100e-01 8.014277010501031917e-01 4.327976798714119888e-01
3.915000000000000000e+03 1.000000000000000000e+00 1.000000000000000000e+00 1.000000000000000000e+00 3.547382315961430388e-01 5.323856361864305331e-01
3.915000000000000000e+03 6.022192810996181978e-01 1.031098214318305395e+00 9.271427978192301467e-01 3.547382315961430388e-01 5.323856361864305331e-01
3.916000000000000000e+03 1.000000000000000000e+00 1.000000000000000000e+00 1.000000000000000000e+00 4.416362406375869964e-01 5.918544086263798354e-01
3.916000000000000000e+03 9.005548202749045217e-01 1.007774553579576349e+00 9.817856994548075367e-01 4.416362406375869964e-01 5.918544086263798354e-01
3.917000000000000000e+03 1.000000000000000000e+00 1.000000000000000000e+00 1.000000000000000000e+00 6.441706360129670905e-01 2.731004880952094260e-01
3.917000000000000000e+03 8.011096405498090434e-01 1.015549107159152697e+00 9.635713989096150733e-01 6.441706360129670905e-01 2.731004880952094260e-01
3.918000000000000000e+03 1.000000000000000000e+00 1.000000000000000000e+00 1.000000000000000000e+00 3.406230397344147676e-01 3.987328023123099530e-01
3.918000000000000000e+03 7.016644608247136761e-01 1.023323660738729046e+00 9.453570983644226100e-01 3.406230397344147676e-01 3.987328023123099530e-01
3.919000000000000000e+03 1.000000000000000000e+00 1.000000000000000000e+00 1.000000000000000000e+00 5.243318569871745494e-01 5.154603210371360156e-01
3.919000000000000000e+03 6.022192810996181978e-01 1.031098214318305395e+00 9.271427978192301467e-01 5.243318569871745494e-01 5.154603210371360156e-01
