4.800000000000000000e+02 1.000000000000000000e+00 1.000000000000000000e+00 1.000000000000000000e+00 5.103946220638960751e-01 5.022005583720423605e-01
4.800000000000000000e+02 9.039097229835360015e-01 1.018444651283075597e+00 1.012875119334606611e+00 5.103946220638960751e-01 5.022005583720423605e-01
4.810000000000000000e+02 1.000000000000000000e+00 1.000000000000000000e+00 1.000000000000000000e+00 3.330745986209635578e-01 4.646616214372026876e-01
4.810000000000000000e+02 8.078194459670721139e-01 1.036889302566151194e+00 1.025750238669213221e+00 3.330745986209635578e-01 4.646616214372026876e-01
4.820000000000000000e+02 1.000000000000000000e+00 1.000000000000000000e+00 1.000000000000000000e+00 5.519072886581746218e-01 2.548092089633933188e-01
4.820000000000000000e+02 7.117291689506082264e-01 1.055333953849226791e+00 1.038625358003820054e+00 5.519072886581746218e-01 2.548092089633933188e-01
4.830000000000000000e+02 1.000000000000000000e+00 1.000000000000000000e+00 1.000000000000000000e+00 4.812305315325802191e-01 5.886600117214662031e-01
4.830000000000000000e+02 6.156388919341442278e-01 1.073778605132302388e+00 1.051500477338426665e+00 4.812305315325802191e-01 5.886600117214662031e-01
4.840000000000000000e+02 1.000000000000000000e+00 1.000000000000000000e+00 1.000000000000000000e+00 3.905068978368992916e-01 5.712330766126297865e-01
4.840000000000000000e+02 9.039097229835360015e-01 1.018444651283075597e+00 1.012875119334606611e+00 3.905068978368992916e-01 5.712330766126297865e-01
4.850000000000000000e+02 1.000000000000000000e+00 1.000000000000000000e+00 1.000000000000000000e+00 7.436090550518748010e-01 3.415149252398426150e-01
4.850000000000000000e+02 8.078194459670721139e-01 1.036889302566151194e+00 1.025750238669213221e+00 7.436090550518748010e-01 3.415149252398426150e-01
4.860000000000000000e+02 1.000000000000000000e+00 1.000000000000000000e+00 1.000000000000000000e+00 3.851409243136063587e-01 3.234489213925122453e-01
4.860000000000000000e+02 7.117291689506082264e-01 1.055333953849226791e+00 1.038625358003820054e+00 3.851409243136063587e-01 3.234489213925122453e-01
4.870000000000000000e+02 1.000000000000000000e+00 1.000000000000000000e+00 1.000000000000000000e+00 5.276070775388661538e-01 5.424351257187136621e-01
4.870000000000000000e+02 6.156388919341442278e-01 1.073778605132302388e+00 1.051500477338426665e+00 5.276070775388661538e-01 5.424351257187136621e-01
4.880000000000000000e+02 1.000000000000000000e+00 1.000000000000000000e+00 1.000000000000000000e+00 5.129271920868317958e-01 5.694318250498296985e-01
4.880000000000000000e+02 9.039097229835360015e-01 1.018444651283075597e+00 1.012875119334606611e+00 5.129271920868317958e-01 5.694318250498296985e-01
4.890000000000000000e+02 1.000000000000000000e+00 1.000000000000000000e+00 1.000000000000000000e+00 4.577864258403456232e-01 2.732712969611757470e-01
4.890000000000000000e+02 8.078194459670721139e-01 1.036889302566151194e+00 1.025750238669213221e+00 4.577864258403456232e-01 2.732712969611757470e-01
4.900000000000000000e+02 1.000000000000000000e+00 1.000000000000000000e+00 1.000000000000000000e+00 8.053771420333215580e-01 4.431432348039343050e-01
4.900000000000000000e+02 7.117291689506082264e-01 1.055333953849226791e+00 1.038625358003820054e+00 8.053771420333215580e-01 4.431432348039343050e-01
4.910000000000000000e+02 1.000000000000000000e+00 1.000000000000000000e+00 1.000000000000000000e+00 3.519197359556730520e-01 5.275703831232431140e-01
4.910000000000000000e+02 6.156388919341442278e-01 1.073778605132302388e+00 1.051500477338426665e+00 3.519197359556730520e-01 5.275703831232431140e-01
4.920000000000000000e+02 1.000000000000000000e+00 1.000000000000000000e+00 1.000000000000000000e+00 4.374159184320627891e-01 5.912201916205934715e-01
4.920000000000000000e+02 9.039097229835360015e-01 1.018444651283075597e+00 1.012875119334606611e+00 4.374159184320627891e-01 5.912201916205934715e-01
4.930000000000000000e+02 1.000000000000000000e+00 1.000000000000000000e+00 1.000000000000000000e+00 6.531011712933152413e-01 2.768455199338025197e-01
4.930000000000000000e+02 8.078194459670721139e-01 1.036889302566151194e+00 1.025750238669213221e+00 6.531011712933152413e-01 2.768455199338025197e-01
4.940000000000000000e+02 1.000000000000000000e+00 1.000000000000000000e+00 1.000000000000000000e+00 3.428126641566045518e-01 3.921573735693737461e-01
4.940000000000000000e+02 7.117291689506082264e-01 1.055333953849226791e+00 1.038625358003820054e+00 3.428126641566045518e-01 3.921573735693737461e-01
4.950000000000000000e+02 1.000000000000000000e+00 1.000000000000000000e+00 1.000000000000000000e+00 5.252530473977914394e-01 5.173255367052481679e-01
4.950000000000000000e+02 6.156388919341442278e-01 1.073778605132302388e+00 1.051500477338426665e+00 5.252530473977914394e-01 5.173255367052481679e-01
4.960000000000000000e+02 1.000000000000000000e+00 1.000000000000000000e+00 1.000000000000000000e+00 5.189567231911074163e-01 5.081260858262590663e-01
4.960000000000000000e+02 9.039097229835360015e-01 1.018444651283075597e+00 1.012875119334606611e+00 5.189567231911074163e-01 5.081260858262590663e-01
4.970000000000000000e+02 1.000000000000000000e+00 1.000000000000000000e+00 1.000000000000000000e+00 3.339850605384833138e-01 4.288351877639732246e-01
4.970000000000000000e+02 8.078194459670721139e-01 1.036889302566151194e+00 1.025750238669213221e+00 3.339850605384833138e-01 4.288351877639732246e-01
4.980000000000000000e+02 1.000000000000000000e+00 1.000000000000000000e+00 1.000000000000000000e+00 6.026841754409105745e-01 2.604559524032786788e-01
4.980000000000000000e+02 7.117291689506082264e-01 1.055333953849226791e+00 1.038625358003820054e+00 6.026841754409105745e-01 2.604559524032786788e-01
4.990000000000000000e+02 1.000000000000000000e+00 1.000000000000000000e+00 1.000000000000000000e+00 4.603545509688570236e-01 5.924858313263120513e-01
4.990000000000000000e+02 6.156388919341442278e-01 1.073778605132302388e+00 1.051500477338426665e+00 4.603545509688570236e-01 5.924858313263120513e-01
