2.380000000000000000e+03 1.000000000000000000e+00 1.000000000000000000e+00 1.000000000000000000e+00 4.398050892930179256e-01 5.916012435115871604e-01
2.380000000000000000e+03 1.013809496962901457e+00 9.948642832368547184e-01 9.268789434948553341e-01 4.398050892930179256e-01 5.916012435115871604e-01
2.381000000000000000e+03 1.000000000000000000e+00 1.000000000000000000e+00 1.000000000000000000e+00 6.480631766570171814e-01 2.746857509918124718e-01
2.381000000000000000e+03 1.027618993925802915e+00 9.897285664737094368e-01 8.537578869897106681e-01 6.480631766570171814e-01 2.746857509918124718e-01
2.382000000000000000e+03 1.000000000000000000e+00 1.000000000000000000e+00 1.000000000000000000e+00 3.415422537401127112e-01 3.958709563180003999e-01
2.382000000000000000e+03 1.041428490888704150e+00 9.845928497105640442e-01 7.806368304845660022e-01 3.415422537401127112e-01 3.958709563180003999e-01
2.383000000000000000e+03 1.000000000000000000e+00 1.000000000000000000e+00 1.000000000000000000e+00 5.247447407632869210e-01 5.162607777319645486e-01
2.383000000000000000e+03 1.055237987851605608e+00 9.794571329474187626e-01 7.075157739794213363e-01 5.247447407632869210e-01 5.162607777319645486e-01
2.384000000000000000e+03 1.000000000000000000e+00 1.000000000000000000e+00 1.000000000000000000e+00 5.282220508497108558e-01 5.277924168385363934e-01
2.384000000000000000e+03 1.013809496962901457e+00 9.948642832368547184e-01 9.268789434948553341e-01 5.282220508497108558e-01 5.277924168385363934e-01
2.385000000000000000e+03 1.000000000000000000e+00 1.000000000000000000e+00 1.000000000000000000e+00 3.577764498599383947e-01 3.599415680030366715e-01
2.385000000000000000e+03 1.027618993925802915e+00 9.897285664737094368e-01 8.537578869897106681e-01 3.577764498599383947e-01 3.599415680030366715e-01
2.386000000000000000e+03 1.000000000000000000e+00 1.000000000000000000e+00 1.000000000000000000e+00 6.961914395761767960e-01 3.007757002147629644e-01
2.386000000000000000e+03 1.041428490888704150e+00 9.845928497105640442e-01 7.806368304845660022e-01 6.961914395761767960e-01 3.007757002147629644e-01
2.387000000000000000e+03 1.000000000000000000e+00 1.000000000000000000e+00 1.000000000000000000e+00 4.160745755822501390e-01 5.852228004948862861e-01
2.387000000000000000e+03 1.055237987851605608e+00 9.794571329474187626e-01 7.075157739794213363e-01 4.160745755822501390e-01 5.852228004948862861e-01
2.388000000000000000e+03 1.000000000000000000e+00 1.000000000000000000e+00 1.000000000000000000e+00 3.403953196813687132e-01 5.012241765714735564e-01
2.388000000000000000e+03 1.013809496962901457e+00 9.948642832368547184e-01 9.268789434948553341e-01 3.403953196813687132e-01 5.012241765714735564e-01
2.389000000000000000e+03 1.000000000000000000e+00 1.000000000000000000e+00 1.000000000000000000e+00 8.195999741475872291e-01 4.975486508302013888e-01
2.389000000000000000e+03 1.027618993925802915e+00 9.897285664737094368e-01 8.537578869897106681e-01 8.195999741475872291e-01 4.975486508302013888e-01
2.390000000000000000e+03 1.000000000000000000e+00 1.000000000000000000e+00 1.000000000000000000e+00 4.981622371293639162e-01 2.603976727668907976e-01
2.390000000000000000e+03 1.041428490888704150e+00 9.845928497105640442e-01 7.806368304845660022e-01 4.981622371293639162e-01 2.603976727668907976e-01
2.391000000000000000e+03 1.000000000000000000e+00 1.000000000000000000e+00 1.000000000000000000e+00 5.006105902723111400e-01 5.796070334041533156e-01
2.391000000000000000e+03 1.055237987851605608e+00 9.794571329474187626e-01 7.075157739794213363e-01 5.006105902723111400e-01 5.796070334041533156e-01
2.392000000000000000e+03 1.000000000000000000e+00 1.000000000000000000e+00 1.000000000000000000e+00 5.232332411574452946e-01 5.548953011942789892e-01
2.392000000000000000e+03 1.013809496962901457e+00 9.948642832368547184e-01 9.268789434948553341e-01 5.232332411574452946e-01 5.548953011942789892e-01
2.393000000000000000e+03 1.000000000000000000e+00 1.000000000000000000e+00 1.000000000000000000e+00 4.144054509913774886e-01 2.977579401610507270e-01
2.393000000000000000e+03 1.027618993925802915e+00 9.897285664737094368e-01 8.537578869897106681e-01 4.144054509913774886e-01 2.977579401610507270e-01
2.394000000000000000e+03 1.000000000000000000e+00 1.000000000000000000e+00 1.000000000000000000e+00 7.759154391612843593e-01 3.832247970657889358e-01
2.394000000000000000e+03 1.041428490888704150e+00 9.845928497105640442e-01 7.806368304845660022e-01 7.759154391612843593e-01 3.832247970657889358e-01
2.395000000000000000e+03 1.000000000000000000e+00 1.000000000000000000e+00 1.000000000000000000e+00 3.714313194833858134e-01 5.544138950830338475e-01
2.395000000000000000e+03 1.055237987851605608e+00 9.794571329474187626e-01 7.075157739794213363e-01 3.714313194833858134e-01 5.544138950830338475e-01
2.396000000000000000e+03 1.000000000000000000e+00 1.000000000000000000e+00 1.000000000000000000e+00 4.625880955020506002e-01 5.923167210733079058e-01
2.396000000000000000e+03 1.013809496962901457e+00 9.948642832368547184e-01 9.268789434948553341e-01 4.625880955020506002e-01 5.923167210733079058e-01
2.397000000000000000e+03 1.000000000000000000e+00 1.000000000000000000e+00 1.000000000000000000e+00 5.975056930562240298e-01 2.593972830379588923e-01
2.397000000000000000e+03 1.027618993925802915e+00 9.897285664737094368e-01 8.537578869897106681e-01 5.975056930562240298e-01 2.593972830379588923e-01
2.398000000000000000e+03 1.000000000000000000e+00 1.000000000000000000e+00 1.000000000000000000e+00 3.335402809823254655e-01 4.325412012229132852e-01
2.398000000000000000e+03 1.041428490888704150e+00 9.845928497105640442e-01 7.806368304845660022e-01 3.335402809823254655e-01 4.325412012229132852e-01
2.399000000000000000e+03 1.000000000000000000e+00 1.000000000000000000e+00 1.000000000000000000e+00 5.181737231289413881e-01 5.073650102188119737e-01
2.399000000000000000e+03 1.055237987851605608e+00 9.794571329474187626e-01 7.075157739794213363e-01 5.181737231289413881e-01 5.073650102188119737e-01
