9.800000000000000000e+02 1.000000000000000000e+00 1.000000000000000000e+00 1.000000000000000000e+00 3.453448734404915843e-01 5.142746098059609583e-01
9.800000000000000000e+02 9.992835086040765535e-01 9.994651001221750430e-01 9.166666501334901351e-01 3.453448734404915843e-01 5.142746098059609583e-01
9.810000000000000000e+02 1.000000000000000000e+00 1.000000000000000000e+00 1.000000000000000000e+00 8.139779128743339642e-01 4.710199571544977926e-01
9.810000000000000000e+02 9.985670172081529961e-01 9.989302002443500861e-01 8.333333002669802703e-01 8.139779128743339642e-01 4.710199571544977926e-01
9.820000000000000000e+02 1.000000000000000000e+00 1.000000000000000000e+00 1.000000000000000000e+00 4.783726736742684449e-01 2.656834802830787545e-01
9.820000000000000000e+02 9.978505258122294386e-01 9.983953003665250181e-01 7.499999504004705164e-01 4.783726736742684449e-01 2.656834802830787545e-01
9.830000000000000000e+02 1.000000000000000000e+00 1.000000000000000000e+00 1.000000000000000000e+00 5.069218932861903060e-01 5.749937334020955859e-01
9.830000000000000000e+02 9.971340344163059921e-01 9.978604004887000611e-01 6.666666005339606516e-01 5.069218932861903060e-01 5.749937334020955859e-01
9.840000000000000000e+02 1.000000000000000000e+00 1.000000000000000000e+00 1.000000000000000000e+00 5.257743249221655812e-01 5.489403395069611946e-01
9.840000000000000000e+02 9.992835086040765535e-01 9.994651001221750430e-01 9.166666501334901351e-01 5.257743249221655812e-01 5.489403395069611946e-01
9.850000000000000000e+02 1.000000000000000000e+00 1.000000000000000000e+00 1.000000000000000000e+00 3.996694357549596677e-01 3.094921247440887146e-01
9.850000000000000000e+02 9.985670172081529961e-01 9.989302002443500861e-01 8.333333002669802703e-01 3.996694357549596677e-01 3.094921247440887146e-01
9.860000000000000000e+02 1.000000000000000000e+00 1.000000000000000000e+00 1.000000000000000000e+00 7.612916431303862197e-01 3.623913160935223199e-01
9.860000000000000000e+02 9.978505258122294386e-01 9.983953003665250181e-01 7.499999504004705164e-01 7.612916431303862197e-01 3.623913160935223199e-01
9.870000000000000000e+02 1.000000000000000000e+00 1.000000000000000000e+00 1.000000000000000000e+00 3.802758926185637600e-01 5.630524445836029290e-01
9.870000000000000000e+02 9.971340344163059921e-01 9.978604004887000611e-01 6.666666005339606516e-01 3.802758926185637600e-01 5.630524445836029290e-01
9.880000000000000000e+02 1.000000000000000000e+00 1.000000000000000000e+00 1.000000000000000000e+00 4.717731184642796061e-01 5.910368926041438264e-01
9.880000000000000000e+02 9.992835086040765535e-01 9.994651001221750430e-01 9.166666501334901351e-01 4.717731184642796061e-01 5.910368926041438264e-01
9.890000000000000000e+02 1.000000000000000000e+00 1.000000000000000000e+00 1.000000000000000000e+00 5.756110236547000714e-01 2.561405204669328639e-01
9.890000000000000000e+02 9.985670172081529961e-01 9.989302002443500861e-01 8.333333002669802703e-01 5.756110236547000714e-01 2.561405204669328639e-01
9.900000000000000000e+02 1.000000000000000000e+00 1.000000000000000000e+00 1.000000000000000000e+00 3.325518139313945465e-01 4.480810474047897118e-01
9.900000000000000000e+02 9.978505258122294386e-01 9.983953003665250181e-01 7.499999504004705164e-01 3.325518139313945465e-01 4.480810474047897118e-01
9.910000000000000000e+02 1.000000000000000000e+00 1.000000000000000000e+00 1.000000000000000000e+00 5.146255991396820884e-01 5.045348104762304997e-01
9.910000000000000000e+02 9.971340344163059921e-01 9.978604004887000611e-01 6.666666005339606516e-01 5.146255991396820884e-01 5.045348104762304997e-01
9.920000000000000000e+02 1.000000000000000000e+00 1.000000000000000000e+00 1.000000000000000000e+00 5.101018132086311274e-01 5.020738915468090369e-01
9.920000000000000000e+02 9.992835086040765535e-01 9.994651001221750430e-01 9.166666501334901351e-01 5.101018132086311274e-01 5.020738915468090369e-01
9.930000000000000000e+02 1.000000000000000000e+00 1.000000000000000000e+00 1.000000000000000000e+00 3.331670242816984207e-01 4.657493668784562502e-01
9.930000000000000000e+02 9.985670172081529961e-01 9.989302002443500861e-01 8.333333002669802703e-01 3.331670242816984207e-01 4.657493668784562502e-01
9.940000000000000000e+02 1.000000000000000000e+00 1.000000000000000000e+00 1.000000000000000000e+00 5.503390039089111063e-01 2.548014430268631392e-01
9.940000000000000000e+02 9.978505258122294386e-01 9.983953003665250181e-01 7.499999504004705164e-01 5.503390039089111063e-01 2.548014430268631392e-01
9.950000000000000000e+02 1.000000000000000000e+00 1.000000000000000000e+00 1.000000000000000000e+00 4.818377376658236066e-01 5.884673944634664089e-01
9.950000000000000000e+02 9.971340344163059921e-01 9.978604004887000611e-01 6.666666005339606516e-01 4.818377376658236066e-01 5.884673944634664089e-01
9.960000000000000000e+02 1.000000000000000000e+00 1.000000000000000000e+00 1.000000000000000000e+00 3.912069316033373600e-01 5.717315545983012726e-01
9.960000000000000000e+02 9.992835086040765535e-01 9.994651001221750430e-01 9.166666501334901351e-01 3.912069316033373600e-01 5.717315545983012726e-01
9.970000000000000000e+02 1.000000000000000000e+00 1.000000000000000000e+00 1.000000000000000000e+00 7.423711283944833816e-01 3.401951697318418288e-01
9.970000000000000000e+02 9.985670172081529961e-01 9.989302002443500861e-01 8.333333002669802703e-01 7.423711283944833816e-01 3.401951697318418288e-01
9.980000000000000000e+02 1.000000000000000000e+00 1.000000000000000000e+00 1.000000000000000000e+00 3.842318075667702781e-01 3.244179016044269614e-01
9.980000000000000000e+02 9.978505258122294386e-01 9.983953003665250181e-01 7.499999504004705164e-01 3.842318075667702781e-01 3.244179016044269614e-01
9.990000000000000000e+02 1.000000000000000000e+00 1.000000000000000000e+00 1.000000000000000000e+00 5.276949167633728788e-01 5.420040383977522414e-01
9.990000000000000000e+02 9.971340344163059921e-01 9.978604004887000611e-01 6.666666005339606516e-01 5.276949167633728788e-01 5.420040383977522414e-01
