2.140000000000000000e+03 1.000000000000000000e+00 1.000000000000000000e+00 1.000000000000000000e+00 4.666511545232286395e-01 5.918687246129337165e-01
2.140000000000000000e+03 9.091516570750821646e-01 1.016685553766428329e+00 9.928788739636124072e-01 4.666511545232286395e-01 5.918687246129337165e-01
2.141000000000000000e+03 1.000000000000000000e+00 1.000000000000000000e+00 1.000000000000000000e+00 5.879439178480165840e-01 2.577338749016240271e-01
2.141000000000000000e+03 8.183033141501642183e-01 1.033371107532856659e+00 9.857577479272248144e-01 5.879439178480165840e-01 2.577338749016240271e-01
2.142000000000000000e+03 1.000000000000000000e+00 1.000000000000000000e+00 1.000000000000000000e+00 3.329325751443451553e-01 4.393536183376060555e-01
2.142000000000000000e+03 7.274549712252462719e-01 1.050056661299284766e+00 9.786366218908372216e-01 3.329325751443451553e-01 4.393536183376060555e-01
2.143000000000000000e+03 1.000000000000000000e+00 1.000000000000000000e+00 1.000000000000000000e+00 5.166700243702125883e-01 5.060513092911487210e-01
2.143000000000000000e+03 6.366066283003284365e-01 1.066742215065713095e+00 9.715154958544496289e-01 5.166700243702125883e-01 5.060513092911487210e-01
2.144000000000000000e+03 1.000000000000000000e+00 1.000000000000000000e+00 1.000000000000000000e+00 5.123383716545748534e-01 5.031510143690895998e-01
2.144000000000000000e+03 9.091516570750821646e-01 1.016685553766428329e+00 9.928788739636124072e-01 5.123383716545748534e-01 5.031510143690895998e-01
2.145000000000000000e+03 1.000000000000000000e+00 1.000000000000000000e+00 1.000000000000000000e+00 3.326371795811965404e-01 4.572583265640666750e-01
2.145000000000000000e+03 8.183033141501642183e-01 1.033371107532856659e+00 9.857577479272248144e-01 3.326371795811965404e-01 4.572583265640666750e-01
2.146000000000000000e+03 1.000000000000000000e+00 1.000000000000000000e+00 1.000000000000000000e+00 5.625370029693550489e-01 2.551249551990821818e-01
2.146000000000000000e+03 7.274549712252462719e-01 1.050056661299284766e+00 9.786366218908372216e-01 5.625370029693550489e-01 2.551249551990821818e-01
2.147000000000000000e+03 1.000000000000000000e+00 1.000000000000000000e+00 1.000000000000000000e+00 4.770536560974885099e-01 5.898505960366891010e-01
2.147000000000000000e+03 6.366066283003284365e-01 1.066742215065713095e+00 9.715154958544496289e-01 4.770536560974885099e-01 5.898505960366891010e-01
2.148000000000000000e+03 1.000000000000000000e+00 1.000000000000000000e+00 1.000000000000000000e+00 3.858371032547239232e-01 5.677144542425622831e-01
2.148000000000000000e+03 9.091516570750821646e-01 1.016685553766428329e+00 9.928788739636124072e-01 3.858371032547239232e-01 5.677144542425622831e-01
2.149000000000000000e+03 1.000000000000000000e+00 1.000000000000000000e+00 1.000000000000000000e+00 7.517765592139784570e-01 3.506615302843549276e-01
2.149000000000000000e+03 8.183033141501642183e-01 1.033371107532856659e+00 9.857577479272248144e-01 7.517765592139784570e-01 3.506615302843549276e-01
2.150000000000000000e+03 1.000000000000000000e+00 1.000000000000000000e+00 1.000000000000000000e+00 3.914735380208962945e-01 3.170302720203727609e-01
2.150000000000000000e+03 7.274549712252462719e-01 1.050056661299284766e+00 9.786366218908372216e-01 3.914735380208962945e-01 3.170302720203727609e-01
2.151000000000000000e+03 1.000000000000000000e+00 1.000000000000000000e+00 1.000000000000000000e+00 5.269024465060209161e-01 5.453560655109248589e-01
2.151000000000000000e+03 6.366066283003284365e-01 1.066742215065713095e+00 9.715154958544496289e-01 5.269024465060209161e-01 5.453560655109248589e-01
2.152000000000000000e+03 1.000000000000000000e+00 1.000000000000000000e+00 1.000000000000000000e+00 5.103411409434848167e-01 5.719954867379032359e-01
2.152000000000000000e+03 9.091516570750821646e-01 1.016685553766428329e+00 9.928788739636124072e-01 5.103411409434848167e-01 5.719954867379032359e-01
2.153000000000000000e+03 1.000000000000000000e+00 1.000000000000000000e+00 1.000000000000000000e+00 4.669105704934034540e-01 2.696299087086854174e-01
2.153000000000000000e+03 8.183033141501642183e-01 1.033371107532856659e+00 9.857577479272248144e-01 4.669105704934034540e-01 2.696299087086854174e-01
2.154000000000000000e+03 1.000000000000000000e+00 1.000000000000000000e+00 1.000000000000000000e+00 8.095573935680202560e-01 4.555364262118475893e-01
2.154000000000000000e+03 7.274549712252462719e-01 1.050056661299284766e+00 9.786366218908372216e-01 8.095573935680202560e-01 4.555364262118475893e-01
2.155000000000000000e+03 1.000000000000000000e+00 1.000000000000000000e+00 1.000000000000000000e+00 3.488172109853910907e-01 5.217152852250407369e-01
2.155000000000000000e+03 6.366066283003284365e-01 1.066742215065713095e+00 9.715154958544496289e-01 3.488172109853910907e-01 5.217152852250407369e-01
2.156000000000000000e+03 1.000000000000000000e+00 1.000000000000000000e+00 1.000000000000000000e+00 4.324282220631238682e-01 5.902390942612464331e-01
2.156000000000000000e+03 9.091516570750821646e-01 1.016685553766428329e+00 9.928788739636124072e-01 4.324282220631238682e-01 5.902390942612464331e-01
2.157000000000000000e+03 1.000000000000000000e+00 1.000000000000000000e+00 1.000000000000000000e+00 6.634740656809664516e-01 2.816876797879338534e-01
2.157000000000000000e+03 8.183033141501642183e-01 1.033371107532856659e+00 9.857577479272248144e-01 6.634740656809664516e-01 2.816876797879338534e-01
2.158000000000000000e+03 1.000000000000000000e+00 1.000000000000000000e+00 1.000000000000000000e+00 3.457242927633437102e-01 3.844770781910786805e-01
2.158000000000000000e+03 7.274549712252462719e-01 1.050056661299284766e+00 9.786366218908372216e-01 3.457242927633437102e-01 3.844770781910786805e-01
2.159000000000000000e+03 1.000000000000000000e+00 1.000000000000000000e+00 1.000000000000000000e+00 5.262024812858366873e-01 5.196206340648309441e-01
2.159000000000000000e+03 6.366066283003284365e-01 1.066742215065713095e+00 9.715154958544496289e-01 5.262024812858366873e-01 5.196206340648309441e-01
