5.400000000000000000e+02 1.000000000000000000e+00 1.000000000000000000e+00 1.000000000000000000e+00 4.806202802826304299e-01 5.888484967229394851e-01
5.400000000000000000e+02 9.026284108163720177e-01 1.004111156990391773e+00 9.939726924110544592e-01 4.806202802826304299e-01 5.888484967229394851e-01
5.410000000000000000e+02 1.000000000000000000e+00 1.000000000000000000e+00 1.000000000000000000e+00 5.534773709039442213e-01 2.548270004518198295e-01
5.410000000000000000e+02 8.052568216327441464e-01 1.008222313980783547e+00 9.879453848221089185e-01 5.534773709039442213e-01 2.548270004518198295e-01
5.420000000000000000e+02 1.000000000000000000e+00 1.000000000000000000e+00 1.000000000000000000e+00 3.329892518644401167e-01 4.635714546893431320e-01
5.420000000000000000e+02 7.078852324491162751e-01 1.012333470971175098e+00 9.819180772331632667e-01 3.329892518644401167e-01 4.635714546893431320e-01
5.430000000000000000e+02 1.000000000000000000e+00 1.000000000000000000e+00 1.000000000000000000e+00 5.106862453103191424e-01 5.023308941240822723e-01
5.430000000000000000e+02 6.105136432654882928e-01 1.016444627961566871e+00 9.758907696442177260e-01 5.106862453103191424e-01 5.023308941240822723e-01
5.440000000000000000e+02 1.000000000000000000e+00 1.000000000000000000e+00 1.000000000000000000e+00 5.151634956466936144e-01 5.049063536381619421e-01
5.440000000000000000e+02 9.026284108163720177e-01 1.004111156990391773e+00 9.939726924110544592e-01 5.151634956466936144e-01 5.049063536381619421e-01
5.450000000000000000e+02 1.000000000000000000e+00 1.000000000000000000e+00 1.000000000000000000e+00 3.326069009982650648e-01 4.458377039551924548e-01
5.450000000000000000e+02 8.052568216327441464e-01 1.008222313980783547e+00 9.879453848221089185e-01 3.326069009982650648e-01 4.458377039551924548e-01
5.460000000000000000e+02 1.000000000000000000e+00 1.000000000000000000e+00 1.000000000000000000e+00 5.787902672481303190e-01 2.564920993207444044e-01
5.460000000000000000e+02 7.078852324491162751e-01 1.012333470971175098e+00 9.819180772331632667e-01 5.787902672481303190e-01 2.564920993207444044e-01
5.470000000000000000e+02 1.000000000000000000e+00 1.000000000000000000e+00 1.000000000000000000e+00 4.704656751585152286e-01 5.912782973242142193e-01
5.470000000000000000e+02 6.105136432654882928e-01 1.016444627961566871e+00 9.758907696442177260e-01 4.704656751585152286e-01 5.912782973242142193e-01
5.480000000000000000e+02 1.000000000000000000e+00 1.000000000000000000e+00 1.000000000000000000e+00 3.789546266839157185e-01 5.618629251249873668e-01
5.480000000000000000e+02 9.026284108163720177e-01 1.004111156990391773e+00 9.939726924110544592e-01 3.789546266839157185e-01 5.618629251249873668e-01
5.490000000000000000e+02 1.000000000000000000e+00 1.000000000000000000e+00 1.000000000000000000e+00 7.635171690352455798e-01 3.653237009347976016e-01
5.490000000000000000e+02 8.052568216327441464e-01 1.008222313980783547e+00 9.879453848221089185e-01 7.635171690352455798e-01 3.653237009347976016e-01
5.500000000000000000e+02 1.000000000000000000e+00 1.000000000000000000e+00 1.000000000000000000e+00 4.017303879049051174e-01 3.077187288243350971e-01
5.500000000000000000e+02 7.078852324491162751e-01 1.012333470971175098e+00 9.819180772331632667e-01 4.017303879049051174e-01 3.077187288243350971e-01
5.510000000000000000e+02 1.000000000000000000e+00 1.000000000000000000e+00 1.000000000000000000e+00 5.254562381548798511e-01 5.498094754565036046e-01
5.510000000000000000e+02 6.105136432654882928e-01 1.016444627961566871e+00 9.758907696442177260e-01 5.254562381548798511e-01 5.498094754565036046e-01
5.520000000000000000e+02 1.000000000000000000e+00 1.000000000000000000e+00 1.000000000000000000e+00 5.060508851334555303e-01 5.756960414774229262e-01
5.520000000000000000e+02 9.026284108163720177e-01 1.004111156990391773e+00 9.939726924110544592e-01 5.060508851334555303e-01 5.756960414774229262e-01
5.530000000000000000e+02 1.000000000000000000e+00 1.000000000000000000e+00 1.000000000000000000e+00 4.811999247911155630e-01 2.648127106359906002e-01
5.530000000000000000e+02 8.052568216327441464e-01 1.008222313980783547e+00 9.879453848221089185e-01 4.811999247911155630e-01 2.648127106359906002e-01
5.540000000000000000e+02 1.000000000000000000e+00 1.000000000000000000e+00 1.000000000000000000e+00 8.149329133073026643e-01 4.748253297534010819e-01
5.540000000000000000e+02 7.078852324491162751e-01 1.012333470971175098e+00 9.819180772331632667e-01 8.149329133073026643e-01 4.748253297534010819e-01
5.550000000000000000e+02 1.000000000000000000e+00 1.000000000000000000e+00 1.000000000000000000e+00 3.445583345792838648e-01 5.124254801711698448e-01
5.550000000000000000e+02 6.105136432654882928e-01 1.016444627961566871e+00 9.758907696442177260e-01 3.445583345792838648e-01 5.124254801711698448e-01
5.560000000000000000e+02 1.000000000000000000e+00 1.000000000000000000e+00 1.000000000000000000e+00 4.248128616314988393e-01 5.882519015670816254e-01
5.560000000000000000e+02 9.026284108163720177e-01 1.004111156990391773e+00 9.939726924110544592e-01 4.248128616314988393e-01 5.882519015670816254e-01
5.570000000000000000e+02 1.000000000000000000e+00 1.000000000000000000e+00 1.000000000000000000e+00 6.789494425320390381e-01 2.899557167554364101e-01
5.570000000000000000e+02 8.052568216327441464e-01 1.008222313980783547e+00 9.879453848221089185e-01 6.789494425320390381e-01 2.899557167554364101e-01
5.580000000000000000e+02 1.000000000000000000e+00 1.000000000000000000e+00 1.000000000000000000e+00 3.508519075941773924e-01 3.729317095497298729e-01
5.580000000000000000e+02 7.078852324491162751e-01 1.012333470971175098e+00 9.819180772331632667e-01 3.508519075941773924e-01 3.729317095497298729e-01
5.590000000000000000e+02 1.000000000000000000e+00 1.000000000000000000e+00 1.000000000000000000e+00 5.273557107283406431e-01 5.233059862867321943e-01
5.590000000000000000e+02 6.105136432654882928e-01 1.016444627961566871e+00 9.758907696442177260e-01 5.273557107283406431e-01 5.233059862867321943e-01
