4.660000000000000000e+03 1.000000000000000000e+00 1.000000000000000000e+00 1.000000000000000000e+00 3.593864118266806296e-01 5.394941838977184156e-01
4.660000000000000000e+03 9.025911754885586058e-01 9.923786813688829644e-01 9.902631582659572329e-01 3.593864118266806296e-01 5.394941838977184156e-01
4.661000000000000000e+03 1.000000000000000000e+00 1.000000000000000000e+00 1.000000000000000000e+00 7.946529722754632763e-01 4.172407245684343624e-01
4.661000000000000000e+03 8.051823509771172116e-01 9.847573627377659289e-01 9.805263165319144658e-01 7.946529722754632763e-01 4.172407245684343624e-01
4.662000000000000000e+03 1.000000000000000000e+00 1.000000000000000000e+00 1.000000000000000000e+00 4.388732703353580011e-01 2.823667197756086766e-01
4.662000000000000000e+03 7.077735264656758174e-01 9.771360441066488933e-01 9.707894747978715877e-01 4.388732703353580011e-01 2.823667197756086766e-01
4.663000000000000000e+03 1.000000000000000000e+00 1.000000000000000000e+00 1.000000000000000000e+00 5.178616381307947769e-01 5.635938961222474175e-01
4.663000000000000000e+03 6.103647019542344232e-01 9.695147254755318578e-01 9.610526330638288206e-01 5.178616381307947769e-01 5.635938961222474175e-01
4.664000000000000000e+03 1.000000000000000000e+00 1.000000000000000000e+00 1.000000000000000000e+00 5.284733257356999392e-01 5.361981209770809720e-01
4.664000000000000000e+03 9.025911754885586058e-01 9.923786813688829644e-01 9.902631582659572329e-01 5.284733257356999392e-01 5.361981209770809720e-01
4.665000000000000000e+03 1.000000000000000000e+00 1.000000000000000000e+00 1.000000000000000000e+00 3.726066214963383860e-01 3.380448785800663214e-01
4.665000000000000000e+03 8.051823509771172116e-01 9.847573627377659289e-01 9.805263165319144658e-01 3.726066214963383860e-01 3.380448785800663214e-01
4.666000000000000000e+03 1.000000000000000000e+00 1.000000000000000000e+00 1.000000000000000000e+00 7.248336216413601152e-01 3.231465951123575486e-01
4.666000000000000000e+03 7.077735264656758174e-01 9.771360441066488933e-01 9.707894747978715877e-01 7.248336216413601152e-01 3.231465951123575486e-01
4.667000000000000000e+03 1.000000000000000000e+00 1.000000000000000000e+00 1.000000000000000000e+00 4.009233788014926470e-01 5.779333521196807766e-01
4.667000000000000000e+03 6.103647019542344232e-01 9.695147254755318578e-01 9.610526330638288206e-01 4.009233788014926470e-01 5.779333521196807766e-01
4.668000000000000000e+03 1.000000000000000000e+00 1.000000000000000000e+00 1.000000000000000000e+00 4.897935979797258810e-01 5.854472854953461924e-01
4.668000000000000000e+03 9.025911754885586058e-01 9.923786813688829644e-01 9.902631582659572329e-01 4.897935979797258810e-01 5.854472854953461924e-01
4.669000000000000000e+03 1.000000000000000000e+00 1.000000000000000000e+00 1.000000000000000000e+00 5.291829897075380762e-01 2.556820466022761140e-01
4.669000000000000000e+03 8.051823509771172116e-01 9.847573627377659289e-01 9.805263165319144658e-01 5.291829897075380762e-01 2.556820466022761140e-01
4.670000000000000000e+03 1.000000000000000000e+00 1.000000000000000000e+00 1.000000000000000000e+00 3.351173805534649608e-01 4.803053041360938469e-01
4.670000000000000000e+03 7.077735264656758174e-01 9.771360441066488933e-01 9.707894747978715877e-01 3.351173805534649608e-01 4.803053041360938469e-01
4.671000000000000000e+03 1.000000000000000000e+00 1.000000000000000000e+00 1.000000000000000000e+00 5.060119515441573457e-01 5.007181081766420849e-01
4.671000000000000000e+03 6.103647019542344232e-01 9.695147254755318578e-01 9.610526330638288206e-01 5.060119515441573457e-01 5.007181081766420849e-01
4.672000000000000000e+03 1.000000000000000000e+00 1.000000000000000000e+00 1.000000000000000000e+00 5.084342890527224768e-01 5.014301910354149738e-01
4.672000000000000000e+03 9.025911754885586058e-01 9.923786813688829644e-01 9.902631582659572329e-01 5.084342890527224768e-01 5.014301910354149738e-01
4.673000000000000000e+03 1.000000000000000000e+00 1.000000000000000000e+00 1.000000000000000000e+00 3.338175467465861468e-01 4.718206652154533498e-01
4.673000000000000000e+03 8.051823509771172116e-01 9.847573627377659289e-01 9.805263165319144658e-01 3.338175467465861468e-01 4.718206652154533498e-01
4.674000000000000000e+03 1.000000000000000000e+00 1.000000000000000000e+00 1.000000000000000000e+00 5.415539066591125161e-01 2.549434646462404030e-01
4.674000000000000000e+03 7.077735264656758174e-01 9.771360441066488933e-01 9.707894747978715877e-01 5.415539066591125161e-01 2.549434646462404030e-01
4.675000000000000000e+03 1.000000000000000000e+00 1.000000000000000000e+00 1.000000000000000000e+00 4.851952370900191602e-01 5.873083711530682205e-01
4.675000000000000000e+03 6.103647019542344232e-01 9.695147254755318578e-01 9.610526330638288206e-01 4.851952370900191602e-01 5.873083711530682205e-01
4.676000000000000000e+03 1.000000000000000000e+00 1.000000000000000000e+00 1.000000000000000000e+00 3.951802860653113592e-01 5.744253669717032107e-01
4.676000000000000000e+03 9.025911754885586058e-01 9.923786813688829644e-01 9.902631582659572329e-01 3.951802860653113592e-01 5.744253669717032107e-01
4.677000000000000000e+03 1.000000000000000000e+00 1.000000000000000000e+00 1.000000000000000000e+00 7.352790114966712975e-01 3.329443373382037219e-01
4.677000000000000000e+03 8.051823509771172116e-01 9.847573627377659289e-01 9.805263165319144658e-01 7.352790114966712975e-01 3.329443373382037219e-01
4.678000000000000000e+03 1.000000000000000000e+00 1.000000000000000000e+00 1.000000000000000000e+00 3.792594851832502556e-01 3.299506372843200031e-01
4.678000000000000000e+03 7.077735264656758174e-01 9.771360441066488933e-01 9.707894747978715877e-01 3.792594851832502556e-01 3.299506372843200031e-01
4.679000000000000000e+03 1.000000000000000000e+00 1.000000000000000000e+00 1.000000000000000000e+00 5.281102191266566770e-01 5.395900651536973403e-01
4.679000000000000000e+03 6.103647019542344232e-01 9.695147254755318578e-01 9.610526330638288206e-01 5.281102191266566770e-01 5.395900651536973403e-01
