7.600000000000000000e+02 1.000000000000000000e+00 1.000000000000000000e+00 1.000000000000000000e+00 5.285226609320836655e-01 5.310844489995140139e-01
7.600000000000000000e+02 9.993213823761883940e-01 1.002566830687819710e+00 9.229852282073115477e-01 5.285226609320836655e-01 5.310844489995140139e-01
7.610000000000000000e+02 1.000000000000000000e+00 1.000000000000000000e+00 1.000000000000000000e+00 3.633025064958658179e-01 3.510248999801067749e-01
7.610000000000000000e+02 9.986427647523767881e-01 1.005133661375639198e+00 8.459704564146230954e-01 3.633025064958658179e-01 3.510248999801067749e-01
7.620000000000000000e+02 1.000000000000000000e+00 1.000000000000000000e+00 1.000000000000000000e+00 7.079204255300828308e-01 3.092150902098405041e-01
7.620000000000000000e+02 9.979641471285650711e-01 1.007700492063458686e+00 7.689556846219345321e-01 7.079204255300828308e-01 3.092150902098405041e-01
7.630000000000000000e+02 1.000000000000000000e+00 1.000000000000000000e+00 1.000000000000000000e+00 4.099702254902963805e-01 5.826100772181088683e-01
7.630000000000000000e+02 9.972855295047534652e-01 1.010267322751278396e+00 6.919409128292460798e-01 4.099702254902963805e-01 5.826100772181088683e-01
7.640000000000000000e+02 1.000000000000000000e+00 1.000000000000000000e+00 1.000000000000000000e+00 4.964710120081595734e-01 5.821117007496705575e-01
7.640000000000000000e+02 9.993213823761883940e-01 1.002566830687819710e+00 9.229852282073115477e-01 4.964710120081595734e-01 5.821117007496705575e-01
7.650000000000000000e+02 1.000000000000000000e+00 1.000000000000000000e+00 1.000000000000000000e+00 5.103991091014309367e-01 2.580358628099062024e-01
7.650000000000000000e+02 9.986427647523767881e-01 1.005133661375639198e+00 8.459704564146230954e-01 5.103991091014309367e-01 2.580358628099062024e-01
7.660000000000000000e+02 1.000000000000000000e+00 1.000000000000000000e+00 1.000000000000000000e+00 3.379620810301178224e-01 4.930359514533643184e-01
7.660000000000000000e+02 9.979641471285650711e-01 1.007700492063458686e+00 7.689556846219345321e-01 3.379620810301178224e-01 4.930359514533643184e-01
7.670000000000000000e+02 1.000000000000000000e+00 1.000000000000000000e+00 1.000000000000000000e+00 5.021854825294589375e-01 5.000939274370451715e-01
7.670000000000000000e+02 9.972855295047534652e-01 1.010267322751278396e+00 6.919409128292460798e-01 5.021854825294589375e-01 5.000939274370451715e-01
7.680000000000000000e+02 1.000000000000000000e+00 1.000000000000000000e+00 1.000000000000000000e+00 5.015617647148454816e-01 5.000479293799634517e-01
7.680000000000000000e+02 9.993213823761883940e-01 1.002566830687819710e+00 9.229852282073115477e-01 5.015617647148454816e-01 5.000479293799634517e-01
7.690000000000000000e+02 1.000000000000000000e+00 1.000000000000000000e+00 1.000000000000000000e+00 3.385135284849796200e-01 4.950441021117746310e-01
7.690000000000000000e+02 9.986427647523767881e-01 1.005133661375639198e+00 8.459704564146230954e-01 3.385135284849796200e-01 4.950441021117746310e-01
7.700000000000000000e+02 1.000000000000000000e+00 1.000000000000000000e+00 1.000000000000000000e+00 5.074098821423561612e-01 2.585511750848921708e-01
7.700000000000000000e+02 9.979641471285650711e-01 1.007700492063458686e+00 7.689556846219345321e-01 5.074098821423561612e-01 2.585511750848921708e-01
7.710000000000000000e+02 1.000000000000000000e+00 1.000000000000000000e+00 1.000000000000000000e+00 4.974980863659055896e-01 5.815241181149328753e-01
7.710000000000000000e+02 9.972855295047534652e-01 1.010267322751278396e+00 6.919409128292460798e-01 4.974980863659055896e-01 5.815241181149328753e-01
7.720000000000000000e+02 1.000000000000000000e+00 1.000000000000000000e+00 1.000000000000000000e+00 4.114460475361376157e-01 5.832804833636189290e-01
7.720000000000000000e+02 9.993213823761883940e-01 1.002566830687819710e+00 9.229852282073115477e-01 4.114460475361376157e-01 5.832804833636189290e-01
7.730000000000000000e+02 1.000000000000000000e+00 1.000000000000000000e+00 1.000000000000000000e+00 7.051082549355782714e-01 3.071061297927489275e-01
7.730000000000000000e+02 9.986427647523767881e-01 1.005133661375639198e+00 8.459704564146230954e-01 7.051082549355782714e-01 3.071061297927489275e-01
7.740000000000000000e+02 1.000000000000000000e+00 1.000000000000000000e+00 1.000000000000000000e+00 3.619128232145650825e-01 3.531688963002795889e-01
7.740000000000000000e+02 9.979641471285650711e-01 1.007700492063458686e+00 7.689556846219345321e-01 3.619128232145650825e-01 3.531688963002795889e-01
7.750000000000000000e+02 1.000000000000000000e+00 1.000000000000000000e+00 1.000000000000000000e+00 5.284737899418028295e-01 5.302768012280043575e-01
7.750000000000000000e+02 9.972855295047534652e-01 1.010267322751278396e+00 6.919409128292460798e-01 5.284737899418028295e-01 5.302768012280043575e-01
7.760000000000000000e+02 1.000000000000000000e+00 1.000000000000000000e+00 1.000000000000000000e+00 5.218031920336989593e-01 5.575722348306164644e-01
7.760000000000000000e+02 9.993213823761883940e-01 1.002566830687819710e+00 9.229852282073115477e-01 5.218031920336989593e-01 5.575722348306164644e-01
7.770000000000000000e+02 1.000000000000000000e+00 1.000000000000000000e+00 1.000000000000000000e+00 4.215306438990226168e-01 2.927984035791519335e-01
7.770000000000000000e+02 9.986427647523767881e-01 1.005133661375639198e+00 8.459704564146230954e-01 4.215306438990226168e-01 2.927984035791519335e-01
7.780000000000000000e+02 1.000000000000000000e+00 1.000000000000000000e+00 1.000000000000000000e+00 7.820162772159637843e-01 3.931975618653833493e-01
7.780000000000000000e+02 9.979641471285650711e-01 1.007700492063458686e+00 7.689556846219345321e-01 7.820162772159637843e-01 3.931975618653833493e-01
7.790000000000000000e+02 1.000000000000000000e+00 1.000000000000000000e+00 1.000000000000000000e+00 3.676130843742677623e-01 5.501362740673382268e-01
7.790000000000000000e+02 9.972855295047534652e-01 1.010267322751278396e+00 6.919409128292460798e-01 3.676130843742677623e-01 5.501362740673382268e-01
