1.560000000000000000e+03 1.000000000000000000e+00 1.000000000000000000e+00 1.000000000000000000e+00 5.275615632939012478e-01 5.426508567365155855e-01
1.560000000000000000e+03 1.014088339651889381e+00 9.953162679276960079e-01 9.099174060451151735e-01 5.275615632939012478e-01 5.426508567365155855e-01
1.561000000000000000e+03 1.000000000000000000e+00 1.000000000000000000e+00 1.000000000000000000e+00 3.855983111277762054e-01 3.229661361921244978e-01
1.561000000000000000e+03 1.028176679303778762e+00 9.906325358553920157e-01 8.198348120902304581e-01 3.855983111277762054e-01 3.229661361921244978e-01
1.562000000000000000e+03 1.000000000000000000e+00 1.000000000000000000e+00 1.000000000000000000e+00 7.442253673435554884e-01 3.421782483386149876e-01
1.562000000000000000e+03 1.042265018955667921e+00 9.859488037830881346e-01 7.297522181353457427e-01 7.442253673435554884e-01 3.421782483386149876e-01
1.563000000000000000e+03 1.000000000000000000e+00 1.000000000000000000e+00 1.000000000000000000e+00 3.901576397278044284e-01 5.709816260830624657e-01
1.563000000000000000e+03 1.056353358607557302e+00 9.812650717107841425e-01 6.396696241804609162e-01 3.901576397278044284e-01 5.709816260830624657e-01
1.564000000000000000e+03 1.000000000000000000e+00 1.000000000000000000e+00 1.000000000000000000e+00 4.809257848081948672e-01 5.887547726400063075e-01
1.564000000000000000e+03 1.014088339651889381e+00 9.953162679276960079e-01 9.099174060451151735e-01 4.809257848081948672e-01 5.887547726400063075e-01
1.565000000000000000e+03 1.000000000000000000e+00 1.000000000000000000e+00 1.000000000000000000e+00 5.526921090926802949e-01 2.548168501080720905e-01
1.565000000000000000e+03 1.028176679303778762e+00 9.906325358553920157e-01 8.198348120902304581e-01 5.526921090926802949e-01 2.548168501080720905e-01
1.566000000000000000e+03 1.000000000000000000e+00 1.000000000000000000e+00 1.000000000000000000e+00 3.330310387340328915e-01 4.641168378577573139e-01
1.566000000000000000e+03 1.042265018955667921e+00 9.859488037830881346e-01 7.297522181353457427e-01 3.330310387340328915e-01 4.641168378577573139e-01
1.567000000000000000e+03 1.000000000000000000e+00 1.000000000000000000e+00 1.000000000000000000e+00 5.105405840140454510e-01 5.022652682413675240e-01
1.567000000000000000e+03 1.056353358607557302e+00 9.812650717107841425e-01 6.396696241804609162e-01 5.105405840140454510e-01 5.022652682413675240e-01
1.568000000000000000e+03 1.000000000000000000e+00 1.000000000000000000e+00 1.000000000000000000e+00 5.150296681694838119e-01 5.048121644067617986e-01
1.568000000000000000e+03 1.014088339651889381e+00 9.953162679276960079e-01 9.099174060451151735e-01 5.150296681694838119e-01 5.048121644067617986e-01
1.569000000000000000e+03 1.000000000000000000e+00 1.000000000000000000e+00 1.000000000000000000e+00 3.325903297953536342e-01 4.463991588355737949e-01
1.569000000000000000e+03 1.028176679303778762e+00 9.906325358553920157e-01 8.198348120902304581e-01 3.325903297953536342e-01 4.463991588355737949e-01
1.570000000000000000e+03 1.000000000000000000e+00 1.000000000000000000e+00 1.000000000000000000e+00 5.779951795432582973e-01 2.564003287777723017e-01
1.570000000000000000e+03 1.042265018955667921e+00 9.859488037830881346e-01 7.297522181353457427e-01 5.779951795432582973e-01 2.564003287777723017e-01
1.571000000000000000e+03 1.000000000000000000e+00 1.000000000000000000e+00 1.000000000000000000e+00 4.707934972144059982e-01 5.912196691870650334e-01
1.571000000000000000e+03 1.056353358607557302e+00 9.812650717107841425e-01 6.396696241804609162e-01 4.707934972144059982e-01 5.912196691870650334e-01
1.572000000000000000e+03 1.000000000000000000e+00 1.000000000000000000e+00 1.000000000000000000e+00 3.792839029316088517e-01 5.621624626292850424e-01
1.572000000000000000e+03 1.014088339651889381e+00 9.953162679276960079e-01 9.099174060451151735e-01 3.792839029316088517e-01 5.621624626292850424e-01
1.573000000000000000e+03 1.000000000000000000e+00 1.000000000000000000e+00 1.000000000000000000e+00 7.629638340051374534e-01 3.645874087948944853e-01
1.573000000000000000e+03 1.028176679303778762e+00 9.906325358553920157e-01 8.198348120902304581e-01 7.629638340051374534e-01 3.645874087948944853e-01
1.574000000000000000e+03 1.000000000000000000e+00 1.000000000000000000e+00 1.000000000000000000e+00 4.012124730828046659e-01 3.081600344632356991e-01
1.574000000000000000e+03 1.042265018955667921e+00 9.859488037830881346e-01 7.297522181353457427e-01 4.012124730828046659e-01 3.081600344632356991e-01
1.575000000000000000e+03 1.000000000000000000e+00 1.000000000000000000e+00 1.000000000000000000e+00 5.255373983413749173e-01 5.495922286000179957e-01
1.575000000000000000e+03 1.056353358607557302e+00 9.812650717107841425e-01 6.396696241804609162e-01 5.255373983413749173e-01 5.495922286000179957e-01
1.576000000000000000e+03 1.000000000000000000e+00 1.000000000000000000e+00 1.000000000000000000e+00 5.062701606728823300e-01 5.755214071419404442e-01
1.576000000000000000e+03 1.014088339651889381e+00 9.953162679276960079e-01 9.099174060451151735e-01 5.062701606728823300e-01 5.755214071419404442e-01
1.577000000000000000e+03 1.000000000000000000e+00 1.000000000000000000e+00 1.000000000000000000e+00 4.804913969992175016e-01 2.650272095315707732e-01
1.577000000000000000e+03 1.028176679303778762e+00 9.906325358553920157e-01 8.198348120902304581e-01 4.804913969992175016e-01 2.650272095315707732e-01
1.578000000000000000e+03 1.000000000000000000e+00 1.000000000000000000e+00 1.000000000000000000e+00 8.146984821316736181e-01 4.738721758352674174e-01
1.578000000000000000e+03 1.042265018955667921e+00 9.859488037830881346e-01 7.297522181353457427e-01 8.146984821316736181e-01 4.738721758352674174e-01
1.579000000000000000e+03 1.000000000000000000e+00 1.000000000000000000e+00 1.000000000000000000e+00 3.447529011948151090e-01 5.128893818368324142e-01
1.579000000000000000e+03 1.056353358607557302e+00 9.812650717107841425e-01 6.396696241804609162e-01 3.447529011948151090e-01 5.128893818368324142e-01
