1.620000000000000000e+03 1.000000000000000000e+00 1.000000000000000000e+00 1.000000000000000000e+00 3.418088746227058161e-01 5.053405948571009221e-01
1.620000000000000000e+03 8.865880365001334029e-01 1.000104561032651329e+00 1.008789426719534310e+00 3.418088746227058161e-01 5.053405948571009221e-01
1.621000000000000000e+03 1.000000000000000000e+00 1.000000000000000000e+00 1.000000000000000000e+00 8.181000221061680566e-01 4.892608176466786696e-01
1.621000000000000000e+03 7.731760730002668058e-01 1.000209122065302658e+00 1.017578853439068620e+00 8.181000221061680566e-01 4.892608176466786696e-01
1.622000000000000000e+03 1.000000000000000000e+00 1.000000000000000000e+00 1.000000000000000000e+00 4.919601113947889015e-01 2.618544262582688797e-01
1.622000000000000000e+03 6.597641095004000977e-01 1.000313683097953765e+00 1.026368280158603152e+00 4.919601113947889015e-01 2.618544262582688797e-01
1.623000000000000000e+03 1.000000000000000000e+00 1.000000000000000000e+00 1.000000000000000000e+00 5.026413011089906346e-01 5.782366770128571920e-01
1.623000000000000000e+03 5.463521460005335006e-01 1.000418244130605094e+00 1.035157706878137462e+00 5.026413011089906346e-01 5.782366770128571920e-01
1.624000000000000000e+03 1.000000000000000000e+00 1.000000000000000000e+00 1.000000000000000000e+00 5.241073578851462855e-01 5.530616565644155269e-01
1.624000000000000000e+03 8.865880365001334029e-01 1.000104561032651329e+00 1.008789426719534310e+00 5.241073578851462855e-01 5.530616565644155269e-01
1.625000000000000000e+03 1.000000000000000000e+00 1.000000000000000000e+00 1.000000000000000000e+00 4.097105121567040653e-01 3.012677366742938512e-01
1.625000000000000000e+03 7.731760730002668058e-01 1.000209122065302658e+00 1.017578853439068620e+00 4.097105121567040653e-01 3.012677366742938512e-01
1.626000000000000000e+03 1.000000000000000000e+00 1.000000000000000000e+00 1.000000000000000000e+00 7.715675667063515153e-01 3.766194471776292407e-01
1.626000000000000000e+03 6.597641095004000977e-01 1.000313683097953765e+00 1.026368280158603152e+00 7.715675667063515153e-01 3.766194471776292407e-01
1.627000000000000000e+03 1.000000000000000000e+00 1.000000000000000000e+00 1.000000000000000000e+00 3.741030400549391621e-01 5.571984228642210546e-01
1.627000000000000000e+03 5.463521460005335006e-01 1.000418244130605094e+00 1.035157706878137462e+00 3.741030400549391621e-01 5.571984228642210546e-01
1.628000000000000000e+03 1.000000000000000000e+00 1.000000000000000000e+00 1.000000000000000000e+00 4.654745088159653599e-01 5.920173601015789044e-01
1.628000000000000000e+03 8.865880365001334029e-01 1.000104561032651329e+00 1.008789426719534310e+00 4.654745088159653599e-01 5.920173601015789044e-01
1.629000000000000000e+03 1.000000000000000000e+00 1.000000000000000000e+00 1.000000000000000000e+00 5.907323321577252484e-01 2.581801331511764941e-01
1.629000000000000000e+03 7.731760730002668058e-01 1.000209122065302658e+00 1.017578853439068620e+00 5.907323321577252484e-01 2.581801331511764941e-01
1.630000000000000000e+03 1.000000000000000000e+00 1.000000000000000000e+00 1.000000000000000000e+00 3.330813865247987948e-01 4.373710883291200280e-01
1.630000000000000000e+03 6.597641095004000977e-01 1.000313683097953765e+00 1.026368280158603152e+00 3.330813865247987948e-01 4.373710883291200280e-01
1.631000000000000000e+03 1.000000000000000000e+00 1.000000000000000000e+00 1.000000000000000000e+00 5.171161067279566037e-01 5.064220706971892527e-01
1.631000000000000000e+03 5.463521460005335006e-01 1.000418244130605094e+00 1.035157706878137462e+00 5.171161067279566037e-01 5.064220706971892527e-01
1.632000000000000000e+03 1.000000000000000000e+00 1.000000000000000000e+00 1.000000000000000000e+00 5.128322109832593734e-01 5.034243193255911741e-01
1.632000000000000000e+03 8.865880365001334029e-01 1.000104561032651329e+00 1.008789426719534310e+00 5.128322109832593734e-01 5.034243193255911741e-01
1.633000000000000000e+03 1.000000000000000000e+00 1.000000000000000000e+00 1.000000000000000000e+00 3.325773884654745771e-01 4.553227043284634457e-01
1.633000000000000000e+03 7.731760730002668058e-01 1.000209122065302658e+00 1.017578853439068620e+00 3.325773884654745771e-01 4.553227043284634457e-01
1.634000000000000000e+03 1.000000000000000000e+00 1.000000000000000000e+00 1.000000000000000000e+00 5.653037838445093000e-01 2.552821881898416079e-01
1.634000000000000000e+03 6.597641095004000977e-01 1.000313683097953765e+00 1.026368280158603152e+00 5.653037838445093000e-01 2.552821881898416079e-01
1.635000000000000000e+03 1.000000000000000000e+00 1.000000000000000000e+00 1.000000000000000000e+00 4.759491925014361358e-01 5.901274112588923426e-01
1.635000000000000000e+03 5.463521460005335006e-01 1.000418244130605094e+00 1.035157706878137462e+00 4.759491925014361358e-01 5.901274112588923426e-01
1.636000000000000000e+03 1.000000000000000000e+00 1.000000000000000000e+00 1.000000000000000000e+00 3.846432622891788888e-01 5.667586299011544426e-01
1.636000000000000000e+03 8.865880365001334029e-01 1.000104561032651329e+00 1.008789426719534310e+00 3.846432622891788888e-01 5.667586299011544426e-01
1.637000000000000000e+03 1.000000000000000000e+00 1.000000000000000000e+00 1.000000000000000000e+00 7.538389175653121832e-01 3.530997088810469697e-01
1.637000000000000000e+03 7.731760730002668058e-01 1.000209122065302658e+00 1.017578853439068620e+00 7.538389175653121832e-01 3.530997088810469697e-01
1.638000000000000000e+03 1.000000000000000000e+00 1.000000000000000000e+00 1.000000000000000000e+00 3.931705394899462358e-01 3.154021723619333528e-01
1.638000000000000000e+03 6.597641095004000977e-01 1.000313683097953765e+00 1.026368280158603152e+00 3.931705394899462358e-01 3.154021723619333528e-01
1.639000000000000000e+03 1.000000000000000000e+00 1.000000000000000000e+00 1.000000000000000000e+00 5.266877992922551766e-01 5.461156477835755751e-01
1.639000000000000000e+03 5.463521460005335006e-01 1.000418244130605094e+00 1.035157706878137462e+00 5.266877992922551766e-01 5.461156477835755751e-01
