4.180000000000000000e+03 1.000000000000000000e+00 1.000000000000000000e+00 1.000000000000000000e+00 3.425552905663641901e-01 5.073716529196746761e-01
4.180000000000000000e+03 9.979113487252213588e-01 9.953891019227119052e-01 8.868319189633360189e-01 3.425552905663641901e-01 5.073716529196746761e-01
4.181000000000000000e+03 1.000000000000000000e+00 1.000000000000000000e+00 1.000000000000000000e+00 8.172696238921667300e-01 4.851452515762392226e-01
4.181000000000000000e+03 9.958226974504426066e-01 9.907782038454238105e-01 7.736638379266719268e-01 8.172696238921667300e-01 4.851452515762392226e-01
4.182000000000000000e+03 1.000000000000000000e+00 1.000000000000000000e+00 1.000000000000000000e+00 4.888867993282822733e-01 2.626428333370987023e-01
4.182000000000000000e+03 9.937340461756638543e-01 9.861673057681358268e-01 6.604957568900078346e-01 4.888867993282822733e-01 2.626428333370987023e-01
4.183000000000000000e+03 1.000000000000000000e+00 1.000000000000000000e+00 1.000000000000000000e+00 5.036301051676316254e-01 5.775322522043703222e-01
4.183000000000000000e+03 9.916453949008852131e-01 9.815564076908477320e-01 5.473276758533438535e-01 5.036301051676316254e-01 5.775322522043703222e-01
4.184000000000000000e+03 1.000000000000000000e+00 1.000000000000000000e+00 1.000000000000000000e+00 5.245146100554900492e-01 5.521418659930522610e-01
4.184000000000000000e+03 9.979113487252213588e-01 9.953891019227119052e-01 8.868319189633360189e-01 5.245146100554900492e-01 5.521418659930522610e-01
4.185000000000000000e+03 1.000000000000000000e+00 1.000000000000000000e+00 1.000000000000000000e+00 4.074095643260101651e-01 3.030628234255631770e-01
4.185000000000000000e+03 9.958226974504426066e-01 9.907782038454238105e-01 7.736638379266719268e-01 4.074095643260101651e-01 3.030628234255631770e-01
4.186000000000000000e+03 1.000000000000000000e+00 1.000000000000000000e+00 1.000000000000000000e+00 7.693348318651290763e-01 3.733716515167602723e-01
4.186000000000000000e+03 9.937340461756638543e-01 9.861673057681358268e-01 6.604957568900078346e-01 7.693348318651290763e-01 3.733716515167602723e-01
4.187000000000000000e+03 1.000000000000000000e+00 1.000000000000000000e+00 1.000000000000000000e+00 3.754604787162554302e-01 5.585525228647399976e-01
4.187000000000000000e+03 9.916453949008852131e-01 9.815564076908477320e-01 5.473276758533438535e-01 3.754604787162554302e-01 5.585525228647399976e-01
4.188000000000000000e+03 1.000000000000000000e+00 1.000000000000000000e+00 1.000000000000000000e+00 4.669023629643746509e-01 5.918349700172442773e-01
4.188000000000000000e+03 9.979113487252213588e-01 9.953891019227119052e-01 8.868319189633360189e-01 4.669023629643746509e-01 5.918349700172442773e-01
4.189000000000000000e+03 1.000000000000000000e+00 1.000000000000000000e+00 1.000000000000000000e+00 5.873465051020205774e-01 2.576424060569323382e-01
4.189000000000000000e+03 9.958226974504426066e-01 9.907782038454238105e-01 7.736638379266719268e-01 5.873465051020205774e-01 2.576424060569323382e-01
4.190000000000000000e+03 1.000000000000000000e+00 1.000000000000000000e+00 1.000000000000000000e+00 3.329037180198440304e-01 4.397779289311771200e-01
4.190000000000000000e+03 9.937340461756638543e-01 9.861673057681358268e-01 6.604957568900078346e-01 3.329037180198440304e-01 4.397779289311771200e-01
4.191000000000000000e+03 1.000000000000000000e+00 1.000000000000000000e+00 1.000000000000000000e+00 5.165736580543326406e-01 5.059732030024277627e-01
4.191000000000000000e+03 9.916453949008852131e-01 9.815564076908477320e-01 5.473276758533438535e-01 5.165736580543326406e-01 5.059732030024277627e-01
4.192000000000000000e+03 1.000000000000000000e+00 1.000000000000000000e+00 1.000000000000000000e+00 5.122319796606783493e-01 5.030938800867048588e-01
4.192000000000000000e+03 9.979113487252213588e-01 9.953891019227119052e-01 8.868319189633360189e-01 5.122319796606783493e-01 5.030938800867048588e-01
4.193000000000000000e+03 1.000000000000000000e+00 1.000000000000000000e+00 1.000000000000000000e+00 3.326528850757356492e-01 4.576722721264748217e-01
4.193000000000000000e+03 9.958226974504426066e-01 9.907782038454238105e-01 7.736638379266719268e-01 3.326528850757356492e-01 4.576722721264748217e-01
4.194000000000000000e+03 1.000000000000000000e+00 1.000000000000000000e+00 1.000000000000000000e+00 5.619446517669353103e-01 2.550953174439425375e-01
4.194000000000000000e+03 9.937340461756638543e-01 9.861673057681358268e-01 6.604957568900078346e-01 5.619446517669353103e-01 2.550953174439425375e-01
4.195000000000000000e+03 1.000000000000000000e+00 1.000000000000000000e+00 1.000000000000000000e+00 4.772891960198849537e-01 5.897895472924713500e-01
4.195000000000000000e+03 9.916453949008852131e-01 9.815564076908477320e-01 5.473276758533438535e-01 4.772891960198849537e-01 5.897895472924713500e-01
4.196000000000000000e+03 1.000000000000000000e+00 1.000000000000000000e+00 1.000000000000000000e+00 3.860938677713725564e-01 5.679169453165011650e-01
4.196000000000000000e+03 9.979113487252213588e-01 9.953891019227119052e-01 8.868319189633360189e-01 3.860938677713725564e-01 5.679169453165011650e-01
4.197000000000000000e+03 1.000000000000000000e+00 1.000000000000000000e+00 1.000000000000000000e+00 7.513316160602792060e-01 3.501426104960500552e-01
4.197000000000000000e+03 9.958226974504426066e-01 9.907782038454238105e-01 7.736638379266719268e-01 7.513316160602792060e-01 3.501426104960500552e-01
4.198000000000000000e+03 1.000000000000000000e+00 1.000000000000000000e+00 1.000000000000000000e+00 3.911128325897744729e-01 3.173811258555466752e-01
4.198000000000000000e+03 9.937340461756638543e-01 9.861673057681358268e-01 6.604957568900078346e-01 3.911128325897744729e-01 3.173811258555466752e-01
4.199000000000000000e+03 1.000000000000000000e+00 1.000000000000000000e+00 1.000000000000000000e+00 5.269467232227766917e-01 5.451933903128015624e-01
4.199000000000000000e+03 9.916453949008852131e-01 9.815564076908477320e-01 5.473276758533438535e-01 5.269467232227766917e-01 5.451933903128015624e-01
