7.200000000000000000e+02 1.000000000000000000e+00 1.000000000000000000e+00 1.000000000000000000e+00 5.277068363961044950e-01 5.248040596106665623e-01
7.200000000000000000e+02 9.961470813727334450e-01 9.947688502071125871e-01 9.148928249225489751e-01 5.277068363961044950e-01 5.248040596106665623e-01
7.210000000000000000e+02 1.000000000000000000e+00 1.000000000000000000e+00 1.000000000000000000e+00 3.530839179332608824e-01 3.684759528207515178e-01
7.210000000000000000e+02 9.922941627454668900e-01 9.895377004142251742e-01 8.297856498450979501e-01 3.530839179332608824e-01 3.684759528207515178e-01
7.220000000000000000e+02 1.000000000000000000e+00 1.000000000000000000e+00 1.000000000000000000e+00 6.848840409635396087e-01 2.934792950979436821e-01
7.220000000000000000e+02 9.884412441182003350e-01 9.843065506213377613e-01 7.446784747676468141e-01 6.848840409635396087e-01 2.934792950979436821e-01
7.230000000000000000e+02 1.000000000000000000e+00 1.000000000000000000e+00 1.000000000000000000e+00 4.218359466050424778e-01 5.873114592314218063e-01
7.230000000000000000e+02 9.845883254909337801e-01 9.790754008284503485e-01 6.595712996901957892e-01 4.218359466050424778e-01 5.873114592314218063e-01
7.240000000000000000e+02 1.000000000000000000e+00 1.000000000000000000e+00 1.000000000000000000e+00 3.430521196786352478e-01 5.086760024712169148e-01
7.240000000000000000e+02 9.961470813727334450e-01 9.947688502071125871e-01 9.148928249225489751e-01 3.430521196786352478e-01 5.086760024712169148e-01
7.250000000000000000e+02 1.000000000000000000e+00 1.000000000000000000e+00 1.000000000000000000e+00 8.167039732130919605e-01 4.824927584328327912e-01
7.250000000000000000e+02 9.922941627454668900e-01 9.895377004142251742e-01 8.297856498450979501e-01 8.167039732130919605e-01 4.824927584328327912e-01
7.260000000000000000e+02 1.000000000000000000e+00 1.000000000000000000e+00 1.000000000000000000e+00 4.869083779808079937e-01 2.631740732327716437e-01
7.260000000000000000e+02 9.884412441182003350e-01 9.843065506213377613e-01 7.446784747676468141e-01 4.869083779808079937e-01 2.631740732327716437e-01
7.270000000000000000e+02 1.000000000000000000e+00 1.000000000000000000e+00 1.000000000000000000e+00 5.042603829232417123e-01 5.770698338755011481e-01
7.270000000000000000e+02 9.845883254909337801e-01 9.790754008284503485e-01 6.595712996901957892e-01 5.042603829232417123e-01 5.770698338755011481e-01
7.280000000000000000e+02 1.000000000000000000e+00 1.000000000000000000e+00 1.000000000000000000e+00 5.247675527656646688e-01 5.515458871904443949e-01
7.280000000000000000e+02 9.961470813727334450e-01 9.947688502071125871e-01 9.148928249225489751e-01 5.247675527656646688e-01 5.515458871904443949e-01
7.290000000000000000e+02 1.000000000000000000e+00 1.000000000000000000e+00 1.000000000000000000e+00 4.059374362178310158e-01 3.042382972821920939e-01
7.290000000000000000e+02 9.922941627454668900e-01 9.895377004142251742e-01 8.297856498450979501e-01 4.059374362178310158e-01 3.042382972821920939e-01
7.300000000000000000e+02 1.000000000000000000e+00 1.000000000000000000e+00 1.000000000000000000e+00 7.678696104814896062e-01 3.712899307095788304e-01
7.300000000000000000e+02 9.884412441182003350e-01 9.843065506213377613e-01 7.446784747676468141e-01 7.678696104814896062e-01 3.712899307095788304e-01
7.310000000000000000e+02 1.000000000000000000e+00 1.000000000000000000e+00 1.000000000000000000e+00 3.763462050458739050e-01 5.594150582739167987e-01
7.310000000000000000e+02 9.845883254909337801e-01 9.790754008284503485e-01 6.595712996901957892e-01 3.763462050458739050e-01 5.594150582739167987e-01
7.320000000000000000e+02 1.000000000000000000e+00 1.000000000000000000e+00 1.000000000000000000e+00 4.678206059089620172e-01 5.917054892151155654e-01
7.320000000000000000e+02 9.961470813727334450e-01 9.947688502071125871e-01 9.148928249225489751e-01 4.678206059089620172e-01 5.917054892151155654e-01
7.330000000000000000e+02 1.000000000000000000e+00 1.000000000000000000e+00 1.000000000000000000e+00 5.851564030126181759e-01 2.573195574789708395e-01
7.330000000000000000e+02 9.922941627454668900e-01 9.895377004142251742e-01 8.297856498450979501e-01 5.851564030126181759e-01 2.573195574789708395e-01
7.340000000000000000e+02 1.000000000000000000e+00 1.000000000000000000e+00 1.000000000000000000e+00 3.328070341319276371e-01 4.413321014481719207e-01
7.340000000000000000e+02 9.884412441182003350e-01 9.843065506213377613e-01 7.446784747676468141e-01 3.328070341319276371e-01 4.413321014481719207e-01
7.350000000000000000e+02 1.000000000000000000e+00 1.000000000000000000e+00 1.000000000000000000e+00 5.162180125621587123e-01 5.056908896302478862e-01
7.350000000000000000e+02 9.845883254909337801e-01 9.790754008284503485e-01 6.595712996901957892e-01 5.162180125621587123e-01 5.056908896302478862e-01
7.360000000000000000e+02 1.000000000000000000e+00 1.000000000000000000e+00 1.000000000000000000e+00 5.118402036713949332e-01 5.028887251980563855e-01
7.360000000000000000e+02 9.961470813727334450e-01 9.947688502071125871e-01 9.148928249225489751e-01 5.118402036713949332e-01 5.028887251980563855e-01
7.370000000000000000e+02 1.000000000000000000e+00 1.000000000000000000e+00 1.000000000000000000e+00 3.327191737708047325e-01 4.591874978428449605e-01
7.370000000000000000e+02 9.922941627454668900e-01 9.895377004142251742e-01 8.297856498450979501e-01 3.327191737708047325e-01 4.591874978428449605e-01
7.380000000000000000e+02 1.000000000000000000e+00 1.000000000000000000e+00 1.000000000000000000e+00 5.597743906367045330e-01 2.549988624919046210e-01
7.380000000000000000e+02 9.884412441182003350e-01 9.843065506213377613e-01 7.446784747676468141e-01 5.597743906367045330e-01 2.549988624919046210e-01
7.390000000000000000e+02 1.000000000000000000e+00 1.000000000000000000e+00 1.000000000000000000e+00 4.781493863223942875e-01 5.895605149502950448e-01
7.390000000000000000e+02 9.845883254909337801e-01 9.790754008284503485e-01 6.595712996901957892e-01 4.781493863223942875e-01 5.895605149502950448e-01
