2.340000000000000000e+03 1.000000000000000000e+00 1.000000000000000000e+00 1.000000000000000000e+00 3.765078579456034857e-01 5.595707274062301506e-01
2.340000000000000000e+03 9.956016693482498958e-01 9.964589798426564116e-01 8.974338161721737706e-01 3.765078579456034857e-01 5.595707274062301506e-01
2.341000000000000000e+03 1.000000000000000000e+00 1.000000000000000000e+00 1.000000000000000000e+00 7.676014907309800517e-01 3.709131189026247943e-01
2.341000000000000000e+03 9.912033386964999027e-01 9.929179596853129341e-01 7.948676323443476521e-01 7.676014907309800517e-01 3.709131189026247943e-01
2.342000000000000000e+03 1.000000000000000000e+00 1.000000000000000000e+00 1.000000000000000000e+00 4.056711957481973219e-01 3.044531836073117725e-01
2.342000000000000000e+03 9.868050080447499095e-01 9.893769395279694567e-01 6.923014485165215337e-01 4.056711957481973219e-01 3.044531836073117725e-01
2.343000000000000000e+03 1.000000000000000000e+00 1.000000000000000000e+00 1.000000000000000000e+00 5.248126505606577341e-01 5.514374677161048011e-01
2.343000000000000000e+03 9.824066773929998053e-01 9.858359193706258683e-01 5.897352646886953043e-01 5.248126505606577341e-01 5.514374677161048011e-01
2.344000000000000000e+03 1.000000000000000000e+00 1.000000000000000000e+00 1.000000000000000000e+00 5.043741697259169765e-01 5.769852086578941552e-01
2.344000000000000000e+03 9.956016693482498958e-01 9.964589798426564116e-01 8.974338161721737706e-01 5.043741697259169765e-01 5.769852086578941552e-01
2.345000000000000000e+03 1.000000000000000000e+00 1.000000000000000000e+00 1.000000000000000000e+00 4.865495388873777305e-01 2.632724333569314568e-01
2.345000000000000000e+03 9.912033386964999027e-01 9.929179596853129341e-01 7.948676323443476521e-01 4.865495388873777305e-01 2.632724333569314568e-01
2.346000000000000000e+03 1.000000000000000000e+00 1.000000000000000000e+00 1.000000000000000000e+00 8.165987456356558205e-01 4.820113931940251395e-01
2.346000000000000000e+03 9.868050080447499095e-01 9.893769395279694567e-01 6.923014485165215337e-01 8.165987456356558205e-01 4.820113931940251395e-01
2.347000000000000000e+03 1.000000000000000000e+00 1.000000000000000000e+00 1.000000000000000000e+00 3.431436123495186785e-01 5.089123154192697340e-01
2.347000000000000000e+03 9.824066773929998053e-01 9.858359193706258683e-01 5.897352646886953043e-01 3.431436123495186785e-01 5.089123154192697340e-01
2.348000000000000000e+03 1.000000000000000000e+00 1.000000000000000000e+00 1.000000000000000000e+00 4.220219926355782136e-01 5.873729711087176675e-01
2.348000000000000000e+03 9.956016693482498958e-01 9.964589798426564116e-01 8.974338161721737706e-01 4.220219926355782136e-01 5.873729711087176675e-01
2.349000000000000000e+03 1.000000000000000000e+00 1.000000000000000000e+00 1.000000000000000000e+00 6.845150047509033220e-01 2.932542171296721456e-01
2.349000000000000000e+03 9.912033386964999027e-01 9.929179596853129341e-01 7.948676323443476521e-01 6.845150047509033220e-01 2.932542171296721456e-01
2.350000000000000000e+03 1.000000000000000000e+00 1.000000000000000000e+00 1.000000000000000000e+00 3.529406230104772391e-01 3.687534939423374736e-01
2.350000000000000000e+03 9.868050080447499095e-01 9.893769395279694567e-01 6.923014485165215337e-01 3.529406230104772391e-01 3.687534939423374736e-01
2.351000000000000000e+03 1.000000000000000000e+00 1.000000000000000000e+00 1.000000000000000000e+00 5.276865652279125740e-01 5.247095086711810463e-01
2.351000000000000000e+03 9.824066773929998053e-01 9.858359193706258683e-01 5.897352646886953043e-01 5.276865652279125740e-01 5.247095086711810463e-01
2.352000000000000000e+03 1.000000000000000000e+00 1.000000000000000000e+00 1.000000000000000000e+00 5.233586970325506682e-01 5.137582515543266393e-01
2.352000000000000000e+03 9.956016693482498958e-01 9.964589798426564116e-01 8.974338161721737706e-01 5.233586970325506682e-01 5.137582515543266393e-01
2.353000000000000000e+03 1.000000000000000000e+00 1.000000000000000000e+00 1.000000000000000000e+00 3.387778691845562684e-01 4.050403098771980792e-01
2.353000000000000000e+03 9.912033386964999027e-01 9.929179596853129341e-01 7.948676323443476521e-01 3.387778691845562684e-01 4.050403098771980792e-01
2.354000000000000000e+03 1.000000000000000000e+00 1.000000000000000000e+00 1.000000000000000000e+00 6.355604094070395060e-01 2.698461522931097645e-01
2.354000000000000000e+03 9.868050080447499095e-01 9.893769395279694567e-01 6.923014485165215337e-01 6.355604094070395060e-01 2.698461522931097645e-01
2.355000000000000000e+03 1.000000000000000000e+00 1.000000000000000000e+00 1.000000000000000000e+00 4.456410291614357200e-01 5.922904139239972832e-01
2.355000000000000000e+03 9.824066773929998053e-01 9.858359193706258683e-01 5.897352646886953043e-01 4.456410291614357200e-01 5.922904139239972832e-01
2.356000000000000000e+03 1.000000000000000000e+00 1.000000000000000000e+00 1.000000000000000000e+00 3.575776613877030830e-01 5.368381008888197803e-01
2.356000000000000000e+03 9.956016693482498958e-01 9.964589798426564116e-01 8.974338161721737706e-01 3.575776613877030830e-01 5.368381008888197803e-01
2.357000000000000000e+03 1.000000000000000000e+00 1.000000000000000000e+00 1.000000000000000000e+00 7.973245953717149614e-01 4.230958180595056906e-01
2.357000000000000000e+03 9.912033386964999027e-01 9.929179596853129341e-01 7.948676323443476521e-01 7.973245953717149614e-01 4.230958180595056906e-01
2.358000000000000000e+03 1.000000000000000000e+00 1.000000000000000000e+00 1.000000000000000000e+00 4.431288585853429551e-01 2.801265330079941163e-01
2.358000000000000000e+03 9.868050080447499095e-01 9.893769395279694567e-01 6.923014485165215337e-01 4.431288585853429551e-01 2.801265330079941163e-01
2.359000000000000000e+03 1.000000000000000000e+00 1.000000000000000000e+00 1.000000000000000000e+00 5.168050603629825712e-01 5.649712102325878949e-01
2.359000000000000000e+03 9.824066773929998053e-01 9.858359193706258683e-01 5.897352646886953043e-01 5.168050603629825712e-01 5.649712102325878949e-01
