2.040000000000000000e+03 1.000000000000000000e+00 1.000000000000000000e+00 1.000000000000000000e+00 5.283075091650949462e-01 5.284817369366856532e-01
2.040000000000000000e+03 9.924913498339168472e-01 1.008841925015633745e+00 9.474404526830506601e-01 5.283075091650949462e-01 5.284817369366856532e-01
2.041000000000000000e+03 1.000000000000000000e+00 1.000000000000000000e+00 1.000000000000000000e+00 3.589030379747601973e-01 3.580346108330958455e-01
2.041000000000000000e+03 9.849826996678336943e-01 1.017683850031267268e+00 8.948809053661014312e-01 3.589030379747601973e-01 3.580346108330958455e-01
2.042000000000000000e+03 1.000000000000000000e+00 1.000000000000000000e+00 1.000000000000000000e+00 6.987072152820135162e-01 3.025083115446879356e-01
2.042000000000000000e+03 9.774740495017506525e-01 1.026525775046900790e+00 8.423213580491522023e-01 6.987072152820135162e-01 3.025083115446879356e-01
2.043000000000000000e+03 1.000000000000000000e+00 1.000000000000000000e+00 1.000000000000000000e+00 4.147764369482050961e-01 5.847022355951673189e-01
2.043000000000000000e+03 9.699653993356674997e-01 1.035367700062534535e+00 7.897618107322028624e-01 4.147764369482050961e-01 5.847022355951673189e-01
2.044000000000000000e+03 1.000000000000000000e+00 1.000000000000000000e+00 1.000000000000000000e+00 4.997540840907185311e-01 5.801558727694238193e-01
2.044000000000000000e+03 9.924913498339168472e-01 1.008841925015633745e+00 9.474404526830506601e-01 4.997540840907185311e-01 5.801558727694238193e-01
2.045000000000000000e+03 1.000000000000000000e+00 1.000000000000000000e+00 1.000000000000000000e+00 5.007367889913560965e-01 2.598448802210439612e-01
2.045000000000000000e+03 9.849826996678336943e-01 1.017683850031267268e+00 8.948809053661014312e-01 5.007367889913560965e-01 2.598448802210439612e-01
2.046000000000000000e+03 1.000000000000000000e+00 1.000000000000000000e+00 1.000000000000000000e+00 3.398445037258100987e-01 4.995086475496812728e-01
2.046000000000000000e+03 9.774740495017506525e-01 1.026525775046900790e+00 8.423213580491522023e-01 3.398445037258100987e-01 4.995086475496812728e-01
2.047000000000000000e+03 1.000000000000000000e+00 1.000000000000000000e+00 1.000000000000000000e+00 5.001562492646577374e-01 5.000004793682442106e-01
2.047000000000000000e+03 9.699653993356674997e-01 1.035367700062534535e+00 7.897618107322028624e-01 5.001562492646577374e-01 5.000004793682442106e-01
2.048000000000000000e+03 1.000000000000000000e+00 1.000000000000000000e+00 1.000000000000000000e+00 5.002343725182223366e-01 5.000010785764344989e-01
2.048000000000000000e+03 9.924913498339168472e-01 1.008841925015633745e+00 9.474404526830506601e-01 5.002343725182223366e-01 5.000010785764344989e-01
2.049000000000000000e+03 1.000000000000000000e+00 1.000000000000000000e+00 1.000000000000000000e+00 3.397673217086690789e-01 4.992626132442937736e-01
2.049000000000000000e+03 9.849826996678336943e-01 1.017683850031267268e+00 8.948809053661014312e-01 3.397673217086690789e-01 4.992626132442937736e-01
2.050000000000000000e+03 1.000000000000000000e+00 1.000000000000000000e+00 1.000000000000000000e+00 5.011055408453419791e-01 2.597681688221148422e-01
2.050000000000000000e+03 9.774740495017506525e-01 1.026525775046900790e+00 8.423213580491522023e-01 5.011055408453419791e-01 2.597681688221148422e-01
2.051000000000000000e+03 1.000000000000000000e+00 1.000000000000000000e+00 1.000000000000000000e+00 4.996307673339296374e-01 5.802335254047765734e-01
2.051000000000000000e+03 9.699653993356674997e-01 1.035367700062534535e+00 7.897618107322028624e-01 4.996307673339296374e-01 5.802335254047765734e-01
2.052000000000000000e+03 1.000000000000000000e+00 1.000000000000000000e+00 1.000000000000000000e+00 4.145911093114829082e-01 5.846263925911860948e-01
2.052000000000000000e+03 9.924913498339168472e-01 1.008841925015633745e+00 9.474404526830506601e-01 4.145911093114829082e-01 5.846263925911860948e-01
2.053000000000000000e+03 1.000000000000000000e+00 1.000000000000000000e+00 1.000000000000000000e+00 6.990654261856469320e-01 3.027583689248961596e-01
2.053000000000000000e+03 9.849826996678336943e-01 1.017683850031267268e+00 8.948809053661014312e-01 6.990654261856469320e-01 3.027583689248961596e-01
2.054000000000000000e+03 1.000000000000000000e+00 1.000000000000000000e+00 1.000000000000000000e+00 3.590659881668550879e-01 3.577628415629179326e-01
2.054000000000000000e+03 9.774740495017506525e-01 1.026525775046900790e+00 8.423213580491522023e-01 3.590659881668550879e-01 3.577628415629179326e-01
2.055000000000000000e+03 1.000000000000000000e+00 1.000000000000000000e+00 1.000000000000000000e+00 5.283187733492272775e-01 5.285806229399521161e-01
2.055000000000000000e+03 9.699653993356674997e-01 1.035367700062534535e+00 7.897618107322028624e-01 5.283187733492272775e-01 5.285806229399521161e-01
2.056000000000000000e+03 1.000000000000000000e+00 1.000000000000000000e+00 1.000000000000000000e+00 5.227943592935592187e-01 5.557547945564931258e-01
2.056000000000000000e+03 9.924913498339168472e-01 1.008841925015633745e+00 9.474404526830506601e-01 5.227943592935592187e-01 5.557547945564931258e-01
2.057000000000000000e+03 1.000000000000000000e+00 1.000000000000000000e+00 1.000000000000000000e+00 4.166571999370382029e-01 2.961442725619272132e-01
2.057000000000000000e+03 9.849826996678336943e-01 1.017683850031267268e+00 8.948809053661014312e-01 4.166571999370382029e-01 2.961442725619272132e-01
2.058000000000000000e+03 1.000000000000000000e+00 1.000000000000000000e+00 1.000000000000000000e+00 7.779061938788625064e-01 3.863829795523369692e-01
2.058000000000000000e+03 9.774740495017506525e-01 1.026525775046900790e+00 8.423213580491522023e-01 7.779061938788625064e-01 3.863829795523369692e-01
2.059000000000000000e+03 1.000000000000000000e+00 1.000000000000000000e+00 1.000000000000000000e+00 3.701947390027170437e-01 5.530685796782605079e-01
2.059000000000000000e+03 9.699653993356674997e-01 1.035367700062534535e+00 7.897618107322028624e-01 3.701947390027170437e-01 5.530685796782605079e-01
