3.920000000000000000e+03 1.000000000000000000e+00 1.000000000000000000e+00 1.000000000000000000e+00 5.280800530613549704e-01 5.268166722597549256e-01
3.920000000000000000e+03 9.936800338488305240e-01 9.948935085836222436e-01 9.111791903595098940e-01 5.280800530613549704e-01 5.268166722597549256e-01
3.921000000000000000e+03 1.000000000000000000e+00 1.000000000000000000e+00 1.000000000000000000e+00 3.562097886496005672e-01 3.626792134787195643e-01
3.921000000000000000e+03 9.873600676976610480e-01 9.897870171672444872e-01 8.223583807190197881e-01 3.562097886496005672e-01 3.626792134787195643e-01
3.922000000000000000e+03 1.000000000000000000e+00 1.000000000000000000e+00 1.000000000000000000e+00 6.925728436520433018e-01 2.983547095050784748e-01
3.922000000000000000e+03 9.810401015464916830e-01 9.846805257508668419e-01 7.335375710785295711e-01 6.925728436520433018e-01 2.983547095050784748e-01
3.923000000000000000e+03 1.000000000000000000e+00 1.000000000000000000e+00 1.000000000000000000e+00 4.179312706094822638e-01 5.859351322058772293e-01
3.923000000000000000e+03 9.747201353953222069e-01 9.795740343344890855e-01 6.447167614380394651e-01 4.179312706094822638e-01 5.859351322058772293e-01
3.924000000000000000e+03 1.000000000000000000e+00 1.000000000000000000e+00 1.000000000000000000e+00 3.412139186692404458e-01 5.036542669082930690e-01
3.924000000000000000e+03 9.936800338488305240e-01 9.948935085836222436e-01 9.111791903595098940e-01 3.412139186692404458e-01 5.036542669082930690e-01
3.925000000000000000e+03 1.000000000000000000e+00 1.000000000000000000e+00 1.000000000000000000e+00 8.187437274524493880e-01 4.926645040566927092e-01
3.925000000000000000e+03 9.873600676976610480e-01 9.897870171672444872e-01 8.223583807190197881e-01 8.187437274524493880e-01 4.926645040566927092e-01
3.926000000000000000e+03 1.000000000000000000e+00 1.000000000000000000e+00 1.000000000000000000e+00 4.945051185741998756e-01 2.612350956083955289e-01
3.926000000000000000e+03 9.810401015464916830e-01 9.846805257508668419e-01 7.335375710785295711e-01 4.945051185741998756e-01 2.612350956083955289e-01
3.927000000000000000e+03 1.000000000000000000e+00 1.000000000000000000e+00 1.000000000000000000e+00 5.018136523907859026e-01 5.788072582699146373e-01
3.927000000000000000e+03 9.747201353953222069e-01 9.795740343344890855e-01 6.447167614380394651e-01 5.018136523907859026e-01 5.788072582699146373e-01
3.928000000000000000e+03 1.000000000000000000e+00 1.000000000000000000e+00 1.000000000000000000e+00 5.237570592615971021e-01 5.538177519621229061e-01
3.928000000000000000e+03 9.936800338488305240e-01 9.948935085836222436e-01 9.111791903595098940e-01 5.237570592615971021e-01 5.538177519621229061e-01
3.929000000000000000e+03 1.000000000000000000e+00 1.000000000000000000e+00 1.000000000000000000e+00 4.116287875275780883e-01 2.998093980798057223e-01
3.929000000000000000e+03 9.873600676976610480e-01 9.897870171672444872e-01 8.223583807190197881e-01 4.116287875275780883e-01 2.998093980798057223e-01
3.930000000000000000e+03 1.000000000000000000e+00 1.000000000000000000e+00 1.000000000000000000e+00 7.733770268992299357e-01 3.793217109221657113e-01
3.930000000000000000e+03 9.810401015464916830e-01 9.846805257508668419e-01 7.335375710785295711e-01 7.733770268992299357e-01 3.793217109221657113e-01
3.931000000000000000e+03 1.000000000000000000e+00 1.000000000000000000e+00 1.000000000000000000e+00 3.729958230588413803e-01 5.560641358670095347e-01
3.931000000000000000e+03 9.747201353953222069e-01 9.795740343344890855e-01 6.447167614380394651e-01 3.729958230588413803e-01 5.560641358670095347e-01
3.932000000000000000e+03 1.000000000000000000e+00 1.000000000000000000e+00 1.000000000000000000e+00 4.642908481215550776e-01 5.921512602362972721e-01
3.932000000000000000e+03 9.936800338488305240e-01 9.948935085836222436e-01 9.111791903595098940e-01 4.642908481215550776e-01 5.921512602362972721e-01
3.933000000000000000e+03 1.000000000000000000e+00 1.000000000000000000e+00 1.000000000000000000e+00 5.935212807693974746e-01 2.586583990807487243e-01
3.933000000000000000e+03 9.873600676976610480e-01 9.897870171672444872e-01 8.223583807190197881e-01 5.935212807693974746e-01 2.586583990807487243e-01
3.934000000000000000e+03 1.000000000000000000e+00 1.000000000000000000e+00 1.000000000000000000e+00 3.332535694222257261e-01 4.353847836760788015e-01
3.934000000000000000e+03 9.810401015464916830e-01 9.846805257508668419e-01 7.335375710785295711e-01 3.332535694222257261e-01 4.353847836760788015e-01
3.935000000000000000e+03 1.000000000000000000e+00 1.000000000000000000e+00 1.000000000000000000e+00 5.175560898948202704e-01 5.068030874329685354e-01
3.935000000000000000e+03 9.747201353953222069e-01 9.795740343344890855e-01 6.447167614380394651e-01 5.175560898948202704e-01 5.068030874329685354e-01
3.936000000000000000e+03 1.000000000000000000e+00 1.000000000000000000e+00 1.000000000000000000e+00 5.133215427000960007e-01 5.037085766953298682e-01
3.936000000000000000e+03 9.936800338488305240e-01 9.948935085836222436e-01 9.111791903595098940e-01 5.133215427000960007e-01 5.037085766953298682e-01
3.937000000000000000e+03 1.000000000000000000e+00 1.000000000000000000e+00 1.000000000000000000e+00 3.325399293349513563e-01 4.533808861745255991e-01
3.937000000000000000e+03 9.873600676976610480e-01 9.897870171672444872e-01 8.223583807190197881e-01 3.325399293349513563e-01 4.533808861745255991e-01
3.938000000000000000e+03 1.000000000000000000e+00 1.000000000000000000e+00 1.000000000000000000e+00 5.680743823905466394e-01 2.554706653524749793e-01
3.938000000000000000e+03 9.810401015464916830e-01 9.846805257508668419e-01 7.335375710785295711e-01 5.680743823905466394e-01 2.554706653524749793e-01
3.939000000000000000e+03 1.000000000000000000e+00 1.000000000000000000e+00 1.000000000000000000e+00 4.748361547395978932e-01 5.903908066825722667e-01
3.939000000000000000e+03 9.747201353953222069e-01 9.795740343344890855e-01 6.447167614380394651e-01 4.748361547395978932e-01 5.903908066825722667e-01
