3.180000000000000000e+03 1.000000000000000000e+00 1.000000000000000000e+00 1.000000000000000000e+00 4.320576525781524846e-01 5.901561458786898084e-01
3.180000000000000000e+03 9.088495338718678429e-01 1.003251731848854078e+00 9.985215247550062179e-01 4.320576525781524846e-01 5.901561458786898084e-01
3.181000000000000000e+03 1.000000000000000000e+00 1.000000000000000000e+00 1.000000000000000000e+00 6.642371069512204018e-01 2.820654549797484978e-01
3.181000000000000000e+03 8.176990677437355748e-01 1.006503463697708156e+00 9.970430495100124357e-01 6.642371069512204018e-01 2.820654549797484978e-01
3.182000000000000000e+03 1.000000000000000000e+00 1.000000000000000000e+00 1.000000000000000000e+00 3.459546545505293169e-01 3.839102728134661247e-01
3.182000000000000000e+03 7.265486016156033067e-01 1.009755195546562012e+00 9.955645742650186536e-01 3.459546545505293169e-01 3.839102728134661247e-01
3.183000000000000000e+03 1.000000000000000000e+00 1.000000000000000000e+00 1.000000000000000000e+00 5.262669463079089338e-01 5.197949676571611555e-01
3.183000000000000000e+03 6.353981354874711496e-01 1.013006927395416090e+00 9.940860990200248715e-01 5.262669463079089338e-01 5.197949676571611555e-01
3.184000000000000000e+03 1.000000000000000000e+00 1.000000000000000000e+00 1.000000000000000000e+00 5.206172066221870232e-01 5.099454262849147934e-01
3.184000000000000000e+03 9.088495338718678429e-01 1.003251731848854078e+00 9.985215247550062179e-01 5.206172066221870232e-01 5.099454262849147934e-01
3.185000000000000000e+03 1.000000000000000000e+00 1.000000000000000000e+00 1.000000000000000000e+00 3.352734447012294949e-01 4.205384200239403181e-01
3.185000000000000000e+03 8.176990677437355748e-01 1.006503463697708156e+00 9.970430495100124357e-01 3.352734447012294949e-01 4.205384200239403181e-01
3.186000000000000000e+03 1.000000000000000000e+00 1.000000000000000000e+00 1.000000000000000000e+00 6.142196568216321539e-01 2.632187703629377817e-01
3.186000000000000000e+03 7.265486016156033067e-01 1.009755195546562012e+00 9.955645742650186536e-01 6.142196568216321539e-01 2.632187703629377817e-01
3.187000000000000000e+03 1.000000000000000000e+00 1.000000000000000000e+00 1.000000000000000000e+00 4.552964968695127346e-01 5.926718809604787364e-01
3.187000000000000000e+03 6.353981354874711496e-01 1.013006927395416090e+00 9.940860990200248715e-01 4.552964968695127346e-01 5.926718809604787364e-01
3.188000000000000000e+03 1.000000000000000000e+00 1.000000000000000000e+00 1.000000000000000000e+00 3.650969240015204953e-01 5.471051037472489664e-01
3.188000000000000000e+03 9.088495338718678429e-01 1.003251731848854078e+00 9.985215247550062179e-01 3.650969240015204953e-01 5.471051037472489664e-01
3.189000000000000000e+03 1.000000000000000000e+00 1.000000000000000000e+00 1.000000000000000000e+00 7.859591173570832368e-01 4.001495422481770037e-01
3.189000000000000000e+03 8.176990677437355748e-01 1.006503463697708156e+00 9.970430495100124357e-01 7.859591173570832368e-01 4.001495422481770037e-01
3.190000000000000000e+03 1.000000000000000000e+00 1.000000000000000000e+00 1.000000000000000000e+00 4.265222192504640741e-01 2.895689033222186848e-01
3.190000000000000000e+03 7.265486016156033067e-01 1.009755195546562012e+00 9.955645742650186536e-01 4.265222192504640741e-01 2.895689033222186848e-01
3.191000000000000000e+03 1.000000000000000000e+00 1.000000000000000000e+00 1.000000000000000000e+00 5.207324267449620070e-01 5.593750553191777497e-01
3.191000000000000000e+03 6.353981354874711496e-01 1.013006927395416090e+00 9.940860990200248715e-01 5.207324267449620070e-01 5.593750553191777497e-01
3.192000000000000000e+03 1.000000000000000000e+00 1.000000000000000000e+00 1.000000000000000000e+00 5.285589900220597492e-01 5.319998406528926305e-01
3.192000000000000000e+03 9.088495338718678429e-01 1.003251731848854078e+00 9.985215247550062179e-01 5.285589900220597492e-01 5.319998406528926305e-01
3.193000000000000000e+03 1.000000000000000000e+00 1.000000000000000000e+00 1.000000000000000000e+00 3.649040125914587152e-01 3.486273475854971826e-01
3.193000000000000000e+03 8.176990677437355748e-01 1.006503463697708156e+00 9.970430495100124357e-01 3.649040125914587152e-01 3.486273475854971826e-01
3.194000000000000000e+03 1.000000000000000000e+00 1.000000000000000000e+00 1.000000000000000000e+00 7.110590582953077998e-01 3.116355138982178086e-01
3.194000000000000000e+03 7.265486016156033067e-01 1.009755195546562012e+00 9.955645742650186536e-01 7.110590582953077998e-01 3.116355138982178086e-01
3.195000000000000000e+03 1.000000000000000000e+00 1.000000000000000000e+00 1.000000000000000000e+00 4.083137534663022761e-01 5.818274887153005448e-01
3.195000000000000000e+03 6.353981354874711496e-01 1.013006927395416090e+00 9.940860990200248715e-01 4.083137534663022761e-01 5.818274887153005448e-01
3.196000000000000000e+03 1.000000000000000000e+00 1.000000000000000000e+00 1.000000000000000000e+00 4.952978783392117945e-01 5.827571493272802883e-01
3.196000000000000000e+03 9.088495338718678429e-01 1.003251731848854078e+00 9.985215247550062179e-01 4.952978783392117945e-01 5.827571493272802883e-01
3.197000000000000000e+03 1.000000000000000000e+00 1.000000000000000000e+00 1.000000000000000000e+00 5.137784130474933875e-01 2.575004926875452682e-01
3.197000000000000000e+03 8.176990677437355748e-01 1.006503463697708156e+00 9.970430495100124357e-01 5.137784130474933875e-01 2.575004926875452682e-01
3.198000000000000000e+03 1.000000000000000000e+00 1.000000000000000000e+00 1.000000000000000000e+00 3.373716716801324900e-01 4.907597326458591480e-01
3.198000000000000000e+03 7.265486016156033067e-01 1.009755195546562012e+00 9.955645742650186536e-01 3.373716716801324900e-01 4.907597326458591480e-01
3.199000000000000000e+03 1.000000000000000000e+00 1.000000000000000000e+00 1.000000000000000000e+00 5.028859703346930665e-01 5.001639759674355590e-01
3.199000000000000000e+03 6.353981354874711496e-01 1.013006927395416090e+00 9.940860990200248715e-01 5.028859703346930665e-01 5.001639759674355590e-01
