3.080000000000000000e+03 1.000000000000000000e+00 1.000000000000000000e+00 1.000000000000000000e+00 5.226818840603253413e-01 5.559692748154251296e-01
3.080000000000000000e+03 9.933878083688325589e-01 9.056660988566580528e-01 1.000207050287457822e+00 5.226818840603253413e-01 5.559692748154251296e-01
3.081000000000000000e+03 1.000000000000000000e+00 1.000000000000000000e+00 1.000000000000000000e+00 4.172243273813999176e-01 2.957447292958417240e-01
3.081000000000000000e+03 9.867756167376652288e-01 8.113321977133161056e-01 1.000414100574915643e+00 4.172243273813999176e-01 2.957447292958417240e-01
3.082000000000000000e+03 1.000000000000000000e+00 1.000000000000000000e+00 1.000000000000000000e+00 7.783982686485247937e-01 3.871774331022624915e-01
3.082000000000000000e+03 9.801634251064978987e-01 7.169982965699742694e-01 1.000621150862373465e+00 7.783982686485247937e-01 3.871774331022624915e-01
3.083000000000000000e+03 1.000000000000000000e+00 1.000000000000000000e+00 1.000000000000000000e+00 3.698877272402083527e-01 5.527287783394627674e-01
3.083000000000000000e+03 9.735512334753304575e-01 6.226643954266323222e-01 1.000828201149831287e+00 3.698877272402083527e-01 5.527287783394627674e-01
3.084000000000000000e+03 1.000000000000000000e+00 1.000000000000000000e+00 1.000000000000000000e+00 4.608719333062683554e-01 5.924514574503912945e-01
3.084000000000000000e+03 9.933878083688325589e-01 9.056660988566580528e-01 1.000207050287457822e+00 4.608719333062683554e-01 5.924514574503912945e-01
3.085000000000000000e+03 1.000000000000000000e+00 1.000000000000000000e+00 1.000000000000000000e+00 6.014893745449088058e-01 2.602017839049384218e-01
3.085000000000000000e+03 9.867756167376652288e-01 8.113321977133161056e-01 1.000414100574915643e+00 6.014893745449088058e-01 2.602017839049384218e-01
3.086000000000000000e+03 1.000000000000000000e+00 1.000000000000000000e+00 1.000000000000000000e+00 3.338751632272735081e-01 4.296912793806798581e-01
3.086000000000000000e+03 9.801634251064978987e-01 7.169982965699742694e-01 1.000621150862373465e+00 3.338751632272735081e-01 4.296912793806798581e-01
3.087000000000000000e+03 1.000000000000000000e+00 1.000000000000000000e+00 1.000000000000000000e+00 5.187780781280560971e-01 5.079474127681431472e-01
3.087000000000000000e+03 9.735512334753304575e-01 6.226643954266323222e-01 1.000828201149831287e+00 5.187780781280560971e-01 5.079474127681431472e-01
3.088000000000000000e+03 1.000000000000000000e+00 1.000000000000000000e+00 1.000000000000000000e+00 5.251386395788638639e-01 5.170774379815769040e-01
3.088000000000000000e+03 9.933878083688325589e-01 9.056660988566580528e-01 1.000207050287457822e+00 5.251386395788638639e-01 5.170774379815769040e-01
3.089000000000000000e+03 1.000000000000000000e+00 1.000000000000000000e+00 1.000000000000000000e+00 3.425119160573490973e-01 3.930135826192728277e-01
3.089000000000000000e+03 9.867756167376652288e-01 8.113321977133161056e-01 1.000414100574915643e+00 3.425119160573490973e-01 3.930135826192728277e-01
3.090000000000000000e+03 1.000000000000000000e+00 1.000000000000000000e+00 1.000000000000000000e+00 6.519409070803022788e-01 2.763371938754555224e-01
3.090000000000000000e+03 9.801634251064978987e-01 7.169982965699742694e-01 1.000621150862373465e+00 6.519409070803022788e-01 2.763371938754555224e-01
3.091000000000000000e+03 1.000000000000000000e+00 1.000000000000000000e+00 1.000000000000000000e+00 4.379680723188479341e-01 5.913133617607573278e-01
3.091000000000000000e+03 9.735512334753304575e-01 6.226643954266323222e-01 1.000828201149831287e+00 4.379680723188479341e-01 5.913133617607573278e-01
3.092000000000000000e+03 1.000000000000000000e+00 1.000000000000000000e+00 1.000000000000000000e+00 3.522783963179603739e-01 5.282075857438569555e-01
3.092000000000000000e+03 9.933878083688325589e-01 9.056660988566580528e-01 1.000207050287457822e+00 3.522783963179603739e-01 5.282075857438569555e-01
3.093000000000000000e+03 1.000000000000000000e+00 1.000000000000000000e+00 1.000000000000000000e+00 8.048820423006459723e-01 4.417824736829381038e-01
3.093000000000000000e+03 9.867756167376652288e-01 8.113321977133161056e-01 1.000414100574915643e+00 8.048820423006459723e-01 4.417824736829381038e-01
3.094000000000000000e+03 1.000000000000000000e+00 1.000000000000000000e+00 1.000000000000000000e+00 4.567874439695405187e-01 2.736981770086572285e-01
3.094000000000000000e+03 9.801634251064978987e-01 7.169982965699742694e-01 1.000621150862373465e+00 4.567874439695405187e-01 2.736981770086572285e-01
3.095000000000000000e+03 1.000000000000000000e+00 1.000000000000000000e+00 1.000000000000000000e+00 5.132026154572546517e-01 5.691413843727364252e-01
3.095000000000000000e+03 9.735512334753304575e-01 6.226643954266323222e-01 1.000828201149831287e+00 5.132026154572546517e-01 5.691413843727364252e-01
3.096000000000000000e+03 1.000000000000000000e+00 1.000000000000000000e+00 1.000000000000000000e+00 5.276733552430530327e-01 5.421117619850133185e-01
3.096000000000000000e+03 9.933878083688325589e-01 9.056660988566580528e-01 1.000207050287457822e+00 5.276733552430530327e-01 5.421117619850133185e-01
3.097000000000000000e+03 1.000000000000000000e+00 1.000000000000000000e+00 1.000000000000000000e+00 3.844583788069118047e-01 3.241752325183862582e-01
3.097000000000000000e+03 9.867756167376652288e-01 8.113321977133161056e-01 1.000414100574915643e+00 3.844583788069118047e-01 3.241752325183862582e-01
3.098000000000000000e+03 1.000000000000000000e+00 1.000000000000000000e+00 1.000000000000000000e+00 7.426812702299139257e-01 3.405242458318942234e-01
3.098000000000000000e+03 9.801634251064978987e-01 7.169982965699742694e-01 1.000621150862373465e+00 7.426812702299139257e-01 3.405242458318942234e-01
3.099000000000000000e+03 1.000000000000000000e+00 1.000000000000000000e+00 1.000000000000000000e+00 3.910317352666864421e-01 5.716074882180706140e-01
3.099000000000000000e+03 9.735512334753304575e-01 6.226643954266323222e-01 1.000828201149831287e+00 3.910317352666864421e-01 5.716074882180706140e-01
