3.860000000000000000e+03 1.000000000000000000e+00 1.000000000000000000e+00 1.000000000000000000e+00 3.508602710703371264e-01 5.256425948531403547e-01
3.860000000000000000e+03 9.107894161484705320e-01 9.948342536303345085e-01 9.806133550351122663e-01 3.508602710703371264e-01 5.256425948531403547e-01
3.861000000000000000e+03 1.000000000000000000e+00 1.000000000000000000e+00 1.000000000000000000e+00 8.068259265796110524e-01 4.472453585494247097e-01
3.861000000000000000e+03 8.215788322969410640e-01 9.896685072606691280e-01 9.612267100702245326e-01 8.068259265796110524e-01 4.472453585494247097e-01
3.862000000000000000e+03 1.000000000000000000e+00 1.000000000000000000e+00 1.000000000000000000e+00 4.608013818481421775e-01 2.720171722453630370e-01
3.862000000000000000e+03 7.323682484454115960e-01 9.845027608910037475e-01 9.418400651053366879e-01 4.608013818481421775e-01 2.720171722453630370e-01
3.863000000000000000e+03 1.000000000000000000e+00 1.000000000000000000e+00 1.000000000000000000e+00 5.120865715544228314e-01 5.702966301046887843e-01
3.863000000000000000e+03 6.431576645938821279e-01 9.793370145213382560e-01 9.224534201404489542e-01 5.120865715544228314e-01 5.702966301046887843e-01
3.864000000000000000e+03 1.000000000000000000e+00 1.000000000000000000e+00 1.000000000000000000e+00 5.273938717333828130e-01 5.434068221305199398e-01
3.864000000000000000e+03 9.107894161484705320e-01 9.948342536303345085e-01 9.806133550351122663e-01 5.273938717333828130e-01 5.434068221305199398e-01
3.865000000000000000e+03 1.000000000000000000e+00 1.000000000000000000e+00 1.000000000000000000e+00 3.872139679774727616e-01 3.212854583515121210e-01
3.865000000000000000e+03 8.215788322969410640e-01 9.896685072606691280e-01 9.612267100702245326e-01 3.872139679774727616e-01 3.212854583515121210e-01
3.866000000000000000e+03 1.000000000000000000e+00 1.000000000000000000e+00 1.000000000000000000e+00 7.463684014074717377e-01 3.445178878329005490e-01
3.866000000000000000e+03 7.323682484454115960e-01 9.845027608910037475e-01 9.418400651053366879e-01 7.463684014074717377e-01 3.445178878329005490e-01
3.867000000000000000e+03 1.000000000000000000e+00 1.000000000000000000e+00 1.000000000000000000e+00 3.889393181104961461e-01 5.700899518779550812e-01
3.867000000000000000e+03 6.431576645938821279e-01 9.793370145213382560e-01 9.224534201404489542e-01 3.889393181104961461e-01 5.700899518779550812e-01
3.868000000000000000e+03 1.000000000000000000e+00 1.000000000000000000e+00 1.000000000000000000e+00 4.798532265830255383e-01 5.890782461485446486e-01
3.868000000000000000e+03 9.107894161484705320e-01 9.948342536303345085e-01 9.806133550351122663e-01 4.798532265830255383e-01 5.890782461485446486e-01
3.869000000000000000e+03 1.000000000000000000e+00 1.000000000000000000e+00 1.000000000000000000e+00 5.554424038343942494e-01 2.548633722327902085e-01
3.869000000000000000e+03 8.215788322969410640e-01 9.896685072606691280e-01 9.612267100702245326e-01 5.554424038343942494e-01 2.548633722327902085e-01
3.870000000000000000e+03 1.000000000000000000e+00 1.000000000000000000e+00 1.000000000000000000e+00 3.328925630421227799e-01 4.622054113743157000e-01
3.870000000000000000e+03 7.323682484454115960e-01 9.845027608910037475e-01 9.418400651053366879e-01 3.328925630421227799e-01 4.622054113743157000e-01
3.871000000000000000e+03 1.000000000000000000e+00 1.000000000000000000e+00 1.000000000000000000e+00 5.110490553392120772e-01 5.024989582082646233e-01
3.871000000000000000e+03 6.431576645938821279e-01 9.793370145213382560e-01 9.224534201404489542e-01 5.110490553392120772e-01 5.024989582082646233e-01
3.872000000000000000e+03 1.000000000000000000e+00 1.000000000000000000e+00 1.000000000000000000e+00 5.154961397896261621e-01 5.051456114929122609e-01
3.872000000000000000e+03 9.107894161484705320e-01 9.948342536303345085e-01 9.806133550351122663e-01 5.154961397896261621e-01 5.051456114929122609e-01
3.873000000000000000e+03 1.000000000000000000e+00 1.000000000000000000e+00 1.000000000000000000e+00 3.326565191139417843e-01 4.444323199066841923e-01
3.873000000000000000e+03 8.215788322969410640e-01 9.896685072606691280e-01 9.612267100702245326e-01 3.326565191139417843e-01 4.444323199066841923e-01
3.874000000000000000e+03 1.000000000000000000e+00 1.000000000000000000e+00 1.000000000000000000e+00 5.807787143935175811e-01 2.567328485657257020e-01
3.874000000000000000e+03 7.323682484454115960e-01 9.845027608910037475e-01 9.418400651053366879e-01 5.807787143935175811e-01 2.567328485657257020e-01
3.875000000000000000e+03 1.000000000000000000e+00 1.000000000000000000e+00 1.000000000000000000e+00 4.696433542068859102e-01 5.914198103378421889e-01
3.875000000000000000e+03 6.431576645938821279e-01 9.793370145213382560e-01 9.224534201404489542e-01 4.696433542068859102e-01 5.914198103378421889e-01
3.876000000000000000e+03 1.000000000000000000e+00 1.000000000000000000e+00 1.000000000000000000e+00 3.781345242751266156e-01 5.611078022216959837e-01
3.876000000000000000e+03 9.107894161484705320e-01 9.948342536303345085e-01 9.806133550351122663e-01 3.781345242751266156e-01 5.611078022216959837e-01
3.877000000000000000e+03 1.000000000000000000e+00 1.000000000000000000e+00 1.000000000000000000e+00 7.648915469481059048e-01 3.671736998126687856e-01
3.877000000000000000e+03 8.215788322969410640e-01 9.896685072606691280e-01 9.612267100702245326e-01 7.648915469481059048e-01 3.671736998126687856e-01
3.878000000000000000e+03 1.000000000000000000e+00 1.000000000000000000e+00 1.000000000000000000e+00 4.030329487954863454e-01 3.066214886635103554e-01
3.878000000000000000e+03 7.323682484454115960e-01 9.845027608910037475e-01 9.418400651053366879e-01 4.030329487954863454e-01 3.066214886635103554e-01
3.879000000000000000e+03 1.000000000000000000e+00 1.000000000000000000e+00 1.000000000000000000e+00 5.252485532388784240e-01 5.503524401132571242e-01
3.879000000000000000e+03 6.431576645938821279e-01 9.793370145213382560e-01 9.224534201404489542e-01 5.252485532388784240e-01 5.503524401132571242e-01
