1.200000000000000000e+02 1.000000000000000000e+00 1.000000000000000000e+00 1.000000000000000000e+00 5.285412555809982926e-01 5.314904228275857401e-01
1.200000000000000000e+02 9.923891799043754736e-01 1.015919826561015205e+00 9.262396130764160018e-01 5.285412555809982926e-01 5.314904228275857401e-01
1.210000000000000000e+02 1.000000000000000000e+00 1.000000000000000000e+00 1.000000000000000000e+00 3.640093116434787168e-01 3.499573971156207941e-01
1.210000000000000000e+02 9.847783598087509471e-01 1.031839653122030409e+00 8.524792261528320036e-01 3.640093116434787168e-01 3.499573971156207941e-01
1.220000000000000000e+02 1.000000000000000000e+00 1.000000000000000000e+00 1.000000000000000000e+00 7.093186929127759388e-01 3.102845952557172216e-01
1.220000000000000000e+02 9.771675397131263097e-01 1.047759479683045614e+00 7.787188392292480055e-01 7.093186929127759388e-01 3.102845952557172216e-01
1.230000000000000000e+02 1.000000000000000000e+00 1.000000000000000000e+00 1.000000000000000000e+00 4.092334871440175270e-01 5.822659719687597324e-01
1.230000000000000000e+02 9.695567196175017832e-01 1.063679306244060818e+00 7.049584523056640073e-01 4.092334871440175270e-01 5.822659719687597324e-01
1.240000000000000000e+02 1.000000000000000000e+00 1.000000000000000000e+00 1.000000000000000000e+00 4.959519168679880075e-01 5.824006251369266973e-01
1.240000000000000000e+02 9.923891799043754736e-01 1.015919826561015205e+00 9.262396130764160018e-01 4.959519168679880075e-01 5.824006251369266973e-01
1.250000000000000000e+02 1.000000000000000000e+00 1.000000000000000000e+00 1.000000000000000000e+00 5.118989110243987728e-01 2.577921018702457046e-01
1.250000000000000000e+02 9.847783598087509471e-01 1.031839653122030409e+00 8.524792261528320036e-01 5.118989110243987728e-01 2.577921018702457046e-01
1.260000000000000000e+02 1.000000000000000000e+00 1.000000000000000000e+00 1.000000000000000000e+00 3.376957383666594481e-01 4.920265029217946173e-01
1.260000000000000000e+02 9.771675397131263097e-01 1.047759479683045614e+00 7.787188392292480055e-01 3.376957383666594481e-01 4.920265029217946173e-01
1.270000000000000000e+02 1.000000000000000000e+00 1.000000000000000000e+00 1.000000000000000000e+00 5.024969886405129538e-01 5.001226691858184914e-01
1.270000000000000000e+02 9.695567196175017832e-01 1.063679306244060818e+00 7.049584523056640073e-01 5.024969886405129538e-01 5.001226691858184914e-01
1.280000000000000000e+02 1.000000000000000000e+00 1.000000000000000000e+00 1.000000000000000000e+00 5.037398392125450597e-01 5.002758671134988067e-01
1.280000000000000000e+02 9.923891799043754736e-01 1.015919826561015205e+00 9.262396130764160018e-01 5.037398392125450597e-01 5.002758671134988067e-01
1.290000000000000000e+02 1.000000000000000000e+00 1.000000000000000000e+00 1.000000000000000000e+00 3.366936877188644317e-01 4.879538027105544407e-01
1.290000000000000000e+02 9.847783598087509471e-01 1.031839653122030409e+00 8.524792261528320036e-01 3.366936877188644317e-01 4.879538027105544407e-01
1.300000000000000000e+02 1.000000000000000000e+00 1.000000000000000000e+00 1.000000000000000000e+00 5.179313623774188802e-01 2.569104511845692329e-01
1.300000000000000000e+02 9.771675397131263097e-01 1.047759479683045614e+00 7.787188392292480055e-01 5.179313623774188802e-01 2.569104511845692329e-01
1.310000000000000000e+02 1.000000000000000000e+00 1.000000000000000000e+00 1.000000000000000000e+00 4.938389677985278725e-01 5.835230757468403695e-01
1.310000000000000000e+02 9.695567196175017832e-01 1.063679306244060818e+00 7.049584523056640073e-01 4.938389677985278725e-01 5.835230757468403695e-01
1.320000000000000000e+02 1.000000000000000000e+00 1.000000000000000000e+00 1.000000000000000000e+00 4.062954052448225495e-01 5.808301393155298475e-01
1.320000000000000000e+02 9.923891799043754736e-01 1.015919826561015205e+00 9.262396130764160018e-01 4.062954052448225495e-01 5.808301393155298475e-01
1.330000000000000000e+02 1.000000000000000000e+00 1.000000000000000000e+00 1.000000000000000000e+00 7.148580101962148659e-01 3.146622058118657694e-01
1.330000000000000000e+02 9.847783598087509471e-01 1.031839653122030409e+00 8.524792261528320036e-01 7.148580101962148659e-01 3.146622058118657694e-01
1.340000000000000000e+02 1.000000000000000000e+00 1.000000000000000000e+00 1.000000000000000000e+00 3.669160332481679054e-01 3.457186975243038418e-01
1.340000000000000000e+02 9.771675397131263097e-01 1.047759479683045614e+00 7.787188392292480055e-01 3.669160332481679054e-01 3.457186975243038418e-01
1.350000000000000000e+02 1.000000000000000000e+00 1.000000000000000000e+00 1.000000000000000000e+00 5.285763118792277115e-01 5.331278870346587428e-01
1.350000000000000000e+02 9.695567196175017832e-01 1.063679306244060818e+00 7.049584523056640073e-01 5.285763118792277115e-01 5.331278870346587428e-01
1.360000000000000000e+02 1.000000000000000000e+00 1.000000000000000000e+00 1.000000000000000000e+00 5.199972109504293893e-01 5.605324215128061338e-01
1.360000000000000000e+02 9.923891799043754736e-01 1.015919826561015205e+00 9.262396130764160018e-01 5.199972109504293893e-01 5.605324215128061338e-01
1.370000000000000000e+02 1.000000000000000000e+00 1.000000000000000000e+00 1.000000000000000000e+00 4.298137105857480211e-01 2.875430695923080204e-01
1.370000000000000000e+02 9.847783598087509471e-01 1.031839653122030409e+00 8.524792261528320036e-01 4.298137105857480211e-01 2.875430695923080204e-01
1.380000000000000000e+02 1.000000000000000000e+00 1.000000000000000000e+00 1.000000000000000000e+00 7.884191848551349580e-01 4.047191713538367264e-01
1.380000000000000000e+02 9.771675397131263097e-01 1.047759479683045614e+00 7.787188392292480055e-01 7.884191848551349580e-01 4.047191713538367264e-01
1.390000000000000000e+02 1.000000000000000000e+00 1.000000000000000000e+00 1.000000000000000000e+00 3.635053240397509988e-01 5.450917501823406841e-01
1.390000000000000000e+02 9.695567196175017832e-01 1.063679306244060818e+00 7.049584523056640073e-01 3.635053240397509988e-01 5.450917501823406841e-01
