2.000000000000000000e+02 1.000000000000000000e+00 1.000000000000000000e+00 1.000000000000000000e+00 5.176697201827120676e-01 5.638501643589478585e-01
2.000000000000000000e+02 9.971966397025927575e-01 9.000269471466475490e-01 1.006908135128728787e+00 5.176697201827120676e-01 5.638501643589478585e-01
2.010000000000000000e+02 1.000000000000000000e+00 1.000000000000000000e+00 1.000000000000000000e+00 4.396562386213042073e-01 2.819456651137817182e-01
2.010000000000000000e+02 9.943932794051855151e-01 8.000538942932952091e-01 1.013816270257457797e+00 4.396562386213042073e-01 2.819456651137817182e-01
2.020000000000000000e+02 1.000000000000000000e+00 1.000000000000000000e+00 1.000000000000000000e+00 7.951564201498535489e-01 4.183192180233122892e-01
2.020000000000000000e+02 9.915899191077783836e-01 7.000808414399428692e-01 1.020724405386186806e+00 7.951564201498535489e-01 4.183192180233122892e-01
2.030000000000000000e+02 1.000000000000000000e+00 1.000000000000000000e+00 1.000000000000000000e+00 3.590477503774169299e-01 5.390067407807038746e-01
2.030000000000000000e+02 9.887865588103711412e-01 6.001077885865904182e-01 1.027632540514915593e+00 3.590477503774169299e-01 5.390067407807038746e-01
2.040000000000000000e+02 1.000000000000000000e+00 1.000000000000000000e+00 1.000000000000000000e+00 4.476295670755854328e-01 5.924467428053006302e-01
2.040000000000000000e+02 9.971966397025927575e-01 9.000269471466475490e-01 1.006908135128728787e+00 4.476295670755854328e-01 5.924467428053006302e-01
2.050000000000000000e+02 1.000000000000000000e+00 1.000000000000000000e+00 1.000000000000000000e+00 6.312341436811799156e-01 2.683393386173055783e-01
2.050000000000000000e+02 9.943932794051855151e-01 8.000538942932952091e-01 1.013816270257457797e+00 6.312341436811799156e-01 2.683393386173055783e-01
2.060000000000000000e+02 1.000000000000000000e+00 1.000000000000000000e+00 1.000000000000000000e+00 3.379462979060025019e-01 4.081977116972027586e-01
2.060000000000000000e+02 9.915899191077783836e-01 7.000808414399428692e-01 1.020724405386186806e+00 3.379462979060025019e-01 4.081977116972027586e-01
2.070000000000000000e+02 1.000000000000000000e+00 1.000000000000000000e+00 1.000000000000000000e+00 5.228397835166036511e-01 5.129385775460317820e-01
2.070000000000000000e+02 9.887865588103711412e-01 6.001077885865904182e-01 1.027632540514915593e+00 5.228397835166036511e-01 5.129385775460317820e-01
2.080000000000000000e+02 1.000000000000000000e+00 1.000000000000000000e+00 1.000000000000000000e+00 5.274488206858600758e-01 5.236775155570744245e-01
2.080000000000000000e+02 9.971966397025927575e-01 9.000269471466475490e-01 1.006908135128728787e+00 5.274488206858600758e-01 5.236775155570744245e-01
2.090000000000000000e+02 1.000000000000000000e+00 1.000000000000000000e+00 1.000000000000000000e+00 3.513977638731023423e-01 3.718148295703213591e-01
2.090000000000000000e+02 9.943932794051855151e-01 8.000538942932952091e-01 1.013816270257457797e+00 3.513977638731023423e-01 3.718148295703213591e-01
2.100000000000000000e+02 1.000000000000000000e+00 1.000000000000000000e+00 1.000000000000000000e+00 6.804389978659808325e-01 2.908210561525836346e-01
2.100000000000000000e+02 9.915899191077783836e-01 7.000808414399428692e-01 1.020724405386186806e+00 6.804389978659808325e-01 2.908210561525836346e-01
2.110000000000000000e+02 1.000000000000000000e+00 1.000000000000000000e+00 1.000000000000000000e+00 4.240686570066234395e-01 5.880255284063788945e-01
2.110000000000000000e+02 9.887865588103711412e-01 6.001077885865904182e-01 1.027632540514915593e+00 4.240686570066234395e-01 5.880255284063788945e-01
2.120000000000000000e+02 1.000000000000000000e+00 1.000000000000000000e+00 1.000000000000000000e+00 3.441733661439546621e-01 5.114944630624480570e-01
2.120000000000000000e+02 9.971966397025927575e-01 9.000269471466475490e-01 1.006908135128728787e+00 3.441733661439546621e-01 5.114944630624480570e-01
2.130000000000000000e+02 1.000000000000000000e+00 1.000000000000000000e+00 1.000000000000000000e+00 8.153931069246358465e-01 4.767352067616051903e-01
2.130000000000000000e+02 9.943932794051855151e-01 8.000538942932952091e-01 1.013816270257457797e+00 8.153931069246358465e-01 4.767352067616051903e-01
2.140000000000000000e+02 1.000000000000000000e+00 1.000000000000000000e+00 1.000000000000000000e+00 4.826203718495785666e-01 2.643901296096594633e-01
2.140000000000000000e+02 9.915899191077783836e-01 7.000808414399428692e-01 1.020724405386186806e+00 4.826203718495785666e-01 2.643901296096594633e-01
2.150000000000000000e+02 1.000000000000000000e+00 1.000000000000000000e+00 1.000000000000000000e+00 5.056092979744746252e-01 5.760433973217501391e-01
2.150000000000000000e+02 9.887865588103711412e-01 6.001077885865904182e-01 1.027632540514915593e+00 5.056092979744746252e-01 5.760433973217501391e-01
2.160000000000000000e+02 1.000000000000000000e+00 1.000000000000000000e+00 1.000000000000000000e+00 5.252906372930715717e-01 5.502438669422476947e-01
2.160000000000000000e+02 9.971966397025927575e-01 9.000269471466475490e-01 1.006908135128728787e+00 5.252906372930715717e-01 5.502438669422476947e-01
2.170000000000000000e+02 1.000000000000000000e+00 1.000000000000000000e+00 1.000000000000000000e+00 4.027715499621912221e-01 3.068402448664698245e-01
2.170000000000000000e+02 9.943932794051855151e-01 8.000538942932952091e-01 1.013816270257457797e+00 4.027715499621912221e-01 3.068402448664698245e-01
2.180000000000000000e+02 1.000000000000000000e+00 1.000000000000000000e+00 1.000000000000000000e+00 7.646176992291713326e-01 3.668026435898226745e-01
2.180000000000000000e+02 9.915899191077783836e-01 7.000808414399428692e-01 1.020724405386186806e+00 7.646176992291713326e-01 3.668026435898226745e-01
2.190000000000000000e+02 1.000000000000000000e+00 1.000000000000000000e+00 1.000000000000000000e+00 3.782981889621110372e-01 5.612595436654401748e-01
2.190000000000000000e+02 9.887865588103711412e-01 6.001077885865904182e-01 1.027632540514915593e+00 3.782981889621110372e-01 5.612595436654401748e-01
