2.720000000000000000e+03 1.000000000000000000e+00 1.000000000000000000e+00 1.000000000000000000e+00 5.184170856213236034e-01 5.075955289962227335e-01
2.720000000000000000e+03 1.014283464332180085e+00 9.050835733118907100e-01 1.014757862591546322e+00 5.184170856213236034e-01 5.075955289962227335e-01
2.721000000000000000e+03 1.000000000000000000e+00 1.000000000000000000e+00 1.000000000000000000e+00 3.336684384866343556e-01 4.314019479282312775e-01
2.721000000000000000e+03 1.028566928664360169e+00 8.101671466237815311e-01 1.029515725183092645e+00 3.336684384866343556e-01 4.314019479282312775e-01
2.722000000000000000e+03 1.000000000000000000e+00 1.000000000000000000e+00 1.000000000000000000e+00 5.990993136095417171e-01 2.597112005406133628e-01
2.722000000000000000e+03 1.042850392996540254e+00 7.152507199356723522e-01 1.044273587774638967e+00 5.990993136095417171e-01 2.597112005406133628e-01
2.723000000000000000e+03 1.000000000000000000e+00 1.000000000000000000e+00 1.000000000000000000e+00 4.619032094660042720e-01 5.923743235673446517e-01
2.723000000000000000e+03 1.057133857328720339e+00 6.203342932475630622e-01 1.059031450366185290e+00 4.619032094660042720e-01 5.923743235673446517e-01
2.724000000000000000e+03 1.000000000000000000e+00 1.000000000000000000e+00 1.000000000000000000e+00 3.708113338011973514e-01 5.537440194746352518e-01
2.724000000000000000e+03 1.014283464332180085e+00 9.050835733118907100e-01 1.014757862591546322e+00 3.708113338011973514e-01 5.537440194746352518e-01
2.725000000000000000e+03 1.000000000000000000e+00 1.000000000000000000e+00 1.000000000000000000e+00 7.769152928739271324e-01 3.847999493226552103e-01
2.725000000000000000e+03 1.028566928664360169e+00 8.101671466237815311e-01 1.029515725183092645e+00 7.769152928739271324e-01 3.847999493226552103e-01
2.726000000000000000e+03 1.000000000000000000e+00 1.000000000000000000e+00 1.000000000000000000e+00 4.155279649240100071e-01 2.969480204636351095e-01
2.726000000000000000e+03 1.042850392996540254e+00 7.152507199356723522e-01 1.044273587774638967e+00 4.155279649240100071e-01 2.969480204636351095e-01
2.727000000000000000e+03 1.000000000000000000e+00 1.000000000000000000e+00 1.000000000000000000e+00 5.230160038732803995e-01 5.553253528612404066e-01
2.727000000000000000e+03 1.057133857328720339e+00 6.203342932475630622e-01 1.059031450366185290e+00 5.230160038732803995e-01 5.553253528612404066e-01
2.728000000000000000e+03 1.000000000000000000e+00 1.000000000000000000e+00 1.000000000000000000e+00 5.001225985727006940e-01 5.799217809680540237e-01
2.728000000000000000e+03 1.014283464332180085e+00 9.050835733118907100e-01 1.014757862591546322e+00 5.001225985727006940e-01 5.799217809680540237e-01
2.729000000000000000e+03 1.000000000000000000e+00 1.000000000000000000e+00 1.000000000000000000e+00 4.996319645974936496e-01 2.600784072796736845e-01
2.729000000000000000e+03 1.028566928664360169e+00 8.101671466237815311e-01 1.029515725183092645e+00 4.996319645974936496e-01 2.600784072796736845e-01
2.730000000000000000e+03 1.000000000000000000e+00 1.000000000000000000e+00 1.000000000000000000e+00 8.199214985964624614e-01 4.995092461825907937e-01
2.730000000000000000e+03 1.042850392996540254e+00 7.152507199356723522e-01 1.044273587774638967e+00 8.199214985964624614e-01 4.995092461825907937e-01
2.731000000000000000e+03 1.000000000000000000e+00 1.000000000000000000e+00 1.000000000000000000e+00 3.400783131558098860e-01 5.002453169876035499e-01
2.731000000000000000e+03 1.057133857328720339e+00 6.203342932475630622e-01 1.059031450366185290e+00 3.400783131558098860e-01 5.002453169876035499e-01
2.732000000000000000e+03 1.000000000000000000e+00 1.000000000000000000e+00 1.000000000000000000e+00 4.153326065371300002e-01 5.849275490504652897e-01
2.732000000000000000e+03 1.014283464332180085e+00 9.050835733118907100e-01 1.014757862591546322e+00 4.153326065371300002e-01 5.849275490504652897e-01
2.733000000000000000e+03 1.000000000000000000e+00 1.000000000000000000e+00 1.000000000000000000e+00 6.976307952947643498e-01 3.017619490242234859e-01
2.733000000000000000e+03 1.028566928664360169e+00 8.101671466237815311e-01 1.029515725183092645e+00 6.976307952947643498e-01 3.017619490242234859e-01
2.734000000000000000e+03 1.000000000000000000e+00 1.000000000000000000e+00 1.000000000000000000e+00 3.584171999868791536e-01 3.588509056211828252e-01
2.734000000000000000e+03 1.042850392996540254e+00 7.152507199356723522e-01 1.044273587774638967e+00 3.584171999868791536e-01 3.588509056211828252e-01
2.735000000000000000e+03 1.000000000000000000e+00 1.000000000000000000e+00 1.000000000000000000e+00 5.282722980878096219e-01 5.281856925469228248e-01
2.735000000000000000e+03 1.057133857328720339e+00 6.203342932475630622e-01 1.059031450366185290e+00 5.282722980878096219e-01 5.281856925469228248e-01
2.736000000000000000e+03 1.000000000000000000e+00 1.000000000000000000e+00 1.000000000000000000e+00 5.249046009652434952e-01 5.165855194153700092e-01
2.736000000000000000e+03 1.014283464332180085e+00 9.050835733118907100e-01 1.014757862591546322e+00 5.249046009652434952e-01 5.165855194153700092e-01
2.737000000000000000e+03 1.000000000000000000e+00 1.000000000000000000e+00 1.000000000000000000e+00 3.419240601918877021e-01 3.947274211520507281e-01
2.737000000000000000e+03 1.028566928664360169e+00 8.101671466237815311e-01 1.029515725183092645e+00 3.419240601918877021e-01 3.947274211520507281e-01
2.738000000000000000e+03 1.000000000000000000e+00 1.000000000000000000e+00 1.000000000000000000e+00 6.496161085642387922e-01 2.753383907704532452e-01
2.738000000000000000e+03 1.042850392996540254e+00 7.152507199356723522e-01 1.044273587774638967e+00 6.496161085642387922e-01 2.753383907704532452e-01
2.739000000000000000e+03 1.000000000000000000e+00 1.000000000000000000e+00 1.000000000000000000e+00 4.390709508683403595e-01 5.914902703866778966e-01
2.739000000000000000e+03 1.057133857328720339e+00 6.203342932475630622e-01 1.059031450366185290e+00 4.390709508683403595e-01 5.914902703866778966e-01
