1.800000000000000000e+03 1.000000000000000000e+00 1.000000000000000000e+00 1.000000000000000000e+00 5.219239324632403143e-01 5.573591206732615433e-01
1.800000000000000000e+03 9.130769461188299463e-01 9.876632206480556730e-01 1.011018463728720507e+00 5.219239324632403143e-01 5.573591206732615433e-01
1.801000000000000000e+03 1.000000000000000000e+00 1.000000000000000000e+00 1.000000000000000000e+00 4.209511137394107982e-01 2.931860712620570908e-01
1.801000000000000000e+03 8.261538922376598926e-01 9.753264412961113461e-01 1.022036927457441013e+00 4.209511137394107982e-01 2.931860712620570908e-01
1.802000000000000000e+03 1.000000000000000000e+00 1.000000000000000000e+00 1.000000000000000000e+00 7.815413327702835922e-01 3.923886368407363823e-01
1.802000000000000000e+03 7.392308383564899499e-01 9.629896619441671302e-01 1.033055391186161298e+00 7.815413327702835922e-01 3.923886368407363823e-01
1.803000000000000000e+03 1.000000000000000000e+00 1.000000000000000000e+00 1.000000000000000000e+00 3.679134752943977738e-01 5.504864093619147303e-01
1.803000000000000000e+03 6.523077844753198962e-01 9.506528825922228032e-01 1.044073854914881805e+00 3.679134752943977738e-01 5.504864093619147303e-01
1.804000000000000000e+03 1.000000000000000000e+00 1.000000000000000000e+00 1.000000000000000000e+00 4.586217716094732610e-01 5.925800721231297974e-01
1.804000000000000000e+03 9.130769461188299463e-01 9.876632206480556730e-01 1.011018463728720507e+00 4.586217716094732610e-01 5.925800721231297974e-01
1.805000000000000000e+03 1.000000000000000000e+00 1.000000000000000000e+00 1.000000000000000000e+00 6.066652944489232535e-01 2.613459774083264908e-01
1.805000000000000000e+03 8.261538922376598926e-01 9.753264412961113461e-01 1.022036927457441013e+00 6.066652944489232535e-01 2.613459774083264908e-01
1.806000000000000000e+03 1.000000000000000000e+00 1.000000000000000000e+00 1.000000000000000000e+00 3.343829526425983745e-01 4.259782385802750038e-01
1.806000000000000000e+03 7.392308383564899499e-01 9.629896619441671302e-01 1.033055391186161298e+00 3.343829526425983745e-01 4.259782385802750038e-01
1.807000000000000000e+03 1.000000000000000000e+00 1.000000000000000000e+00 1.000000000000000000e+00 5.195430968888579137e-01 5.087346953613284262e-01
1.807000000000000000e+03 6.523077844753198962e-01 9.506528825922228032e-01 1.044073854914881805e+00 5.195430968888579137e-01 5.087346953613284262e-01
1.808000000000000000e+03 1.000000000000000000e+00 1.000000000000000000e+00 1.000000000000000000e+00 5.256216713393989659e-01 5.181626676685535671e-01
1.808000000000000000e+03 9.130769461188299463e-01 9.876632206480556730e-01 1.011018463728720507e+00 5.256216713393989659e-01 5.181626676685535671e-01
1.809000000000000000e+03 1.000000000000000000e+00 1.000000000000000000e+00 1.000000000000000000e+00 3.438480229315236114e-01 3.893071249055815586e-01
1.809000000000000000e+03 8.261538922376598926e-01 9.753264412961113461e-01 1.022036927457441013e+00 3.438480229315236114e-01 3.893071249055815586e-01
1.810000000000000000e+03 1.000000000000000000e+00 1.000000000000000000e+00 1.000000000000000000e+00 6.569579788073508508e-01 2.785828700669849001e-01
1.810000000000000000e+03 7.392308383564899499e-01 9.629896619441671302e-01 1.033055391186161298e+00 6.569579788073508508e-01 2.785828700669849001e-01
1.811000000000000000e+03 1.000000000000000000e+00 1.000000000000000000e+00 1.000000000000000000e+00 4.355722286185140235e-01 5.908868242039376772e-01
1.811000000000000000e+03 6.523077844753198962e-01 9.506528825922228032e-01 1.044073854914881805e+00 4.355722286185140235e-01 5.908868242039376772e-01
1.812000000000000000e+03 1.000000000000000000e+00 1.000000000000000000e+00 1.000000000000000000e+00 3.507440958775980278e-01 5.254269074735179457e-01
1.812000000000000000e+03 9.130769461188299463e-01 9.876632206480556730e-01 1.011018463728720507e+00 3.507440958775980278e-01 5.254269074735179457e-01
1.813000000000000000e+03 1.000000000000000000e+00 1.000000000000000000e+00 1.000000000000000000e+00 8.069835055892127240e-01 4.477029653305250601e-01
1.813000000000000000e+03 8.261538922376598926e-01 9.753264412961113461e-01 1.022036927457441013e+00 8.069835055892127240e-01 4.477029653305250601e-01
1.814000000000000000e+03 1.000000000000000000e+00 1.000000000000000000e+00 1.000000000000000000e+00 4.611380289285035849e-01 2.718802951441925964e-01
1.814000000000000000e+03 7.392308383564899499e-01 9.629896619441671302e-01 1.033055391186161298e+00 4.611380289285035849e-01 2.718802951441925964e-01
1.815000000000000000e+03 1.000000000000000000e+00 1.000000000000000000e+00 1.000000000000000000e+00 5.119918438755394208e-01 5.703921033889965964e-01
1.815000000000000000e+03 6.523077844753198962e-01 9.506528825922228032e-01 1.044073854914881805e+00 5.119918438755394208e-01 5.703921033889965964e-01
1.816000000000000000e+03 1.000000000000000000e+00 1.000000000000000000e+00 1.000000000000000000e+00 5.273688482924372423e-01 5.435149248213536621e-01
1.816000000000000000e+03 9.130769461188299463e-01 9.876632206480556730e-01 1.011018463728720507e+00 5.273688482924372423e-01 5.435149248213536621e-01
1.817000000000000000e+03 1.000000000000000000e+00 1.000000000000000000e+00 1.000000000000000000e+00 3.874466512472110047e-01 3.210465249747981309e-01
1.817000000000000000e+03 8.261538922376598926e-01 9.753264412961113461e-01 1.022036927457441013e+00 3.874466512472110047e-01 3.210465249747981309e-01
1.818000000000000000e+03 1.000000000000000000e+00 1.000000000000000000e+00 1.000000000000000000e+00 7.466727501271259726e-01 3.448544010170351282e-01
1.818000000000000000e+03 7.392308383564899499e-01 9.629896619441671302e-01 1.033055391186161298e+00 7.466727501271259726e-01 3.448544010170351282e-01
1.819000000000000000e+03 1.000000000000000000e+00 1.000000000000000000e+00 1.000000000000000000e+00 3.887658000767222344e-01 5.699610985226130078e-01
1.819000000000000000e+03 6.523077844753198962e-01 9.506528825922228032e-01 1.044073854914881805e+00 3.887658000767222344e-01 5.699610985226130078e-01
