9.400000000000000000e+02 1.000000000000000000e+00 1.000000000000000000e+00 1.000000000000000000e+00 4.203478283600330934e-01 5.868062020208651974e-01
9.400000000000000000e+02 9.944605647989379626e-01 9.786613380984932054e-01 9.041075823624235008e-01 4.203478283600330934e-01 5.868062020208651974e-01
9.410000000000000000e+02 1.000000000000000000e+00 1.000000000000000000e+00 1.000000000000000000e+00 6.878270042120173677e-01 2.953031469587555913e-01
9.410000000000000000e+02 9.889211295978759253e-01 9.573226761969864107e-01 8.082151647248470017e-01 6.878270042120173677e-01 2.953031469587555913e-01
9.420000000000000000e+02 1.000000000000000000e+00 1.000000000000000000e+00 1.000000000000000000e+00 3.542484724689452524e-01 3.662604120740078351e-01
9.420000000000000000e+02 9.833816943968138879e-01 9.359840142954795050e-01 7.123227470872706135e-01 3.542484724689452524e-01 3.662604120740078351e-01
9.430000000000000000e+02 1.000000000000000000e+00 1.000000000000000000e+00 1.000000000000000000e+00 5.278608765106755918e-01 5.255647553539416483e-01
9.430000000000000000e+02 9.778422591957518506e-01 9.146453523939727104e-01 6.164303294496941144e-01 5.278608765106755918e-01 5.255647553539416483e-01
9.440000000000000000e+02 1.000000000000000000e+00 1.000000000000000000e+00 1.000000000000000000e+00 5.237673940514127047e-01 5.144445884764804466e-01
9.440000000000000000e+02 9.944605647989379626e-01 9.786613380984932054e-01 9.041075823624235008e-01 5.237673940514127047e-01 5.144445884764804466e-01
9.450000000000000000e+02 1.000000000000000000e+00 1.000000000000000000e+00 1.000000000000000000e+00 3.395033278101232121e-01 4.024584530970252150e-01
9.450000000000000000e+02 9.889211295978759253e-01 9.573226761969864107e-01 8.082151647248470017e-01 3.395033278101232121e-01 4.024584530970252150e-01
9.460000000000000000e+02 1.000000000000000000e+00 1.000000000000000000e+00 1.000000000000000000e+00 6.390900261162218987e-01 2.711386887408910873e-01
9.460000000000000000e+02 9.833816943968138879e-01 9.359840142954795050e-01 7.123227470872706135e-01 6.390900261162218987e-01 2.711386887408910873e-01
9.470000000000000000e+02 1.000000000000000000e+00 1.000000000000000000e+00 1.000000000000000000e+00 4.440069323102723842e-01 5.921320331206447740e-01
9.470000000000000000e+02 9.778422591957518506e-01 9.146453523939727104e-01 6.164303294496941144e-01 4.440069323102723842e-01 5.921320331206447740e-01
9.480000000000000000e+02 1.000000000000000000e+00 1.000000000000000000e+00 1.000000000000000000e+00 3.563995811135946545e-01 5.350350517610423795e-01
9.480000000000000000e+02 9.944605647989379626e-01 9.786613380984932054e-01 9.041075823624235008e-01 3.563995811135946545e-01 5.350350517610423795e-01
9.490000000000000000e+02 1.000000000000000000e+00 1.000000000000000000e+00 1.000000000000000000e+00 7.990410414442055131e-01 4.270411712798586890e-01
9.490000000000000000e+02 9.889211295978759253e-01 9.573226761969864107e-01 8.082151647248470017e-01 7.990410414442055131e-01 4.270411712798586890e-01
9.500000000000000000e+02 1.000000000000000000e+00 1.000000000000000000e+00 1.000000000000000000e+00 4.460030597594081270e-01 2.786792698346945429e-01
9.500000000000000000e+02 9.833816943968138879e-01 9.359840142954795050e-01 7.123227470872706135e-01 4.460030597594081270e-01 2.786792698346945429e-01
9.510000000000000000e+02 1.000000000000000000e+00 1.000000000000000000e+00 1.000000000000000000e+00 5.160731632814929970e-01 5.658801076075051784e-01
9.510000000000000000e+02 9.778422591957518506e-01 9.146453523939727104e-01 6.164303294496941144e-01 5.160731632814929970e-01 5.658801076075051784e-01
9.520000000000000000e+02 1.000000000000000000e+00 1.000000000000000000e+00 1.000000000000000000e+00 5.282456982451274596e-01 5.385773986538129332e-01
9.520000000000000000e+02 9.944605647989379626e-01 9.786613380984932054e-01 9.041075823624235008e-01 5.282456982451274596e-01 5.385773986538129332e-01
9.530000000000000000e+02 1.000000000000000000e+00 1.000000000000000000e+00 1.000000000000000000e+00 3.772327494574526652e-01 3.323269927791792089e-01
9.530000000000000000e+02 9.889211295978759253e-01 9.573226761969864107e-01 8.082151647248470017e-01 3.772327494574526652e-01 3.323269927791792089e-01
9.540000000000000000e+02 1.000000000000000000e+00 1.000000000000000000e+00 1.000000000000000000e+00 7.322208115043247201e-01 3.299719733087427276e-01
9.540000000000000000e+02 9.833816943968138879e-01 9.359840142954795050e-01 7.123227470872706135e-01 7.322208115043247201e-01 3.299719733087427276e-01
9.550000000000000000e+02 1.000000000000000000e+00 1.000000000000000000e+00 1.000000000000000000e+00 3.968747970626831378e-01 5.755064743938373972e-01
9.550000000000000000e+02 9.778422591957518506e-01 9.146453523939727104e-01 6.164303294496941144e-01 3.968747970626831378e-01 5.755064743938373972e-01
9.560000000000000000e+02 1.000000000000000000e+00 1.000000000000000000e+00 1.000000000000000000e+00 4.865824971694929224e-01 5.867813676663564681e-01
9.560000000000000000e+02 9.944605647989379626e-01 9.786613380984932054e-01 9.041075823624235008e-01 4.865824971694929224e-01 5.867813676663564681e-01
9.570000000000000000e+02 1.000000000000000000e+00 1.000000000000000000e+00 1.000000000000000000e+00 5.378650524718580073e-01 2.550974214967236531e-01
9.570000000000000000e+02 9.889211295978759253e-01 9.573226761969864107e-01 8.082151647248470017e-01 5.378650524718580073e-01 2.550974214967236531e-01
9.580000000000000000e+02 1.000000000000000000e+00 1.000000000000000000e+00 1.000000000000000000e+00 3.341580269151835925e-01 4.743587223488174853e-01
9.580000000000000000e+02 9.833816943968138879e-01 9.359840142954795050e-01 7.123227470872706135e-01 3.341580269151835925e-01 4.743587223488174853e-01
9.590000000000000000e+02 1.000000000000000000e+00 1.000000000000000000e+00 1.000000000000000000e+00 5.077207622478965288e-01 5.011937280098316405e-01
9.590000000000000000e+02 9.778422591957518506e-01 9.146453523939727104e-01 6.164303294496941144e-01 5.077207622478965288e-01 5.011937280098316405e-01
