5.020000000000000000e+03 1.000000000000000000e+00 1.000000000000000000e+00 1.000000000000000000e+00 4.766601991500161173e-01 5.899509895172406759e-01
5.020000000000000000e+03 9.000544114647131000e-01 9.850477072271717205e-01 9.856011793734605897e-01 4.766601991500161173e-01 5.899509895172406759e-01
5.021000000000000000e+03 1.000000000000000000e+00 1.000000000000000000e+00 1.000000000000000000e+00 5.635246786480224701e-01 2.551775295821212541e-01
5.021000000000000000e+03 8.001088229294262000e-01 9.700954144543434410e-01 9.712023587469211794e-01 5.635246786480224701e-01 2.551775295821212541e-01
5.022000000000000000e+03 1.000000000000000000e+00 1.000000000000000000e+00 1.000000000000000000e+00 3.326132700324402336e-01 4.565677602509967681e-01
5.022000000000000000e+03 7.001632343941394110e-01 9.551431216815150504e-01 9.568035381203816581e-01 3.326132700324402336e-01 4.565677602509967681e-01
5.023000000000000000e+03 1.000000000000000000e+00 1.000000000000000000e+00 1.000000000000000000e+00 5.125152490669216965e-01 5.032473619509645335e-01
5.023000000000000000e+03 6.002176458588525110e-01 9.401908289086867709e-01 9.424047174938422478e-01 5.125152490669216965e-01 5.032473619509645335e-01
5.024000000000000000e+03 1.000000000000000000e+00 1.000000000000000000e+00 1.000000000000000000e+00 5.168300290143241771e-01 5.061825413241369809e-01
5.024000000000000000e+03 9.000544114647131000e-01 9.850477072271717205e-01 9.856011793734605897e-01 5.168300290143241771e-01 5.061825413241369809e-01
5.025000000000000000e+03 1.000000000000000000e+00 1.000000000000000000e+00 1.000000000000000000e+00 3.329830454025125563e-01 4.386460223715814566e-01
5.025000000000000000e+03 8.001088229294262000e-01 9.700954144543434410e-01 9.712023587469211794e-01 3.329830454025125563e-01 4.386460223715814566e-01
5.026000000000000000e+03 1.000000000000000000e+00 1.000000000000000000e+00 1.000000000000000000e+00 5.889396957805592692e-01 2.578895826109309786e-01
5.026000000000000000e+03 7.001632343941394110e-01 9.551431216815150504e-01 9.568035381203816581e-01 5.889396957805592692e-01 2.578895826109309786e-01
5.027000000000000000e+03 1.000000000000000000e+00 1.000000000000000000e+00 1.000000000000000000e+00 4.662317405237222379e-01 5.919234918059058659e-01
5.027000000000000000e+03 6.002176458588525110e-01 9.401908289086867709e-01 9.424047174938422478e-01 4.662317405237222379e-01 5.919234918059058659e-01
5.028000000000000000e+03 1.000000000000000000e+00 1.000000000000000000e+00 1.000000000000000000e+00 3.748199377631617479e-01 5.579184833384729369e-01
5.028000000000000000e+03 9.000544114647131000e-01 9.850477072271717205e-01 9.856011793734605897e-01 3.748199377631617479e-01 5.579184833384729369e-01
5.029000000000000000e+03 1.000000000000000000e+00 1.000000000000000000e+00 1.000000000000000000e+00 7.703903525008114483e-01 3.748954198746721200e-01
5.029000000000000000e+03 8.001088229294262000e-01 9.700954144543434410e-01 9.712023587469211794e-01 7.703903525008114483e-01 3.748954198746721200e-01
5.030000000000000000e+03 1.000000000000000000e+00 1.000000000000000000e+00 1.000000000000000000e+00 4.084884682680996471e-01 3.022147926311751220e-01
5.030000000000000000e+03 7.001632343941394110e-01 9.551431216815150504e-01 9.568035381203816581e-01 4.084884682680996471e-01 3.022147926311751220e-01
5.031000000000000000e+03 1.000000000000000000e+00 1.000000000000000000e+00 1.000000000000000000e+00 5.243254349450453544e-01 5.525749171048516262e-01
5.031000000000000000e+03 6.002176458588525110e-01 9.401908289086867709e-01 9.424047174938422478e-01 5.243254349450453544e-01 5.525749171048516262e-01
5.032000000000000000e+03 1.000000000000000000e+00 1.000000000000000000e+00 1.000000000000000000e+00 5.031670076558862892e-01 5.778653084265079620e-01
5.032000000000000000e+03 9.000544114647131000e-01 9.850477072271717205e-01 9.856011793734605897e-01 5.031670076558862892e-01 5.778653084265079620e-01
5.033000000000000000e+03 1.000000000000000000e+00 1.000000000000000000e+00 1.000000000000000000e+00 4.903307049463642708e-01 2.622668703629773557e-01
5.033000000000000000e+03 8.001088229294262000e-01 9.700954144543434410e-01 9.712023587469211794e-01 4.903307049463642708e-01 2.622668703629773557e-01
5.034000000000000000e+03 1.000000000000000000e+00 1.000000000000000000e+00 1.000000000000000000e+00 8.176670402422798745e-01 4.870795612474894676e-01
5.034000000000000000e+03 7.001632343941394110e-01 9.551431216815150504e-01 9.568035381203816581e-01 8.176670402422798745e-01 4.870795612474894676e-01
5.035000000000000000e+03 1.000000000000000000e+00 1.000000000000000000e+00 1.000000000000000000e+00 3.422007809682346968e-01 5.064181513547609814e-01
5.035000000000000000e+03 6.002176458588525110e-01 9.401908289086867709e-01 9.424047174938422478e-01 3.422007809682346968e-01 5.064181513547609814e-01
5.036000000000000000e+03 1.000000000000000000e+00 1.000000000000000000e+00 1.000000000000000000e+00 4.200688727421557633e-01 5.867088581930242075e-01
5.036000000000000000e+03 9.000544114647131000e-01 9.850477072271717205e-01 9.856011793734605897e-01 4.200688727421557633e-01 5.867088581930242075e-01
5.037000000000000000e+03 1.000000000000000000e+00 1.000000000000000000e+00 1.000000000000000000e+00 6.883769362171451300e-01 2.956497098233298315e-01
5.037000000000000000e+03 8.001088229294262000e-01 9.700954144543434410e-01 9.712023587469211794e-01 6.883769362171451300e-01 2.956497098233298315e-01
5.038000000000000000e+03 1.000000000000000000e+00 1.000000000000000000e+00 1.000000000000000000e+00 3.544704258151528675e-01 3.658459682625052611e-01
5.038000000000000000e+03 7.001632343941394110e-01 9.551431216815150504e-01 9.568035381203816581e-01 3.544704258151528675e-01 3.658459682625052611e-01
5.039000000000000000e+03 1.000000000000000000e+00 1.000000000000000000e+00 1.000000000000000000e+00 5.278881422012011715e-01 5.257082227781937345e-01
5.039000000000000000e+03 6.002176458588525110e-01 9.401908289086867709e-01 9.424047174938422478e-01 5.278881422012011715e-01 5.257082227781937345e-01
