4.220000000000000000e+03 1.000000000000000000e+00 1.000000000000000000e+00 1.000000000000000000e+00 4.957563068648223048e-01 5.825081252906925133e-01
4.220000000000000000e+03 9.366012717696642342e-01 9.912060790302177349e-01 1.001137852248852989e+00 4.957563068648223048e-01 5.825081252906925133e-01
4.221000000000000000e+03 1.000000000000000000e+00 1.000000000000000000e+00 1.000000000000000000e+00 5.124622118499235768e-01 2.577030892763637060e-01
4.221000000000000000e+03 8.732025435393284685e-01 9.824121580604353587e-01 1.002275704497705977e+00 5.124622118499235768e-01 2.577030892763637060e-01
4.222000000000000000e+03 1.000000000000000000e+00 1.000000000000000000e+00 1.000000000000000000e+00 3.375974819928356241e-01 4.916470475074493085e-01
4.222000000000000000e+03 8.098038153089928137e-01 9.736182370906529826e-01 1.003413556746558966e+00 3.375974819928356241e-01 4.916470475074493085e-01
4.223000000000000000e+03 1.000000000000000000e+00 1.000000000000000000e+00 1.000000000000000000e+00 5.026137325742204842e-01 5.001344337778046434e-01
4.223000000000000000e+03 7.464050870786570480e-01 9.648243161208707175e-01 1.004551408995411954e+00 5.026137325742204842e-01 5.001344337778046434e-01
4.224000000000000000e+03 1.000000000000000000e+00 1.000000000000000000e+00 1.000000000000000000e+00 5.038560443803075106e-01 5.002933613765571108e-01
4.224000000000000000e+03 9.366012717696642342e-01 9.912060790302177349e-01 1.001137852248852989e+00 5.038560443803075106e-01 5.002933613765571108e-01
4.225000000000000000e+03 1.000000000000000000e+00 1.000000000000000000e+00 1.000000000000000000e+00 3.366049881273757149e-01 4.875691820741701599e-01
4.225000000000000000e+03 8.732025435393284685e-01 9.824121580604353587e-01 1.002275704497705977e+00 3.366049881273757149e-01 4.875691820741701599e-01
4.226000000000000000e+03 1.000000000000000000e+00 1.000000000000000000e+00 1.000000000000000000e+00 5.184995462004662325e-01 2.568355043812173832e-01
4.226000000000000000e+03 8.098038153089928137e-01 9.736182370906529826e-01 1.003413556746558966e+00 5.184995462004662325e-01 2.568355043812173832e-01
4.227000000000000000e+03 1.000000000000000000e+00 1.000000000000000000e+00 1.000000000000000000e+00 4.936379103488064968e-01 5.836255281264658423e-01
4.227000000000000000e+03 7.464050870786570480e-01 9.648243161208707175e-01 1.004551408995411954e+00 4.936379103488064968e-01 5.836255281264658423e-01
4.228000000000000000e+03 1.000000000000000000e+00 1.000000000000000000e+00 1.000000000000000000e+00 4.060207543441776701e-01 5.806906532698971057e-01
4.228000000000000000e+03 9.366012717696642342e-01 9.912060790302177349e-01 1.001137852248852989e+00 4.060207543441776701e-01 5.806906532698971057e-01
4.229000000000000000e+03 1.000000000000000000e+00 1.000000000000000000e+00 1.000000000000000000e+00 7.153728092654875192e-01 3.150807387851334296e-01
4.229000000000000000e+03 8.732025435393284685e-01 9.824121580604353587e-01 1.002275704497705977e+00 7.153728092654875192e-01 3.150807387851334296e-01
4.230000000000000000e+03 1.000000000000000000e+00 1.000000000000000000e+00 1.000000000000000000e+00 3.671950427576181619e-01 3.453239725393449921e-01
4.230000000000000000e+03 8.098038153089928137e-01 9.736182370906529826e-01 1.003413556746558966e+00 3.671950427576181619e-01 3.453239725393449921e-01
4.231000000000000000e+03 1.000000000000000000e+00 1.000000000000000000e+00 1.000000000000000000e+00 5.285763492974122624e-01 5.332824638509897630e-01
4.231000000000000000e+03 7.464050870786570480e-01 9.648243161208707175e-01 1.004551408995411954e+00 5.285763492974122624e-01 5.332824638509897630e-01
4.232000000000000000e+03 1.000000000000000000e+00 1.000000000000000000e+00 1.000000000000000000e+00 5.198943782248742762e-01 5.606896313566477330e-01
4.232000000000000000e+03 9.366012717696642342e-01 9.912060790302177349e-01 1.001137852248852989e+00 5.198943782248742762e-01 5.606896313566477330e-01
4.233000000000000000e+03 1.000000000000000000e+00 1.000000000000000000e+00 1.000000000000000000e+00 4.302662497818015575e-01 2.872707784067594083e-01
4.233000000000000000e+03 8.732025435393284685e-01 9.824121580604353587e-01 1.002275704497705977e+00 4.302662497818015575e-01 2.872707784067594083e-01
4.234000000000000000e+03 1.000000000000000000e+00 1.000000000000000000e+00 1.000000000000000000e+00 7.887490167115370765e-01 4.053465637851394465e-01
4.234000000000000000e+03 8.098038153089928137e-01 9.736182370906529826e-01 1.003413556746558966e+00 7.887490167115370765e-01 4.053465637851394465e-01
4.235000000000000000e+03 1.000000000000000000e+00 1.000000000000000000e+00 1.000000000000000000e+00 3.632905735250557822e-01 5.448140642215363316e-01
4.235000000000000000e+03 7.464050870786570480e-01 9.648243161208707175e-01 1.004551408995411954e+00 3.632905735250557822e-01 5.448140642215363316e-01
4.236000000000000000e+03 1.000000000000000000e+00 1.000000000000000000e+00 1.000000000000000000e+00 4.530867830306611332e-01 5.926689954232152724e-01
4.236000000000000000e+03 9.366012717696642342e-01 9.912060790302177349e-01 1.001137852248852989e+00 4.530867830306611332e-01 5.926689954232152724e-01
4.237000000000000000e+03 1.000000000000000000e+00 1.000000000000000000e+00 1.000000000000000000e+00 6.191796843278992712e-01 2.645810214051075304e-01
4.237000000000000000e+03 8.732025435393284685e-01 9.824121580604353587e-01 1.002275704497705977e+00 6.191796843278992712e-01 2.645810214051075304e-01
4.238000000000000000e+03 1.000000000000000000e+00 1.000000000000000000e+00 1.000000000000000000e+00 3.359560129909461290e-01 4.169535493513809588e-01
4.238000000000000000e+03 8.098038153089928137e-01 9.736182370906529826e-01 1.003413556746558966e+00 3.359560129909461290e-01 4.169535493513809588e-01
4.239000000000000000e+03 1.000000000000000000e+00 1.000000000000000000e+00 1.000000000000000000e+00 5.212940038373766738e-01 5.107799832900586923e-01
4.239000000000000000e+03 7.464050870786570480e-01 9.648243161208707175e-01 1.004551408995411954e+00 5.212940038373766738e-01 5.107799832900586923e-01
