4.840000000000000000e+03 1.000000000000000000e+00 1.000000000000000000e+00 1.000000000000000000e+00 5.108835062275466354e-01 5.714808864429339330e-01
4.840000000000000000e+03 1.002075316026199481e+00 9.072829435268900955e-01 9.957653718371894946e-01 5.108835062275466354e-01 5.714808864429339330e-01
4.841000000000000000e+03 1.000000000000000000e+00 1.000000000000000000e+00 1.000000000000000000e+00 4.650328408777848477e-01 2.703420682462842617e-01
4.841000000000000000e+03 1.004150632052398961e+00 8.145658870537803020e-01 9.915307436743791003e-01 4.650328408777848477e-01 2.703420682462842617e-01
4.842000000000000000e+03 1.000000000000000000e+00 1.000000000000000000e+00 1.000000000000000000e+00 8.087464544091066410e-01 4.529910144304505337e-01
4.842000000000000000e+03 1.006225948078598220e+00 7.218488305806705085e-01 9.872961155115687060e-01 8.087464544091066410e-01 4.529910144304505337e-01
4.843000000000000000e+03 1.000000000000000000e+00 1.000000000000000000e+00 1.000000000000000000e+00 3.494305909016751643e-01 5.229253326748808384e-01
4.843000000000000000e+03 1.008301264104797701e+00 6.291317741075606040e-01 9.830614873487582006e-01 3.494305909016751643e-01 5.229253326748808384e-01
4.844000000000000000e+03 1.000000000000000000e+00 1.000000000000000000e+00 1.000000000000000000e+00 4.334465947551245368e-01 5.904598644968255261e-01
4.844000000000000000e+03 1.002075316026199481e+00 9.072829435268900955e-01 9.957653718371894946e-01 4.334465947551245368e-01 5.904598644968255261e-01
4.845000000000000000e+03 1.000000000000000000e+00 1.000000000000000000e+00 1.000000000000000000e+00 6.613717523346179794e-01 2.806623598583056767e-01
4.845000000000000000e+03 1.004150632052398961e+00 8.145658870537803020e-01 9.915307436743791003e-01 6.613717523346179794e-01 2.806623598583056767e-01
4.846000000000000000e+03 1.000000000000000000e+00 1.000000000000000000e+00 1.000000000000000000e+00 3.451012476807401308e-01 3.860374212102532510e-01
4.846000000000000000e+03 1.006225948078598220e+00 7.218488305806705085e-01 9.872961155115687060e-01 3.451012476807401308e-01 3.860374212102532510e-01
4.847000000000000000e+03 1.000000000000000000e+00 1.000000000000000000e+00 1.000000000000000000e+00 5.260209766743911830e-01 5.191442317000041218e-01
4.847000000000000000e+03 1.008301264104797701e+00 6.291317741075606040e-01 9.830614873487582006e-01 5.260209766743911830e-01 5.191442317000041218e-01
4.848000000000000000e+03 1.000000000000000000e+00 1.000000000000000000e+00 1.000000000000000000e+00 5.201996222816656079e-01 5.094590879132553374e-01
4.848000000000000000e+03 1.002075316026199481e+00 9.072829435268900955e-01 9.957653718371894946e-01 5.201996222816656079e-01 5.094590879132553374e-01
4.849000000000000000e+03 1.000000000000000000e+00 1.000000000000000000e+00 1.000000000000000000e+00 3.349008105279622782e-01 4.226872797002404480e-01
4.849000000000000000e+03 1.004150632052398961e+00 8.145658870537803020e-01 9.915307436743791003e-01 3.349008105279622782e-01 4.226872797002404480e-01
4.850000000000000000e+03 1.000000000000000000e+00 1.000000000000000000e+00 1.000000000000000000e+00 6.112395364930117703e-01 2.624510269327763323e-01
4.850000000000000000e+03 1.006225948078598220e+00 7.218488305806705085e-01 9.872961155115687060e-01 6.112395364930117703e-01 2.624510269327763323e-01
4.851000000000000000e+03 1.000000000000000000e+00 1.000000000000000000e+00 1.000000000000000000e+00 4.566140958934925553e-01 5.926494058768516648e-01
4.851000000000000000e+03 1.008301264104797701e+00 6.291317741075606040e-01 9.830614873487582006e-01 4.566140958934925553e-01 5.926494058768516648e-01
4.852000000000000000e+03 1.000000000000000000e+00 1.000000000000000000e+00 1.000000000000000000e+00 3.661987022949667048e-01 5.484544819074738120e-01
4.852000000000000000e+03 1.002075316026199481e+00 9.072829435268900955e-01 9.957653718371894946e-01 3.661987022949667048e-01 5.484544819074738120e-01
4.853000000000000000e+03 1.000000000000000000e+00 1.000000000000000000e+00 1.000000000000000000e+00 7.842405278449774420e-01 3.970658151298547267e-01
4.853000000000000000e+03 1.004150632052398961e+00 8.145658870537803020e-01 9.915307436743791003e-01 7.842405278449774420e-01 3.970658151298547267e-01
4.854000000000000000e+03 1.000000000000000000e+00 1.000000000000000000e+00 1.000000000000000000e+00 4.243056666111905129e-01 2.909790872249946037e-01
4.854000000000000000e+03 1.006225948078598220e+00 7.218488305806705085e-01 9.872961155115687060e-01 4.243056666111905129e-01 2.909790872249946037e-01
4.855000000000000000e+03 1.000000000000000000e+00 1.000000000000000000e+00 1.000000000000000000e+00 5.212146304261379148e-01 5.585816826350612496e-01
4.855000000000000000e+03 1.008301264104797701e+00 6.291317741075606040e-01 9.830614873487582006e-01 5.212146304261379148e-01 5.585816826350612496e-01
4.856000000000000000e+03 1.000000000000000000e+00 1.000000000000000000e+00 1.000000000000000000e+00 5.285300917929048881e-01 5.312365242426406731e-01
4.856000000000000000e+03 1.002075316026199481e+00 9.072829435268900955e-01 9.957653718371894946e-01 5.285300917929048881e-01 5.312365242426406731e-01
4.857000000000000000e+03 1.000000000000000000e+00 1.000000000000000000e+00 1.000000000000000000e+00 3.635666247502727932e-01 3.506242298682956116e-01
4.857000000000000000e+03 1.004150632052398961e+00 8.145658870537803020e-01 9.915307436743791003e-01 3.635666247502727932e-01 3.506242298682956116e-01
4.858000000000000000e+03 1.000000000000000000e+00 1.000000000000000000e+00 1.000000000000000000e+00 7.084453930762362184e-01 3.096149830218616339e-01
4.858000000000000000e+03 1.006225948078598220e+00 7.218488305806705085e-01 9.872961155115687060e-01 7.084453930762362184e-01 3.096149830218616339e-01
4.859000000000000000e+03 1.000000000000000000e+00 1.000000000000000000e+00 1.000000000000000000e+00 4.096938528128274970e-01 5.824817335213160474e-01
4.859000000000000000e+03 1.008301264104797701e+00 6.291317741075606040e-01 9.830614873487582006e-01 4.096938528128274970e-01 5.824817335213160474e-01
