2.780000000000000000e+03 1.000000000000000000e+00 1.000000000000000000e+00 1.000000000000000000e+00 4.673203048113741542e-01 5.917772262105045478e-01
2.780000000000000000e+03 1.000315226425920301e+00 8.918210673312613190e-01 1.000597866830937654e+00 4.673203048113741542e-01 5.917772262105045478e-01
2.781000000000000000e+03 1.000000000000000000e+00 1.000000000000000000e+00 1.000000000000000000e+00 5.863509187221507268e-01 2.574932154261325712e-01
2.781000000000000000e+03 1.000630452851840602e+00 7.836421346625226381e-01 1.001195733661875309e+00 5.863509187221507268e-01 2.574932154261325712e-01
2.782000000000000000e+03 1.000000000000000000e+00 1.000000000000000000e+00 1.000000000000000000e+00 3.328579946078140117e-01 4.404846930446116304e-01
2.782000000000000000e+03 1.000945679277760680e+00 6.754632019937840681e-01 1.001793600492812963e+00 3.328579946078140117e-01 4.404846930446116304e-01
2.783000000000000000e+03 1.000000000000000000e+00 1.000000000000000000e+00 1.000000000000000000e+00 5.164124470288231628e-01 5.058440834218633775e-01
2.783000000000000000e+03 1.001260905703680981e+00 5.672842693250453872e-01 1.002391467323750618e+00 5.164124470288231628e-01 5.058440834218633775e-01
2.784000000000000000e+03 1.000000000000000000e+00 1.000000000000000000e+00 1.000000000000000000e+00 5.120542227618219977e-01 5.029997820127465324e-01
2.784000000000000000e+03 1.000315226425920301e+00 8.918210673312613190e-01 1.000597866830937654e+00 5.120542227618219977e-01 5.029997820127465324e-01
2.785000000000000000e+03 1.000000000000000000e+00 1.000000000000000000e+00 1.000000000000000000e+00 3.326813230481691086e-01 4.583615163387943503e-01
2.785000000000000000e+03 1.000630452851840602e+00 7.836421346625226381e-01 1.001195733661875309e+00 3.326813230481691086e-01 4.583615163387943503e-01
2.786000000000000000e+03 1.000000000000000000e+00 1.000000000000000000e+00 1.000000000000000000e+00 5.609578344854351251e-01 2.550490959531647173e-01
2.786000000000000000e+03 1.000945679277760680e+00 6.754632019937840681e-01 1.001793600492812963e+00 5.609578344854351251e-01 2.550490959531647173e-01
2.787000000000000000e+03 1.000000000000000000e+00 1.000000000000000000e+00 1.000000000000000000e+00 4.776808671630238812e-01 5.896864498568263890e-01
2.787000000000000000e+03 1.001260905703680981e+00 5.672842693250453872e-01 1.002391467323750618e+00 4.776808671630238812e-01 5.896864498568263890e-01
2.788000000000000000e+03 1.000000000000000000e+00 1.000000000000000000e+00 1.000000000000000000e+00 3.865225338497484953e-01 5.682526018158585712e-01
2.788000000000000000e+03 1.000315226425920301e+00 8.918210673312613190e-01 1.000597866830937654e+00 3.865225338497484953e-01 5.682526018158585712e-01
2.789000000000000000e+03 1.000000000000000000e+00 1.000000000000000000e+00 1.000000000000000000e+00 7.505877025371040512e-01 3.492805377010272938e-01
2.789000000000000000e+03 1.000630452851840602e+00 7.836421346625226381e-01 1.001195733661875309e+00 7.505877025371040512e-01 3.492805377010272938e-01
2.790000000000000000e+03 1.000000000000000000e+00 1.000000000000000000e+00 1.000000000000000000e+00 3.905139679425843058e-01 3.179674156563221943e-01
2.790000000000000000e+03 1.000945679277760680e+00 6.754632019937840681e-01 1.001793600492812963e+00 3.905139679425843058e-01 3.179674156563221943e-01
2.791000000000000000e+03 1.000000000000000000e+00 1.000000000000000000e+00 1.000000000000000000e+00 5.270191715743015592e-01 5.449223479568252593e-01
2.791000000000000000e+03 1.001260905703680981e+00 5.672842693250453872e-01 1.002391467323750618e+00 5.270191715743015592e-01 5.449223479568252593e-01
2.792000000000000000e+03 1.000000000000000000e+00 1.000000000000000000e+00 1.000000000000000000e+00 5.107363748766291511e-01 5.716216324375821278e-01
2.792000000000000000e+03 1.000315226425920301e+00 8.918210673312613190e-01 1.000597866830937654e+00 5.107363748766291511e-01 5.716216324375821278e-01
2.793000000000000000e+03 1.000000000000000000e+00 1.000000000000000000e+00 1.000000000000000000e+00 4.655439964854675705e-01 2.701463252407694249e-01
2.793000000000000000e+03 1.000630452851840602e+00 7.836421346625226381e-01 1.001195733661875309e+00 4.655439964854675705e-01 2.701463252407694249e-01
2.794000000000000000e+03 1.000000000000000000e+00 1.000000000000000000e+00 1.000000000000000000e+00 8.089696959200548543e-01 4.536841821665158481e-01
2.794000000000000000e+03 1.000945679277760680e+00 6.754632019937840681e-01 1.001793600492812963e+00 8.089696959200548543e-01 4.536841821665158481e-01
2.795000000000000000e+03 1.000000000000000000e+00 1.000000000000000000e+00 1.000000000000000000e+00 3.492623464015936485e-01 5.225961891955808181e-01
2.795000000000000000e+03 1.001260905703680981e+00 5.672842693250453872e-01 1.002391467323750618e+00 3.492623464015936485e-01 5.225961891955808181e-01
2.796000000000000000e+03 1.000000000000000000e+00 1.000000000000000000e+00 1.000000000000000000e+00 4.331689615369740398e-01 5.904007205528206681e-01
2.796000000000000000e+03 1.000315226425920301e+00 8.918210673312613190e-01 1.000597866830937654e+00 4.331689615369740398e-01 5.904007205528206681e-01
2.797000000000000000e+03 1.000000000000000000e+00 1.000000000000000000e+00 1.000000000000000000e+00 6.619456783325723404e-01 2.809400190634568917e-01
2.797000000000000000e+03 1.000630452851840602e+00 7.836421346625226381e-01 1.001195733661875309e+00 6.619456783325723404e-01 2.809400190634568917e-01
2.798000000000000000e+03 1.000000000000000000e+00 1.000000000000000000e+00 1.000000000000000000e+00 3.452696492553180563e-01 3.856116416022009608e-01
2.798000000000000000e+03 1.000945679277760680e+00 6.754632019937840681e-01 1.001793600492812963e+00 3.452696492553180563e-01 3.856116416022009608e-01
2.799000000000000000e+03 1.000000000000000000e+00 1.000000000000000000e+00 1.000000000000000000e+00 5.260710903609594480e-01 5.192737185282527701e-01
2.799000000000000000e+03 1.001260905703680981e+00 5.672842693250453872e-01 1.002391467323750618e+00 5.260710903609594480e-01 5.192737185282527701e-01
