3.680000000000000000e+03 1.000000000000000000e+00 1.000000000000000000e+00 1.000000000000000000e+00 5.127619343192842960e-01 5.033846036985000216e-01
3.680000000000000000e+03 8.875056901980749036e-01 9.935191077030353091e-01 1.018993702257075418e+00 5.127619343192842960e-01 5.033846036985000216e-01
3.681000000000000000e+03 1.000000000000000000e+00 1.000000000000000000e+00 1.000000000000000000e+00 3.325845657641824382e-01 4.555996071031090944e-01
3.681000000000000000e+03 7.750113803961498071e-01 9.870382154060706181e-01 1.037987404514150835e+00 3.325845657641824382e-01 4.555996071031090944e-01
3.682000000000000000e+03 1.000000000000000000e+00 1.000000000000000000e+00 1.000000000000000000e+00 5.649082874960862366e-01 2.552578158059157776e-01
3.682000000000000000e+03 6.625170705942248217e-01 9.805573231091060382e-01 1.056981106771226475e+00 5.649082874960862366e-01 2.552578158059157776e-01
3.683000000000000000e+03 1.000000000000000000e+00 1.000000000000000000e+00 1.000000000000000000e+00 4.761075017023045364e-01 5.900886842775509011e-01
3.683000000000000000e+03 5.500227607922997253e-01 9.740764308121413473e-01 1.075974809028301893e+00 4.761075017023045364e-01 5.900886842775509011e-01
3.684000000000000000e+03 1.000000000000000000e+00 1.000000000000000000e+00 1.000000000000000000e+00 3.848133625726028462e-01 5.668962709568701186e-01
3.684000000000000000e+03 8.875056901980749036e-01 9.935191077030353091e-01 1.018993702257075418e+00 3.848133625726028462e-01 5.668962709568701186e-01
3.685000000000000000e+03 1.000000000000000000e+00 1.000000000000000000e+00 1.000000000000000000e+00 7.535457186305110078e-01 3.527497331958160398e-01
3.685000000000000000e+03 7.750113803961498071e-01 9.870382154060706181e-01 1.037987404514150835e+00 7.535457186305110078e-01 3.527497331958160398e-01
3.686000000000000000e+03 1.000000000000000000e+00 1.000000000000000000e+00 1.000000000000000000e+00 3.929267311194730161e-01 3.156338219710459470e-01
3.686000000000000000e+03 6.625170705942248217e-01 9.805573231091060382e-01 1.056981106771226475e+00 3.929267311194730161e-01 3.156338219710459470e-01
3.687000000000000000e+03 1.000000000000000000e+00 1.000000000000000000e+00 1.000000000000000000e+00 5.267192730332131978e-01 5.460070968258401436e-01
3.687000000000000000e+03 5.500227607922997253e-01 9.740764308121413473e-01 1.075974809028301893e+00 5.267192730332131978e-01 5.460070968258401436e-01
3.688000000000000000e+03 1.000000000000000000e+00 1.000000000000000000e+00 1.000000000000000000e+00 5.097404462556437421e-01 5.725521964967742461e-01
3.688000000000000000e+03 8.875056901980749036e-01 9.935191077030353091e-01 1.018993702257075418e+00 5.097404462556437421e-01 5.725521964967742461e-01
3.689000000000000000e+03 1.000000000000000000e+00 1.000000000000000000e+00 1.000000000000000000e+00 4.689698697192140608e-01 2.688705373075014338e-01
3.689000000000000000e+03 7.750113803961498071e-01 9.870382154060706181e-01 1.037987404514150835e+00 4.689698697192140608e-01 2.688705373075014338e-01
3.690000000000000000e+03 1.000000000000000000e+00 1.000000000000000000e+00 1.000000000000000000e+00 8.104180957903607263e-01 4.583250277066429068e-01
3.690000000000000000e+03 6.625170705942248217e-01 9.805573231091060382e-01 1.056981106771226475e+00 8.104180957903607263e-01 4.583250277066429068e-01
3.691000000000000000e+03 1.000000000000000000e+00 1.000000000000000000e+00 1.000000000000000000e+00 3.481591704053635938e-01 5.203852882682148406e-01
3.691000000000000000e+03 5.500227607922997253e-01 9.740764308121413473e-01 1.075974809028301893e+00 3.481591704053635938e-01 5.203852882682148406e-01
3.692000000000000000e+03 1.000000000000000000e+00 1.000000000000000000e+00 1.000000000000000000e+00 4.313161403849198328e-01 5.899859707851261570e-01
3.692000000000000000e+03 8.875056901980749036e-01 9.935191077030353091e-01 1.018993702257075418e+00 4.313161403849198328e-01 5.899859707851261570e-01
3.693000000000000000e+03 1.000000000000000000e+00 1.000000000000000000e+00 1.000000000000000000e+00 6.657608399406040878e-01 2.828288890023559210e-01
3.693000000000000000e+03 7.750113803961498071e-01 9.870382154060706181e-01 1.037987404514150835e+00 6.657608399406040878e-01 2.828288890023559210e-01
3.694000000000000000e+03 1.000000000000000000e+00 1.000000000000000000e+00 1.000000000000000000e+00 3.464214591086148820e-01 3.827776502221578725e-01
3.694000000000000000e+03 6.625170705942248217e-01 9.805573231091060382e-01 1.056981106771226475e+00 3.464214591086148820e-01 3.827776502221578725e-01
3.695000000000000000e+03 1.000000000000000000e+00 1.000000000000000000e+00 1.000000000000000000e+00 5.263934006788671960e-01 5.201453694523181515e-01
3.695000000000000000e+03 5.500227607922997253e-01 9.740764308121413473e-01 1.075974809028301893e+00 5.263934006788671960e-01 5.201453694523181515e-01
3.696000000000000000e+03 1.000000000000000000e+00 1.000000000000000000e+00 1.000000000000000000e+00 5.208364197017968378e-01 5.102092420764813285e-01
3.696000000000000000e+03 8.875056901980749036e-01 9.935191077030353091e-01 1.018993702257075418e+00 5.208364197017968378e-01 5.102092420764813285e-01
3.697000000000000000e+03 1.000000000000000000e+00 1.000000000000000000e+00 1.000000000000000000e+00 3.354834875396847660e-01 4.193916745139774083e-01
3.697000000000000000e+03 7.750113803961498071e-01 9.870382154060706181e-01 1.037987404514150835e+00 3.354834875396847660e-01 4.193916745139774083e-01
3.698000000000000000e+03 1.000000000000000000e+00 1.000000000000000000e+00 1.000000000000000000e+00 6.158078671907932788e-01 2.636434411604255956e-01
3.698000000000000000e+03 6.625170705942248217e-01 9.805573231091060382e-01 1.056981106771226475e+00 6.158078671907932788e-01 2.636434411604255956e-01
3.699000000000000000e+03 1.000000000000000000e+00 1.000000000000000000e+00 1.000000000000000000e+00 4.545912162187479844e-01 5.926764660810560637e-01
3.699000000000000000e+03 5.500227607922997253e-01 9.740764308121413473e-01 1.075974809028301893e+00 4.545912162187479844e-01 5.926764660810560637e-01
