4.260000000000000000e+03 1.000000000000000000e+00 1.000000000000000000e+00 1.000000000000000000e+00 3.729171121182585091e-01 5.559824559285932999e-01
4.260000000000000000e+03 9.999871152657241469e-01 1.000108071933888620e+00 9.249431392200837543e-01 3.729171121182585091e-01 5.559824559285932999e-01
4.261000000000000000e+03 1.000000000000000000e+00 1.000000000000000000e+00 1.000000000000000000e+00 7.735052532160910932e-01 3.795156764248475145e-01
4.261000000000000000e+03 9.999742305314482937e-01 1.000216143867777241e+00 8.498862784401675086e-01 7.735052532160910932e-01 3.795156764248475145e-01
4.262000000000000000e+03 1.000000000000000000e+00 1.000000000000000000e+00 1.000000000000000000e+00 4.117666102481271073e-01 2.997059294510837635e-01
4.262000000000000000e+03 9.999613457971724406e-01 1.000324215801666083e+00 7.748294176602513739e-01 4.117666102481271073e-01 2.997059294510837635e-01
4.263000000000000000e+03 1.000000000000000000e+00 1.000000000000000000e+00 1.000000000000000000e+00 5.237315221053137071e-01 5.538717052145666342e-01
4.263000000000000000e+03 9.999484610628965875e-01 1.000432287735554704e+00 6.997725568803351281e-01 5.237315221053137071e-01 5.538717052145666342e-01
4.264000000000000000e+03 1.000000000000000000e+00 1.000000000000000000e+00 1.000000000000000000e+00 5.017540762378482899e-01 5.788476789811340950e-01
4.264000000000000000e+03 9.999871152657241469e-01 1.000108071933888620e+00 9.249431392200837543e-01 5.017540762378482899e-01 5.788476789811340950e-01
4.265000000000000000e+03 1.000000000000000000e+00 1.000000000000000000e+00 1.000000000000000000e+00 4.946873817759076530e-01 2.611918984796260945e-01
4.265000000000000000e+03 9.999742305314482937e-01 1.000216143867777241e+00 8.498862784401675086e-01 4.946873817759076530e-01 2.611918984796260945e-01
4.266000000000000000e+03 1.000000000000000000e+00 1.000000000000000000e+00 1.000000000000000000e+00 8.187883127899937552e-01 4.929081107827856245e-01
4.266000000000000000e+03 9.999613457971724406e-01 1.000324215801666083e+00 7.748294176602513739e-01 8.187883127899937552e-01 4.929081107827856245e-01
4.267000000000000000e+03 1.000000000000000000e+00 1.000000000000000000e+00 1.000000000000000000e+00 3.411721097492459998e-01 5.035333472309703184e-01
4.267000000000000000e+03 9.999484610628965875e-01 1.000432287735554704e+00 6.997725568803351281e-01 3.411721097492459998e-01 5.035333472309703184e-01
4.268000000000000000e+03 1.000000000000000000e+00 1.000000000000000000e+00 1.000000000000000000e+00 4.178383831317828978e-01 5.859003898580237291e-01
4.268000000000000000e+03 9.999871152657241469e-01 1.000108071933888620e+00 9.249431392200837543e-01 4.178383831317828978e-01 5.859003898580237291e-01
4.269000000000000000e+03 1.000000000000000000e+00 1.000000000000000000e+00 1.000000000000000000e+00 6.927544471975688456e-01 2.984742414734041782e-01
4.269000000000000000e+03 9.999742305314482937e-01 1.000216143867777241e+00 8.498862784401675086e-01 6.927544471975688456e-01 2.984742414734041782e-01
4.270000000000000000e+03 1.000000000000000000e+00 1.000000000000000000e+00 1.000000000000000000e+00 3.562869258076902801e-01 3.625419679671070261e-01
4.270000000000000000e+03 9.999613457971724406e-01 1.000324215801666083e+00 7.748294176602513739e-01 3.562869258076902801e-01 3.625419679671070261e-01
4.271000000000000000e+03 1.000000000000000000e+00 1.000000000000000000e+00 1.000000000000000000e+00 5.280877055237376272e-01 5.268652017035412305e-01
4.271000000000000000e+03 9.999484610628965875e-01 1.000432287735554704e+00 6.997725568803351281e-01 5.280877055237376272e-01 5.268652017035412305e-01
4.272000000000000000e+03 1.000000000000000000e+00 1.000000000000000000e+00 1.000000000000000000e+00 5.243529458322944148e-01 5.154999530144285247e-01
4.272000000000000000e+03 9.999871152657241469e-01 1.000108071933888620e+00 9.249431392200837543e-01 5.243529458322944148e-01 5.154999530144285247e-01
4.273000000000000000e+03 1.000000000000000000e+00 1.000000000000000000e+00 1.000000000000000000e+00 3.406678036547449162e-01 3.985896172871966625e-01
4.273000000000000000e+03 9.999742305314482937e-01 1.000216143867777241e+00 8.498862784401675086e-01 3.406678036547449162e-01 3.985896172871966625e-01
4.274000000000000000e+03 1.000000000000000000e+00 1.000000000000000000e+00 1.000000000000000000e+00 6.443655975619906329e-01 2.731781783982645262e-01
4.274000000000000000e+03 9.999613457971724406e-01 1.000324215801666083e+00 7.748294176602513739e-01 6.443655975619906329e-01 2.731781783982645262e-01
4.275000000000000000e+03 1.000000000000000000e+00 1.000000000000000000e+00 1.000000000000000000e+00 4.415448321363840689e-01 5.918425710887746938e-01
4.275000000000000000e+03 9.999484610628965875e-01 1.000432287735554704e+00 6.997725568803351281e-01 4.415448321363840689e-01 5.918425710887746938e-01
4.276000000000000000e+03 1.000000000000000000e+00 1.000000000000000000e+00 1.000000000000000000e+00 3.546753018968682447e-01 5.322826832124247787e-01
4.276000000000000000e+03 9.999871152657241469e-01 1.000108071933888620e+00 9.249431392200837543e-01 3.546753018968682447e-01 5.322826832124247787e-01
4.277000000000000000e+03 1.000000000000000000e+00 1.000000000000000000e+00 1.000000000000000000e+00 8.015172888746950886e-01 4.330204208447538949e-01
4.277000000000000000e+03 9.999742305314482937e-01 1.000216143867777241e+00 8.498862784401675086e-01 8.015172888746950886e-01 4.330204208447538949e-01
4.278000000000000000e+03 1.000000000000000000e+00 1.000000000000000000e+00 1.000000000000000000e+00 4.503688688161645581e-01 2.765790065110865781e-01
4.278000000000000000e+03 9.999613457971724406e-01 1.000324215801666083e+00 7.748294176602513739e-01 4.503688688161645581e-01 2.765790065110865781e-01
4.279000000000000000e+03 1.000000000000000000e+00 1.000000000000000000e+00 1.000000000000000000e+00 5.149342352410141155e-01 5.672284027173500887e-01
4.279000000000000000e+03 9.999484610628965875e-01 1.000432287735554704e+00 6.997725568803351281e-01 5.149342352410141155e-01 5.672284027173500887e-01
