3.540000000000000000e+03 1.000000000000000000e+00 1.000000000000000000e+00 1.000000000000000000e+00 3.444615709799476733e-01 5.121931268391164416e-01
3.540000000000000000e+03 9.058788065897509512e-01 9.872519042367389197e-01 1.006280590444887491e+00 3.444615709799476733e-01 5.121931268391164416e-01
3.541000000000000000e+03 1.000000000000000000e+00 1.000000000000000000e+00 1.000000000000000000e+00 8.150490462624494503e-01 4.753023544996363703e-01
3.541000000000000000e+03 8.117576131795019023e-01 9.745038084734778394e-01 1.012561180889774759e+00 8.150490462624494503e-01 4.753023544996363703e-01
3.542000000000000000e+03 1.000000000000000000e+00 1.000000000000000000e+00 1.000000000000000000e+00 4.815546138302599366e-01 2.647062623587491670e-01
3.542000000000000000e+03 7.176364197692528535e-01 9.617557127102168701e-01 1.018841771334662027e+00 4.815546138302599366e-01 2.647062623587491670e-01
3.543000000000000000e+03 1.000000000000000000e+00 1.000000000000000000e+00 1.000000000000000000e+00 5.059408675084928753e-01 5.757831203988537094e-01
3.543000000000000000e+03 6.235152263590038046e-01 9.490076169469557898e-01 1.025122361779549518e+00 5.059408675084928753e-01 5.757831203988537094e-01
3.544000000000000000e+03 1.000000000000000000e+00 1.000000000000000000e+00 1.000000000000000000e+00 5.254152481060248014e-01 5.499180869810715855e-01
3.544000000000000000e+03 9.058788065897509512e-01 9.872519042367389197e-01 1.006280590444887491e+00 5.254152481060248014e-01 5.499180869810715855e-01
3.545000000000000000e+03 1.000000000000000000e+00 1.000000000000000000e+00 1.000000000000000000e+00 4.019900125339489483e-01 3.074985906517950784e-01
3.545000000000000000e+03 8.117576131795019023e-01 9.745038084734778394e-01 1.012561180889774759e+00 4.019900125339489483e-01 3.074985906517950784e-01
3.546000000000000000e+03 1.000000000000000000e+00 1.000000000000000000e+00 1.000000000000000000e+00 7.637930705317714786e-01 3.656926428539358787e-01
3.546000000000000000e+03 7.176364197692528535e-01 9.617557127102168701e-01 1.018841771334662027e+00 7.637930705317714786e-01 3.656926428539358787e-01
3.547000000000000000e+03 1.000000000000000000e+00 1.000000000000000000e+00 1.000000000000000000e+00 3.787902518353617465e-01 5.617126177860378711e-01
3.547000000000000000e+03 6.235152263590038046e-01 9.490076169469557898e-01 1.025122361779549518e+00 3.787902518353617465e-01 5.617126177860378711e-01
3.548000000000000000e+03 1.000000000000000000e+00 1.000000000000000000e+00 1.000000000000000000e+00 4.703015260606423498e-01 5.913071787419473813e-01
3.548000000000000000e+03 9.058788065897509512e-01 9.872519042367389197e-01 1.006280590444887491e+00 4.703015260606423498e-01 5.913071787419473813e-01
3.549000000000000000e+03 1.000000000000000000e+00 1.000000000000000000e+00 1.000000000000000000e+00 5.791878755893207220e-01 2.565389546482006455e-01
3.549000000000000000e+03 8.117576131795019023e-01 9.745038084734778394e-01 1.012561180889774759e+00 5.791878755893207220e-01 2.565389546482006455e-01
3.550000000000000000e+03 1.000000000000000000e+00 1.000000000000000000e+00 1.000000000000000000e+00 3.326158879531266876e-01 4.455568252356608139e-01
3.550000000000000000e+03 7.176364197692528535e-01 9.617557127102168701e-01 1.018841771334662027e+00 3.326158879531266876e-01 4.455568252356608139e-01
3.551000000000000000e+03 1.000000000000000000e+00 1.000000000000000000e+00 1.000000000000000000e+00 5.152302454370213391e-01 5.049537731143761699e-01
3.551000000000000000e+03 6.235152263590038046e-01 9.490076169469557898e-01 1.025122361779549518e+00 5.152302454370213391e-01 5.049537731143761699e-01
3.552000000000000000e+03 1.000000000000000000e+00 1.000000000000000000e+00 1.000000000000000000e+00 5.107589618862615755e-01 5.023640501836034167e-01
3.552000000000000000e+03 9.058788065897509512e-01 9.872519042367389197e-01 1.006280590444887491e+00 5.107589618862615755e-01 5.023640501836034167e-01
3.553000000000000000e+03 1.000000000000000000e+00 1.000000000000000000e+00 1.000000000000000000e+00 3.329690243331445143e-01 4.632985400573906842e-01
3.553000000000000000e+03 8.117576131795019023e-01 9.745038084734778394e-01 1.012561180889774759e+00 3.329690243331445143e-01 4.632985400573906842e-01
3.554000000000000000e+03 1.000000000000000000e+00 1.000000000000000000e+00 1.000000000000000000e+00 5.538701648221121543e-01 2.548330174428475314e-01
3.554000000000000000e+03 7.176364197692528535e-01 9.617557127102168701e-01 1.018841771334662027e+00 5.538701648221121543e-01 2.548330174428475314e-01
3.555000000000000000e+03 1.000000000000000000e+00 1.000000000000000000e+00 1.000000000000000000e+00 4.804672449368936338e-01 5.888949687765585583e-01
3.555000000000000000e+03 6.235152263590038046e-01 9.490076169469557898e-01 1.025122361779549518e+00 4.804672449368936338e-01 5.888949687765585583e-01
3.556000000000000000e+03 1.000000000000000000e+00 1.000000000000000000e+00 1.000000000000000000e+00 3.896347172186232499e-01 5.706016880161328686e-01
3.556000000000000000e+03 9.058788065897509512e-01 9.872519042367389197e-01 1.006280590444887491e+00 3.896347172186232499e-01 5.706016880161328686e-01
3.557000000000000000e+03 1.000000000000000000e+00 1.000000000000000000e+00 1.000000000000000000e+00 7.451464987242863991e-01 3.431775266189056595e-01
3.557000000000000000e+03 8.117576131795019023e-01 9.745038084734778394e-01 1.012561180889774759e+00 7.451464987242863991e-01 3.431775266189056595e-01
3.558000000000000000e+03 1.000000000000000000e+00 1.000000000000000000e+00 1.000000000000000000e+00 3.862879193013863399e-01 3.222441092471683977e-01
3.558000000000000000e+03 7.176364197692528535e-01 9.617557127102168701e-01 1.018841771334662027e+00 3.862879193013863399e-01 3.222441092471683977e-01
3.559000000000000000e+03 1.000000000000000000e+00 1.000000000000000000e+00 1.000000000000000000e+00 5.274912953336522436e-01 5.429746748099218978e-01
3.559000000000000000e+03 6.235152263590038046e-01 9.490076169469557898e-01 1.025122361779549518e+00 5.274912953336522436e-01 5.429746748099218978e-01
