3.800000000000000000e+03 1.000000000000000000e+00 1.000000000000000000e+00 1.000000000000000000e+00 5.249020234061642087e-01 5.512205786529640328e-01
3.800000000000000000e+03 9.900803415639266580e-01 9.966144681343369616e-01 9.064860267229890578e-01 5.249020234061642087e-01 5.512205786529640328e-01
3.801000000000000000e+03 1.000000000000000000e+00 1.000000000000000000e+00 1.000000000000000000e+00 4.051400288080688195e-01 3.048840234303412666e-01
3.801000000000000000e+03 9.801606831278533161e-01 9.932289362686739231e-01 8.129720534459781156e-01 4.051400288080688195e-01 3.048840234303412666e-01
3.802000000000000000e+03 1.000000000000000000e+00 1.000000000000000000e+00 1.000000000000000000e+00 7.670636755280060282e-01 3.701610549151853058e-01
3.802000000000000000e+03 9.702410246917798631e-01 9.898434044030109957e-01 7.194580801689671734e-01 7.670636755280060282e-01 3.701610549151853058e-01
3.803000000000000000e+03 1.000000000000000000e+00 1.000000000000000000e+00 1.000000000000000000e+00 3.768317223886886169e-01 5.598809972990477224e-01
3.803000000000000000e+03 9.603213662557065211e-01 9.864578725373479573e-01 6.259441068919562312e-01 3.768317223886886169e-01 5.598809972990477224e-01
3.804000000000000000e+03 1.000000000000000000e+00 1.000000000000000000e+00 1.000000000000000000e+00 4.683195530211497482e-01 5.916310958489849892e-01
3.804000000000000000e+03 9.900803415639266580e-01 9.966144681343369616e-01 9.064860267229890578e-01 4.683195530211497482e-01 5.916310958489849892e-01
3.805000000000000000e+03 1.000000000000000000e+00 1.000000000000000000e+00 1.000000000000000000e+00 5.839621193500713625e-01 2.571517532253733140e-01
3.805000000000000000e+03 9.801606831278533161e-01 9.932289362686739231e-01 8.129720534459781156e-01 5.839621193500713625e-01 2.571517532253733140e-01
3.806000000000000000e+03 1.000000000000000000e+00 1.000000000000000000e+00 1.000000000000000000e+00 3.327603286881941069e-01 4.421787168355392206e-01
3.806000000000000000e+03 9.702410246917798631e-01 9.898434044030109957e-01 7.194580801689671734e-01 3.327603286881941069e-01 4.421787168355392206e-01
3.807000000000000000e+03 1.000000000000000000e+00 1.000000000000000000e+00 1.000000000000000000e+00 5.160225203861641408e-01 5.055396107932397243e-01
3.807000000000000000e+03 9.603213662557065211e-01 9.864578725373479573e-01 6.259441068919562312e-01 5.160225203861641408e-01 5.055396107932397243e-01
3.808000000000000000e+03 1.000000000000000000e+00 1.000000000000000000e+00 1.000000000000000000e+00 5.116254225349229356e-01 5.027797028888228992e-01
3.808000000000000000e+03 9.900803415639266580e-01 9.966144681343369616e-01 9.064860267229890578e-01 5.116254225349229356e-01 5.027797028888228992e-01
3.809000000000000000e+03 1.000000000000000000e+00 1.000000000000000000e+00 1.000000000000000000e+00 3.327610784355198303e-01 4.600122479849731438e-01
3.809000000000000000e+03 9.801606831278533161e-01 9.932289362686739231e-01 8.129720534459781156e-01 3.327610784355198303e-01 4.600122479849731438e-01
3.810000000000000000e+03 1.000000000000000000e+00 1.000000000000000000e+00 1.000000000000000000e+00 5.585917765781288624e-01 2.549543289207412688e-01
3.810000000000000000e+03 9.702410246917798631e-01 9.898434044030109957e-01 7.194580801689671734e-01 5.585917765781288624e-01 2.549543289207412688e-01
3.811000000000000000e+03 1.000000000000000000e+00 1.000000000000000000e+00 1.000000000000000000e+00 4.786162725480751501e-01 5.894321720497015527e-01
3.811000000000000000e+03 9.603213662557065211e-01 9.864578725373479573e-01 6.259441068919562312e-01 4.786162725480751501e-01 5.894321720497015527e-01
3.812000000000000000e+03 1.000000000000000000e+00 1.000000000000000000e+00 1.000000000000000000e+00 3.875549699341562238e-01 5.690488407633113033e-01
3.812000000000000000e+03 9.900803415639266580e-01 9.966144681343369616e-01 9.064860267229890578e-01 3.875549699341562238e-01 5.690488407633113033e-01
3.813000000000000000e+03 1.000000000000000000e+00 1.000000000000000000e+00 1.000000000000000000e+00 7.487904543256709289e-01 3.472258626805836412e-01
3.813000000000000000e+03 9.801606831278533161e-01 9.932289362686739231e-01 8.129720534459781156e-01 7.487904543256709289e-01 3.472258626805836412e-01
3.814000000000000000e+03 1.000000000000000000e+00 1.000000000000000000e+00 1.000000000000000000e+00 3.890885109586361690e-01 3.193822578042426752e-01
3.814000000000000000e+03 9.702410246917798631e-01 9.898434044030109957e-01 7.194580801689671734e-01 3.890885109586361690e-01 3.193822578042426752e-01
3.815000000000000000e+03 1.000000000000000000e+00 1.000000000000000000e+00 1.000000000000000000e+00 5.271861924852586645e-01 5.442723179359302277e-01
3.815000000000000000e+03 9.603213662557065211e-01 9.864578725373479573e-01 6.259441068919562312e-01 5.271861924852586645e-01 5.442723179359302277e-01
3.816000000000000000e+03 1.000000000000000000e+00 1.000000000000000000e+00 1.000000000000000000e+00 5.113213533298871516e-01 5.710568726869222900e-01
3.816000000000000000e+03 9.900803415639266580e-01 9.966144681343369616e-01 9.064860267229890578e-01 5.113213533298871516e-01 5.710568726869222900e-01
3.817000000000000000e+03 1.000000000000000000e+00 1.000000000000000000e+00 1.000000000000000000e+00 4.635036937715147354e-01 2.709360966259802272e-01
3.817000000000000000e+03 9.801606831278533161e-01 9.932289362686739231e-01 8.129720534459781156e-01 4.635036937715147354e-01 2.709360966259802272e-01
3.818000000000000000e+03 1.000000000000000000e+00 1.000000000000000000e+00 1.000000000000000000e+00 8.080674187175684864e-01 4.509162173222156511e-01
3.818000000000000000e+03 9.702410246917798631e-01 9.898434044030109957e-01 7.194580801689671734e-01 8.080674187175684864e-01 4.509162173222156511e-01
3.819000000000000000e+03 1.000000000000000000e+00 1.000000000000000000e+00 1.000000000000000000e+00 3.499396119695290519e-01 5.239088297791862914e-01
3.819000000000000000e+03 9.603213662557065211e-01 9.864578725373479573e-01 6.259441068919562312e-01 3.499396119695290519e-01 5.239088297791862914e-01
