4.800000000000000000e+03 1.000000000000000000e+00 1.000000000000000000e+00 1.000000000000000000e+00 5.072296825237331275e-01 5.010441025230710776e-01
4.800000000000000000e+03 9.389579782958801246e-01 1.001440894063728493e+00 1.002135315523323911e+00 5.072296825237331275e-01 5.010441025230710776e-01
4.801000000000000000e+03 1.000000000000000000e+00 1.000000000000000000e+00 1.000000000000000000e+00 3.344132072238011344e-01 4.760861438165061577e-01
4.801000000000000000e+03 8.779159565917602492e-01 1.002881788127456986e+00 1.004270631046647821e+00 3.344132072238011344e-01 4.760861438165061577e-01
4.802000000000000000e+03 1.000000000000000000e+00 1.000000000000000000e+00 1.000000000000000000e+00 5.353487330137053357e-01 2.552346520975682376e-01
4.802000000000000000e+03 8.168739348876402628e-01 1.004322682191185701e+00 1.006405946569971954e+00 5.353487330137053357e-01 2.552346520975682376e-01
4.803000000000000000e+03 1.000000000000000000e+00 1.000000000000000000e+00 1.000000000000000000e+00 4.875210206467175400e-01 5.864082376499659688e-01
4.803000000000000000e+03 7.558319131835203875e-01 1.005763576254914193e+00 1.008541262093295865e+00 4.875210206467175400e-01 5.864082376499659688e-01
4.804000000000000000e+03 1.000000000000000000e+00 1.000000000000000000e+00 1.000000000000000000e+00 3.980394921828435129e-01 5.762268870224951378e-01
4.804000000000000000e+03 9.389579782958801246e-01 1.001440894063728493e+00 1.002135315523323911e+00 3.980394921828435129e-01 5.762268870224951378e-01
4.805000000000000000e+03 1.000000000000000000e+00 1.000000000000000000e+00 1.000000000000000000e+00 7.301072522231315531e-01 3.279690843662315114e-01
4.805000000000000000e+03 8.779159565917602492e-01 1.002881788127456986e+00 1.004270631046647821e+00 7.301072522231315531e-01 3.279690843662315114e-01
4.806000000000000000e+03 1.000000000000000000e+00 1.000000000000000000e+00 1.000000000000000000e+00 3.758710986718682423e-01 3.339661199798559243e-01
4.806000000000000000e+03 8.168739348876402628e-01 1.004322682191185701e+00 1.006405946569971954e+00 3.758710986718682423e-01 3.339661199798559243e-01
4.807000000000000000e+03 1.000000000000000000e+00 1.000000000000000000e+00 1.000000000000000000e+00 5.283248727168584624e-01 5.378871356141688986e-01
4.807000000000000000e+03 7.558319131835203875e-01 1.005763576254914193e+00 1.008541262093295865e+00 5.283248727168584624e-01 5.378871356141688986e-01
4.808000000000000000e+03 1.000000000000000000e+00 1.000000000000000000e+00 1.000000000000000000e+00 5.166039592110799328e-01 5.652244547542518704e-01
4.808000000000000000e+03 9.389579782958801246e-01 1.001440894063728493e+00 1.002135315523323911e+00 5.166039592110799328e-01 5.652244547542518704e-01
4.809000000000000000e+03 1.000000000000000000e+00 1.000000000000000000e+00 1.000000000000000000e+00 4.439242956185292521e-01 2.797207764277471753e-01
4.809000000000000000e+03 8.779159565917602492e-01 1.002881788127456986e+00 1.004270631046647821e+00 4.439242956185292521e-01 2.797207764277471753e-01
4.810000000000000000e+03 1.000000000000000000e+00 1.000000000000000000e+00 1.000000000000000000e+00 7.978066079812533573e-01 4.241884230333338168e-01
4.810000000000000000e+03 8.168739348876402628e-01 1.004322682191185701e+00 1.006405946569971954e+00 7.978066079812533573e-01 4.241884230333338168e-01
4.811000000000000000e+03 1.000000000000000000e+00 1.000000000000000000e+00 1.000000000000000000e+00 3.572481608367475969e-01 5.363398317962753126e-01
4.811000000000000000e+03 7.558319131835203875e-01 1.005763576254914193e+00 1.008541262093295865e+00 3.572481608367475969e-01 5.363398317962753126e-01
4.812000000000000000e+03 1.000000000000000000e+00 1.000000000000000000e+00 1.000000000000000000e+00 4.451877329439552500e-01 5.922491806990690666e-01
4.812000000000000000e+03 9.389579782958801246e-01 1.001440894063728493e+00 1.002135315523323911e+00 4.451877329439552500e-01 5.922491806990690666e-01
4.813000000000000000e+03 1.000000000000000000e+00 1.000000000000000000e+00 1.000000000000000000e+00 6.365418068673149854e-01 2.701998021391593396e-01
4.813000000000000000e+03 8.779159565917602492e-01 1.002881788127456986e+00 1.004270631046647821e+00 6.365418068673149854e-01 2.701998021391593396e-01
4.814000000000000000e+03 1.000000000000000000e+00 1.000000000000000000e+00 1.000000000000000000e+00 3.389753107200451643e-01 4.043229630383201045e-01
4.814000000000000000e+03 8.168739348876402628e-01 1.004322682191185701e+00 1.006405946569971954e+00 3.389753107200451643e-01 4.043229630383201045e-01
4.815000000000000000e+03 1.000000000000000000e+00 1.000000000000000000e+00 1.000000000000000000e+00 5.234736721181831864e-01 5.139474971504096601e-01
4.815000000000000000e+03 7.558319131835203875e-01 1.005763576254914193e+00 1.008541262093295865e+00 5.234736721181831864e-01 5.139474971504096601e-01
4.816000000000000000e+03 1.000000000000000000e+00 1.000000000000000000e+00 1.000000000000000000e+00 5.277368210486800271e-01 5.249461112718226685e-01
4.816000000000000000e+03 9.389579782958801246e-01 1.001440894063728493e+00 1.002135315523323911e+00 5.277368210486800271e-01 5.249461112718226685e-01
4.817000000000000000e+03 1.000000000000000000e+00 1.000000000000000000e+00 1.000000000000000000e+00 3.532998082545729668e-01 3.680598868754176856e-01
4.817000000000000000e+03 8.779159565917602492e-01 1.002881788127456986e+00 1.004270631046647821e+00 3.532998082545729668e-01 3.680598868754176856e-01
4.818000000000000000e+03 1.000000000000000000e+00 1.000000000000000000e+00 1.000000000000000000e+00 6.854371140509621929e-01 2.938181229061993527e-01
4.818000000000000000e+03 8.168739348876402628e-01 1.004322682191185701e+00 1.006405946569971954e+00 6.854371140509621929e-01 2.938181229061993527e-01
4.819000000000000000e+03 1.000000000000000000e+00 1.000000000000000000e+00 1.000000000000000000e+00 4.215568878017975085e-01 5.872185063970535301e-01
4.819000000000000000e+03 7.558319131835203875e-01 1.005763576254914193e+00 1.008541262093295865e+00 4.215568878017975085e-01 5.872185063970535301e-01
