2.600000000000000000e+03 1.000000000000000000e+00 1.000000000000000000e+00 1.000000000000000000e+00 5.057200736974002409e-01 5.759567988919487291e-01
2.600000000000000000e+03 9.985461572901401794e-01 9.216569164846135642e-01 9.904118503270020746e-01 5.057200736974002409e-01 5.759567988919487291e-01
2.601000000000000000e+03 1.000000000000000000e+00 1.000000000000000000e+00 1.000000000000000000e+00 4.822648381669323303e-01 2.644949712303991674e-01
2.601000000000000000e+03 9.970923145802803589e-01 8.433138329692271284e-01 9.808237006540041492e-01 4.822648381669323303e-01 2.644949712303991674e-01
2.602000000000000000e+03 1.000000000000000000e+00 1.000000000000000000e+00 1.000000000000000000e+00 8.152791437084269122e-01 4.762572940990985604e-01
2.602000000000000000e+03 9.956384718704205383e-01 7.649707494538406927e-01 9.712355509810063348e-01 8.152791437084269122e-01 4.762572940990985604e-01
2.603000000000000000e+03 1.000000000000000000e+00 1.000000000000000000e+00 1.000000000000000000e+00 3.442690861692252469e-01 5.117276177652340108e-01
2.603000000000000000e+03 9.941846291605607178e-01 6.866276659384542569e-01 9.616474013080084093e-01 3.442690861692252469e-01 5.117276177652340108e-01
2.604000000000000000e+03 1.000000000000000000e+00 1.000000000000000000e+00 1.000000000000000000e+00 4.242547140827204188e-01 5.880826668665588564e-01
2.604000000000000000e+03 9.985461572901401794e-01 9.216569164846135642e-01 9.904118503270020746e-01 4.242547140827204188e-01 5.880826668665588564e-01
2.605000000000000000e+03 1.000000000000000000e+00 1.000000000000000000e+00 1.000000000000000000e+00 6.800669708927931101e-01 2.906037475633586054e-01
2.605000000000000000e+03 9.970923145802803589e-01 8.433138329692271284e-01 9.808237006540041492e-01 6.800669708927931101e-01 2.906037475633586054e-01
2.606000000000000000e+03 1.000000000000000000e+00 1.000000000000000000e+00 1.000000000000000000e+00 3.512605403483999300e-01 3.720938715949636544e-01
2.606000000000000000e+03 9.956384718704205383e-01 7.649707494538406927e-01 9.712355509810063348e-01 3.512605403483999300e-01 3.720938715949636544e-01
2.607000000000000000e+03 1.000000000000000000e+00 1.000000000000000000e+00 1.000000000000000000e+00 5.274258740815176427e-01 5.235844434295228167e-01
2.607000000000000000e+03 9.941846291605607178e-01 6.866276659384542569e-01 9.616474013080084093e-01 5.274258740815176427e-01 5.235844434295228167e-01
2.608000000000000000e+03 1.000000000000000000e+00 1.000000000000000000e+00 1.000000000000000000e+00 5.227915696298809367e-01 5.128651231949761247e-01
2.608000000000000000e+03 9.985461572901401794e-01 9.216569164846135642e-01 9.904118503270020746e-01 5.227915696298809367e-01 5.128651231949761247e-01
2.609000000000000000e+03 1.000000000000000000e+00 1.000000000000000000e+00 1.000000000000000000e+00 3.378737002149063695e-01 4.084848102279759474e-01
2.609000000000000000e+03 9.970923145802803589e-01 8.433138329692271284e-01 9.808237006540041492e-01 3.378737002149063695e-01 4.084848102279759474e-01
2.610000000000000000e+03 1.000000000000000000e+00 1.000000000000000000e+00 1.000000000000000000e+00 6.308402230605479888e-01 2.682063351373000781e-01
2.610000000000000000e+03 9.956384718704205383e-01 7.649707494538406927e-01 9.712355509810063348e-01 6.308402230605479888e-01 2.682063351373000781e-01
2.611000000000000000e+03 1.000000000000000000e+00 1.000000000000000000e+00 1.000000000000000000e+00 4.478098435164998836e-01 5.924589347074873391e-01
2.611000000000000000e+03 9.941846291605607178e-01 6.866276659384542569e-01 9.616474013080084093e-01 4.478098435164998836e-01 5.924589347074873391e-01
2.612000000000000000e+03 1.000000000000000000e+00 1.000000000000000000e+00 1.000000000000000000e+00 3.591830147351433578e-01 5.392019604348147199e-01
2.612000000000000000e+03 9.985461572901401794e-01 9.216569164846135642e-01 9.904118503270020746e-01 3.591830147351433578e-01 5.392019604348147199e-01
2.613000000000000000e+03 1.000000000000000000e+00 1.000000000000000000e+00 1.000000000000000000e+00 7.949555132298091742e-01 4.178875024350407474e-01
2.613000000000000000e+03 9.970923145802803589e-01 8.433138329692271284e-01 9.808237006540041492e-01 7.949555132298091742e-01 4.178875024350407474e-01
2.614000000000000000e+03 1.000000000000000000e+00 1.000000000000000000e+00 1.000000000000000000e+00 4.393427710001130415e-01 2.821137507526670918e-01
2.614000000000000000e+03 9.956384718704205383e-01 7.649707494538406927e-01 9.712355509810063348e-01 4.393427710001130415e-01 2.821137507526670918e-01
2.615000000000000000e+03 1.000000000000000000e+00 1.000000000000000000e+00 1.000000000000000000e+00 5.177466918697424259e-01 5.637477212823802653e-01
2.615000000000000000e+03 9.941846291605607178e-01 6.866276659384542569e-01 9.616474013080084093e-01 5.177466918697424259e-01 5.637477212823802653e-01
2.616000000000000000e+03 1.000000000000000000e+00 1.000000000000000000e+00 1.000000000000000000e+00 5.284621986834167062e-01 5.363558150386060763e-01
2.616000000000000000e+03 9.985461572901401794e-01 9.216569164846135642e-01 9.904118503270020746e-01 5.284621986834167062e-01 5.363558150386060763e-01
2.617000000000000000e+03 1.000000000000000000e+00 1.000000000000000000e+00 1.000000000000000000e+00 3.729073733916467015e-01 3.376599054367488972e-01
2.617000000000000000e+03 9.970923145802803589e-01 8.433138329692271284e-01 9.808237006540041492e-01 3.729073733916467015e-01 3.376599054367488972e-01
2.618000000000000000e+03 1.000000000000000000e+00 1.000000000000000000e+00 1.000000000000000000e+00 7.253322343255735882e-01 3.235921594291784054e-01
2.618000000000000000e+03 9.956384718704205383e-01 7.649707494538406927e-01 9.712355509810063348e-01 7.253322343255735882e-01 3.235921594291784054e-01
2.619000000000000000e+03 1.000000000000000000e+00 1.000000000000000000e+00 1.000000000000000000e+00 4.006520451990714937e-01 5.777774126458850024e-01
2.619000000000000000e+03 9.941846291605607178e-01 6.866276659384542569e-01 9.616474013080084093e-01 4.006520451990714937e-01 5.777774126458850024e-01
