3.980000000000000000e+03 1.000000000000000000e+00 1.000000000000000000e+00 1.000000000000000000e+00 4.560000065258869029e-01 5.926621406119760849e-01
3.980000000000000000e+03 9.067751562385559794e-01 1.007135521665075251e+00 9.810875180218860958e-01 4.560000065258869029e-01 5.926621406119760849e-01
3.981000000000000000e+03 1.000000000000000000e+00 1.000000000000000000e+00 1.000000000000000000e+00 6.126306002029658915e-01 2.628046804289020377e-01
3.981000000000000000e+03 8.135503124771119587e-01 1.014271043330150501e+00 9.621750360437720806e-01 6.126306002029658915e-01 2.628046804289020377e-01
3.982000000000000000e+03 1.000000000000000000e+00 1.000000000000000000e+00 1.000000000000000000e+00 3.350712699084629209e-01 4.216847031614605612e-01
3.982000000000000000e+03 7.203254687156680491e-01 1.021406564995225974e+00 9.432625540656580654e-01 3.350712699084629209e-01 4.216847031614605612e-01
3.983000000000000000e+03 1.000000000000000000e+00 1.000000000000000000e+00 1.000000000000000000e+00 5.203955511324152017e-01 5.096846901096867555e-01
3.983000000000000000e+03 6.271006249542240285e-01 1.028542086660301225e+00 9.243500720875441612e-01 5.203955511324152017e-01 5.096846901096867555e-01
3.984000000000000000e+03 1.000000000000000000e+00 1.000000000000000000e+00 1.000000000000000000e+00 5.261371949796401770e-01 5.194468832235887845e-01
3.984000000000000000e+03 9.067751562385559794e-01 1.007135521665075251e+00 9.810875180218860958e-01 5.261371949796401770e-01 5.194468832235887845e-01
3.985000000000000000e+03 1.000000000000000000e+00 1.000000000000000000e+00 1.000000000000000000e+00 3.454959577342612831e-01 3.850442034864597907e-01
3.985000000000000000e+03 8.135503124771119587e-01 1.014271043330150501e+00 9.621750360437720806e-01 3.454959577342612831e-01 3.850442034864597907e-01
3.986000000000000000e+03 1.000000000000000000e+00 1.000000000000000000e+00 1.000000000000000000e+00 6.627102531585158385e-01 2.813125340912119854e-01
3.986000000000000000e+03 7.203254687156680491e-01 1.021406564995225974e+00 9.432625540656580654e-01 6.627102531585158385e-01 2.813125340912119854e-01
3.987000000000000000e+03 1.000000000000000000e+00 1.000000000000000000e+00 1.000000000000000000e+00 4.327986601314355308e-01 5.903206186226894747e-01
3.987000000000000000e+03 6.271006249542240285e-01 1.028542086660301225e+00 9.243500720875441612e-01 4.327986601314355308e-01 5.903206186226894747e-01
3.988000000000000000e+03 1.000000000000000000e+00 1.000000000000000000e+00 1.000000000000000000e+00 3.490391378533932443e-01 5.221563157692977741e-01
3.988000000000000000e+03 9.067751562385559794e-01 1.007135521665075251e+00 9.810875180218860958e-01 3.490391378533932443e-01 5.221563157692977741e-01
3.989000000000000000e+03 1.000000000000000000e+00 1.000000000000000000e+00 1.000000000000000000e+00 8.092649305932275716e-01 4.546096162862465206e-01
3.989000000000000000e+03 8.135503124771119587e-01 1.014271043330150501e+00 9.621750360437720806e-01 8.092649305932275716e-01 4.546096162862465206e-01
3.990000000000000000e+03 1.000000000000000000e+00 1.000000000000000000e+00 1.000000000000000000e+00 4.662266502584743733e-01 2.698871036300828918e-01
3.990000000000000000e+03 7.203254687156680491e-01 1.021406564995225974e+00 9.432625540656580654e-01 4.662266502584743733e-01 2.698871036300828918e-01
3.991000000000000000e+03 1.000000000000000000e+00 1.000000000000000000e+00 1.000000000000000000e+00 5.105392817970699770e-01 5.718088279232962368e-01
3.991000000000000000e+03 6.271006249542240285e-01 1.028542086660301225e+00 9.243500720875441612e-01 5.105392817970699770e-01 5.718088279232962368e-01
3.992000000000000000e+03 1.000000000000000000e+00 1.000000000000000000e+00 1.000000000000000000e+00 5.269613474708115808e-01 5.451391733539039386e-01
3.992000000000000000e+03 9.067751562385559794e-01 1.007135521665075251e+00 9.810875180218860958e-01 5.269613474708115808e-01 5.451391733539039386e-01
3.993000000000000000e+03 1.000000000000000000e+00 1.000000000000000000e+00 1.000000000000000000e+00 3.909928284278183508e-01 3.174982307637852497e-01
3.993000000000000000e+03 8.135503124771119587e-01 1.014271043330150501e+00 9.621750360437720806e-01 3.909928284278183508e-01 3.174982307637852497e-01
3.994000000000000000e+03 1.000000000000000000e+00 1.000000000000000000e+00 1.000000000000000000e+00 7.511830671773701562e-01 3.499699163771332611e-01
3.994000000000000000e+03 7.203254687156680491e-01 1.021406564995225974e+00 9.432625540656580654e-01 7.511830671773701562e-01 3.499699163771332611e-01
3.995000000000000000e+03 1.000000000000000000e+00 1.000000000000000000e+00 1.000000000000000000e+00 3.861795287049406555e-01 5.679842595214965595e-01
3.995000000000000000e+03 6.271006249542240285e-01 1.028542086660301225e+00 9.243500720875441612e-01 3.861795287049406555e-01 5.679842595214965595e-01
3.996000000000000000e+03 1.000000000000000000e+00 1.000000000000000000e+00 1.000000000000000000e+00 4.773676199409240817e-01 5.897690626072098485e-01
3.996000000000000000e+03 9.067751562385559794e-01 1.007135521665075251e+00 9.810875180218860958e-01 4.773676199409240817e-01 5.897690626072098485e-01
3.997000000000000000e+03 1.000000000000000000e+00 1.000000000000000000e+00 1.000000000000000000e+00 5.617472444987278157e-01 2.550857557729033220e-01
3.997000000000000000e+03 8.135503124771119587e-01 1.014271043330150501e+00 9.621750360437720806e-01 5.617472444987278157e-01 2.550857557729033220e-01
3.998000000000000000e+03 1.000000000000000000e+00 1.000000000000000000e+00 1.000000000000000000e+00 3.326583465828467090e-01 4.578101877210981607e-01
3.998000000000000000e+03 7.203254687156680491e-01 1.021406564995225974e+00 9.432625540656580654e-01 3.326583465828467090e-01 4.578101877210981607e-01
3.999000000000000000e+03 1.000000000000000000e+00 1.000000000000000000e+00 1.000000000000000000e+00 5.121964717972664616e-01 5.030749478392499974e-01
3.999000000000000000e+03 6.271006249542240285e-01 1.028542086660301225e+00 9.243500720875441612e-01 5.121964717972664616e-01 5.030749478392499974e-01
