6.200000000000000000e+02 1.000000000000000000e+00 1.000000000000000000e+00 1.000000000000000000e+00 4.307597004130311324e-01 5.898545898624928396e-01
6.200000000000000000e+02 9.101282481074015607e-01 9.910746102159405657e-01 1.010781680758934709e+00 4.307597004130311324e-01 5.898545898624928396e-01
6.210000000000000000e+02 1.000000000000000000e+00 1.000000000000000000e+00 1.000000000000000000e+00 6.669015485911782282e-01 2.834083577694731515e-01
6.210000000000000000e+02 8.202564962148031213e-01 9.821492204318811314e-01 1.021563361517869417e+00 6.669015485911782282e-01 2.834083577694731515e-01
6.220000000000000000e+02 1.000000000000000000e+00 1.000000000000000000e+00 1.000000000000000000e+00 3.467768839534901559e-01 3.819290759109263966e-01
6.220000000000000000e+02 7.303847443222046820e-01 9.732238306478215861e-01 1.032345042276804126e+00 3.467768839534901559e-01 3.819290759109263966e-01
6.230000000000000000e+02 1.000000000000000000e+00 1.000000000000000000e+00 1.000000000000000000e+00 5.264860636784758352e-01 5.204096750848641317e-01
6.230000000000000000e+02 6.405129924296062427e-01 9.642984408637621518e-01 1.043126723035738834e+00 5.264860636784758352e-01 5.204096750848641317e-01
6.240000000000000000e+02 1.000000000000000000e+00 1.000000000000000000e+00 1.000000000000000000e+00 5.209992089786605884e-01 5.104091127633694214e-01
6.240000000000000000e+02 9.101282481074015607e-01 9.910746102159405657e-01 1.010781680758934709e+00 5.209992089786605884e-01 5.104091127633694214e-01
6.250000000000000000e+02 1.000000000000000000e+00 1.000000000000000000e+00 1.000000000000000000e+00 3.356461910603497634e-01 4.185313441053619132e-01
6.250000000000000000e+02 8.202564962148031213e-01 9.821492204318811314e-01 1.021563361517869417e+00 3.356461910603497634e-01 4.185313441053619132e-01
6.260000000000000000e+02 1.000000000000000000e+00 1.000000000000000000e+00 1.000000000000000000e+00 6.169984274602724472e-01 2.639688910798549948e-01
6.260000000000000000e+02 7.303847443222046820e-01 9.732238306478215861e-01 1.032345042276804126e+00 6.169984274602724472e-01 2.639688910798549948e-01
6.270000000000000000e+02 1.000000000000000000e+00 1.000000000000000000e+00 1.000000000000000000e+00 4.540611156709962182e-01 5.926765089591554680e-01
6.270000000000000000e+02 6.405129924296062427e-01 9.642984408637621518e-01 1.043126723035738834e+00 4.540611156709962182e-01 5.926765089591554680e-01
6.280000000000000000e+02 1.000000000000000000e+00 1.000000000000000000e+00 1.000000000000000000e+00 3.640806917883927518e-01 5.458285725451722525e-01
6.280000000000000000e+02 9.101282481074015607e-01 9.910746102159405657e-01 1.010781680758934709e+00 3.640806917883927518e-01 5.458285725451722525e-01
6.290000000000000000e+02 1.000000000000000000e+00 1.000000000000000000e+00 1.000000000000000000e+00 7.875330027744458228e-01 4.030511025242652923e-01
6.290000000000000000e+02 8.202564962148031213e-01 9.821492204318811314e-01 1.021563361517869417e+00 7.875330027744458228e-01 4.030511025242652923e-01
6.300000000000000000e+02 1.000000000000000000e+00 1.000000000000000000e+00 1.000000000000000000e+00 4.286112649895465476e-01 2.882738445069734645e-01
6.300000000000000000e+02 7.303847443222046820e-01 9.732238306478215861e-01 1.032345042276804126e+00 4.286112649895465476e-01 2.882738445069734645e-01
6.310000000000000000e+02 1.000000000000000000e+00 1.000000000000000000e+00 1.000000000000000000e+00 5.202684100798909972e-01 5.601124609301879609e-01
6.310000000000000000e+02 6.405129924296062427e-01 9.642984408637621518e-01 1.043126723035738834e+00 5.202684100798909972e-01 5.601124609301879609e-01
6.320000000000000000e+02 1.000000000000000000e+00 1.000000000000000000e+00 1.000000000000000000e+00 5.285734782400918208e-01 5.327165515834568765e-01
6.320000000000000000e+02 9.101282481074015607e-01 9.910746102159405657e-01 1.010781680758934709e+00 5.285734782400918208e-01 5.327165515834568765e-01
6.330000000000000000e+02 1.000000000000000000e+00 1.000000000000000000e+00 1.000000000000000000e+00 3.661774508323755173e-01 3.467735605695650980e-01
6.330000000000000000e+02 8.202564962148031213e-01 9.821492204318811314e-01 1.021563361517869417e+00 3.661774508323755173e-01 3.467735605695650980e-01
6.340000000000000000e+02 1.000000000000000000e+00 1.000000000000000000e+00 1.000000000000000000e+00 7.134813833539238592e-01 3.135529153686091863e-01
6.340000000000000000e+02 7.303847443222046820e-01 9.732238306478215861e-01 1.032345042276804126e+00 7.134813833539238592e-01 3.135529153686091863e-01
6.350000000000000000e+02 1.000000000000000000e+00 1.000000000000000000e+00 1.000000000000000000e+00 4.070285044930540552e-01 5.811980137038581518e-01
6.350000000000000000e+02 6.405129924296062427e-01 9.642984408637621518e-01 1.043126723035738834e+00 4.070285044930540552e-01 5.811980137038581518e-01
6.360000000000000000e+02 1.000000000000000000e+00 1.000000000000000000e+00 1.000000000000000000e+00 4.943726479614067859e-01 5.832475183731247181e-01
6.360000000000000000e+02 9.101282481074015607e-01 9.910746102159405657e-01 1.010781680758934709e+00 4.943726479614067859e-01 5.832475183731247181e-01
6.370000000000000000e+02 1.000000000000000000e+00 1.000000000000000000e+00 1.000000000000000000e+00 5.164183791687794178e-01 2.571167909638045757e-01
6.370000000000000000e+02 8.202564962148031213e-01 9.821492204318811314e-01 1.021563361517869417e+00 5.164183791687794178e-01 2.571167909638045757e-01
6.380000000000000000e+02 1.000000000000000000e+00 1.000000000000000000e+00 1.000000000000000000e+00 3.369346362953399288e-01 4.889771343963136840e-01
6.380000000000000000e+02 7.303847443222046820e-01 9.732238306478215861e-01 1.032345042276804126e+00 3.369346362953399288e-01 4.889771343963136840e-01
6.390000000000000000e+02 1.000000000000000000e+00 1.000000000000000000e+00 1.000000000000000000e+00 5.034296730415893650e-01 5.002318384735000567e-01
6.390000000000000000e+02 6.405129924296062427e-01 9.642984408637621518e-01 1.043126723035738834e+00 5.034296730415893650e-01 5.002318384735000567e-01
