4.960000000000000000e+03 1.000000000000000000e+00 1.000000000000000000e+00 1.000000000000000000e+00 5.136336499111309184e-01 5.038970665504167723e-01
4.960000000000000000e+03 8.990509427500777972e-01 9.982236199133593946e-01 1.000230450357732614e+00 5.136336499111309184e-01 5.038970665504167723e-01
4.961000000000000000e+03 1.000000000000000000e+00 1.000000000000000000e+00 1.000000000000000000e+00 3.325276998519764993e-01 4.521294221809681879e-01
4.961000000000000000e+03 7.981018855001555945e-01 9.964472398267189002e-01 1.000460900715465451e+00 3.325276998519764993e-01 4.521294221809681879e-01
4.962000000000000000e+03 1.000000000000000000e+00 1.000000000000000000e+00 1.000000000000000000e+00 5.698573334533394430e-01 2.556083747335301526e-01
4.962000000000000000e+03 6.971528282502332807e-01 9.946708597400784058e-01 1.000691351073198287e+00 5.698573334533394430e-01 2.556083747335301526e-01
4.963000000000000000e+03 1.000000000000000000e+00 1.000000000000000000e+00 1.000000000000000000e+00 4.741161778152757078e-01 5.905529750295771541e-01
4.963000000000000000e+03 5.962037710003110780e-01 9.928944796534378003e-01 1.000921801430930902e+00 4.741161778152757078e-01 5.905529750295771541e-01
4.964000000000000000e+03 1.000000000000000000e+00 1.000000000000000000e+00 1.000000000000000000e+00 3.826981709096962669e-01 5.651495927053026280e-01
4.964000000000000000e+03 8.990509427500777972e-01 9.982236199133593946e-01 1.000230450357732614e+00 3.826981709096962669e-01 5.651495927053026280e-01
4.965000000000000000e+03 1.000000000000000000e+00 1.000000000000000000e+00 1.000000000000000000e+00 7.571761498920168698e-01 3.571640225142258540e-01
4.965000000000000000e+03 7.981018855001555945e-01 9.964472398267189002e-01 1.000460900715465451e+00 7.571761498920168698e-01 3.571640225142258540e-01
4.966000000000000000e+03 1.000000000000000000e+00 1.000000000000000000e+00 1.000000000000000000e+00 3.960072149044616685e-01 3.127610105088397541e-01
4.966000000000000000e+03 6.971528282502332807e-01 9.946708597400784058e-01 1.000691351073198287e+00 3.960072149044616685e-01 3.127610105088397541e-01
4.967000000000000000e+03 1.000000000000000000e+00 1.000000000000000000e+00 1.000000000000000000e+00 5.263064003150669246e-01 5.473646686894472202e-01
4.967000000000000000e+03 5.962037710003110780e-01 9.928944796534378003e-01 1.000921801430930902e+00 5.263064003150669246e-01 5.473646686894472202e-01
4.968000000000000000e+03 1.000000000000000000e+00 1.000000000000000000e+00 1.000000000000000000e+00 5.084589302968931523e-01 5.736958108431541303e-01
4.968000000000000000e+03 8.990509427500777972e-01 9.982236199133593946e-01 1.000230450357732614e+00 5.084589302968931523e-01 5.736958108431541303e-01
4.969000000000000000e+03 1.000000000000000000e+00 1.000000000000000000e+00 1.000000000000000000e+00 4.732957940337680358e-01 2.673478746683995433e-01
4.969000000000000000e+03 7.981018855001555945e-01 9.964472398267189002e-01 1.000460900715465451e+00 4.732957940337680358e-01 2.673478746683995433e-01
4.970000000000000000e+03 1.000000000000000000e+00 1.000000000000000000e+00 1.000000000000000000e+00 8.121302825758236477e-01 4.641731561990986576e-01
4.970000000000000000e+03 6.971528282502332807e-01 9.946708597400784058e-01 1.000691351073198287e+00 8.121302825758236477e-01 4.641731561990986576e-01
4.971000000000000000e+03 1.000000000000000000e+00 1.000000000000000000e+00 1.000000000000000000e+00 3.468260319126227342e-01 5.175815681315625305e-01
4.971000000000000000e+03 5.962037710003110780e-01 9.928944796534378003e-01 1.000921801430930902e+00 3.468260319126227342e-01 5.175815681315625305e-01
4.972000000000000000e+03 1.000000000000000000e+00 1.000000000000000000e+00 1.000000000000000000e+00 4.289961269480834782e-01 5.894172860761551780e-01
4.972000000000000000e+03 8.990509427500777972e-01 9.982236199133593946e-01 1.000230450357732614e+00 4.289961269480834782e-01 5.894172860761551780e-01
4.973000000000000000e+03 1.000000000000000000e+00 1.000000000000000000e+00 1.000000000000000000e+00 6.705016027887109598e-01 2.852822678862356187e-01
4.973000000000000000e+03 7.981018855001555945e-01 9.964472398267189002e-01 1.000460900715465451e+00 6.705016027887109598e-01 2.852822678862356187e-01
4.974000000000000000e+03 1.000000000000000000e+00 1.000000000000000000e+00 1.000000000000000000e+00 3.479324909050401926e-01 3.792472620796862315e-01
4.974000000000000000e+03 6.971528282502332807e-01 9.946708597400784058e-01 1.000691351073198287e+00 3.479324909050401926e-01 3.792472620796862315e-01
4.975000000000000000e+03 1.000000000000000000e+00 1.000000000000000000e+00 1.000000000000000000e+00 5.267670630573505486e-01 5.212550081835193305e-01
4.975000000000000000e+03 5.962037710003110780e-01 9.928944796534378003e-01 1.000921801430930902e+00 5.267670630573505486e-01 5.212550081835193305e-01
4.976000000000000000e+03 1.000000000000000000e+00 1.000000000000000000e+00 1.000000000000000000e+00 5.215053955100108496e-01 5.110532914353898004e-01
4.976000000000000000e+03 8.990509427500777972e-01 9.982236199133593946e-01 1.000230450357732614e+00 5.215053955100108496e-01 5.110532914353898004e-01
4.977000000000000000e+03 1.000000000000000000e+00 1.000000000000000000e+00 1.000000000000000000e+00 3.361907272541179159e-01 4.158057041714650071e-01
4.977000000000000000e+03 7.981018855001555945e-01 9.964472398267189002e-01 1.000460900715465451e+00 3.361907272541179159e-01 4.158057041714650071e-01
4.978000000000000000e+03 1.000000000000000000e+00 1.000000000000000000e+00 1.000000000000000000e+00 6.207647980251074227e-01 2.650387886361822432e-01
4.978000000000000000e+03 6.971528282502332807e-01 9.946708597400784058e-01 1.000691351073198287e+00 6.207647980251074227e-01 2.650387886361822432e-01
4.979000000000000000e+03 1.000000000000000000e+00 1.000000000000000000e+00 1.000000000000000000e+00 4.523762063680375478e-01 5.926573341279464113e-01
4.979000000000000000e+03 5.962037710003110780e-01 9.928944796534378003e-01 1.000921801430930902e+00 4.523762063680375478e-01 5.926573341279464113e-01
