4.600000000000000000e+03 1.000000000000000000e+00 1.000000000000000000e+00 1.000000000000000000e+00 5.283862035045573391e-01 5.292258326294223547e-01
4.600000000000000000e+03 1.011849178991549358e+00 9.114308428199076051e-01 9.899241964885692191e-01 5.283862035045573391e-01 5.292258326294223547e-01
4.601000000000000000e+03 1.000000000000000000e+00 1.000000000000000000e+00 1.000000000000000000e+00 3.601373923203064487e-01 3.560004277252141192e-01
4.601000000000000000e+03 1.023698357983098939e+00 8.228616856398152102e-01 9.798483929771384382e-01 3.601373923203064487e-01 3.560004277252141192e-01
4.602000000000000000e+03 1.000000000000000000e+00 1.000000000000000000e+00 1.000000000000000000e+00 7.013864420974675884e-01 3.043991902327383148e-01
4.602000000000000000e+03 1.035547536974648519e+00 7.342925284597227042e-01 9.697725894657075463e-01 7.013864420974675884e-01 3.043991902327383148e-01
4.603000000000000000e+03 1.000000000000000000e+00 1.000000000000000000e+00 1.000000000000000000e+00 4.133872975478958267e-01 5.841244055921255285e-01
4.603000000000000000e+03 1.047396715966197878e+00 6.457233712796303093e-01 9.596967859542767654e-01 4.133872975478958267e-01 5.841244055921255285e-01
4.604000000000000000e+03 1.000000000000000000e+00 1.000000000000000000e+00 1.000000000000000000e+00 4.988234004844150915e-01 5.807336141632782889e-01
4.604000000000000000e+03 1.011849178991549358e+00 9.114308428199076051e-01 9.899241964885692191e-01 4.988234004844150915e-01 5.807336141632782889e-01
4.605000000000000000e+03 1.000000000000000000e+00 1.000000000000000000e+00 1.000000000000000000e+00 5.035081677864295946e-01 2.592833748968148000e-01
4.605000000000000000e+03 1.023698357983098939e+00 8.228616856398152102e-01 9.798483929771384382e-01 5.035081677864295946e-01 2.592833748968148000e-01
4.606000000000000000e+03 1.000000000000000000e+00 1.000000000000000000e+00 1.000000000000000000e+00 3.392748803667682833e-01 4.976576163489927485e-01
4.606000000000000000e+03 1.035547536974648519e+00 7.342925284597227042e-01 9.697725894657075463e-01 3.392748803667682833e-01 4.976576163489927485e-01
4.607000000000000000e+03 1.000000000000000000e+00 1.000000000000000000e+00 1.000000000000000000e+00 5.007421086933248056e-01 5.000108153801625654e-01
4.607000000000000000e+03 1.047396715966197878e+00 6.457233712796303093e-01 9.596967859542767654e-01 5.007421086933248056e-01 5.000108153801625654e-01
4.608000000000000000e+03 1.000000000000000000e+00 1.000000000000000000e+00 1.000000000000000000e+00 5.010544613556924265e-01 5.000218396888130856e-01
4.608000000000000000e+03 1.011849178991549358e+00 9.114308428199076051e-01 9.899241964885692191e-01 5.010544613556924265e-01 5.000218396888130856e-01
4.609000000000000000e+03 1.000000000000000000e+00 1.000000000000000000e+00 1.000000000000000000e+00 3.389798455733316063e-01 4.966649986305043951e-01
4.609000000000000000e+03 1.023698357983098939e+00 8.228616856398152102e-01 9.798483929771384382e-01 3.389798455733316063e-01 4.966649986305043951e-01
4.610000000000000000e+03 1.000000000000000000e+00 1.000000000000000000e+00 1.000000000000000000e+00 5.049915822098368645e-01 2.589969990378436782e-01
4.610000000000000000e+03 1.035547536974648519e+00 7.342925284597227042e-01 9.697725894657075463e-01 5.049915822098368645e-01 2.589969990378436782e-01
4.611000000000000000e+03 1.000000000000000000e+00 1.000000000000000000e+00 1.000000000000000000e+00 4.983215794708456547e-01 5.810373078911803546e-01
4.611000000000000000e+03 1.047396715966197878e+00 6.457233712796303093e-01 9.596967859542767654e-01 4.983215794708456547e-01 5.810373078911803546e-01
4.612000000000000000e+03 1.000000000000000000e+00 1.000000000000000000e+00 1.000000000000000000e+00 4.126472511683786926e-01 5.838077242101367137e-01
4.612000000000000000e+03 1.011849178991549358e+00 9.114308428199076051e-01 9.899241964885692191e-01 4.126472511683786926e-01 5.838077242101367137e-01
4.613000000000000000e+03 1.000000000000000000e+00 1.000000000000000000e+00 1.000000000000000000e+00 7.028083342508922859e-01 3.054222085537482978e-01
4.613000000000000000e+03 1.023698357983098939e+00 8.228616856398152102e-01 9.798483929771384382e-01 7.028083342508922859e-01 3.054222085537482978e-01
4.614000000000000000e+03 1.000000000000000000e+00 1.000000000000000000e+00 1.000000000000000000e+00 3.608072421718057643e-01 3.549194584587432311e-01
4.614000000000000000e+03 1.035547536974648519e+00 7.342925284597227042e-01 9.697725894657075463e-01 3.608072421718057643e-01 3.549194584587432311e-01
4.615000000000000000e+03 1.000000000000000000e+00 1.000000000000000000e+00 1.000000000000000000e+00 5.284226905920792472e-01 5.296249561219857904e-01
4.615000000000000000e+03 1.047396715966197878e+00 6.457233712796303093e-01 9.596967859542767654e-01 5.284226905920792472e-01 5.296249561219857904e-01
4.616000000000000000e+03 1.000000000000000000e+00 1.000000000000000000e+00 1.000000000000000000e+00 5.221915694820437048e-01 5.568788986325006185e-01
4.616000000000000000e+03 1.011849178991549358e+00 9.114308428199076051e-01 9.899241964885692191e-01 5.221915694820437048e-01 5.568788986325006185e-01
4.617000000000000000e+03 1.000000000000000000e+00 1.000000000000000000e+00 1.000000000000000000e+00 4.196531722975780920e-01 2.940641795512980439e-01
4.617000000000000000e+03 1.023698357983098939e+00 8.228616856398152102e-01 9.798483929771384382e-01 4.196531722975780920e-01 2.940641795512980439e-01
4.618000000000000000e+03 1.000000000000000000e+00 1.000000000000000000e+00 1.000000000000000000e+00 7.804642813568025694e-01 3.905755431873889627e-01
4.618000000000000000e+03 1.035547536974648519e+00 7.342925284597227042e-01 9.697725894657075463e-01 7.804642813568025694e-01 3.905755431873889627e-01
4.619000000000000000e+03 1.000000000000000000e+00 1.000000000000000000e+00 1.000000000000000000e+00 3.685926404593987682e-01 5.512691985922328897e-01
4.619000000000000000e+03 1.047396715966197878e+00 6.457233712796303093e-01 9.596967859542767654e-01 3.685926404593987682e-01 5.512691985922328897e-01
