4.880000000000000000e+03 1.000000000000000000e+00 1.000000000000000000e+00 1.000000000000000000e+00 5.257460104276101553e-01 5.184592943299316525e-01
4.880000000000000000e+03 9.971451277342596731e-01 9.312897632532224357e-01 1.002939457050063599e+00 5.257460104276101553e-01 5.184592943299316525e-01
4.881000000000000000e+03 1.000000000000000000e+00 1.000000000000000000e+00 1.000000000000000000e+00 3.442223512105019312e-01 3.883110267854814057e-01
4.881000000000000000e+03 9.942902554685193461e-01 8.625795265064447603e-01 1.005878914100126975e+00 3.442223512105019312e-01 3.883110267854814057e-01
4.882000000000000000e+03 1.000000000000000000e+00 1.000000000000000000e+00 1.000000000000000000e+00 6.583038126568120374e-01 2.792065320295579745e-01
4.882000000000000000e+03 9.914353832027789082e-01 7.938692897596670850e-01 1.008818371150190352e+00 6.583038126568120374e-01 2.792065320295579745e-01
4.883000000000000000e+03 1.000000000000000000e+00 1.000000000000000000e+00 1.000000000000000000e+00 4.349258662277748488e-01 5.907618296085540566e-01
4.883000000000000000e+03 9.885805109370385813e-01 7.251590530128895207e-01 1.011757828200253950e+00 4.349258662277748488e-01 5.907618296085540566e-01
4.884000000000000000e+03 1.000000000000000000e+00 1.000000000000000000e+00 1.000000000000000000e+00 3.503399356903066364e-01 5.246696726957637003e-01
4.884000000000000000e+03 9.971451277342596731e-01 9.312897632532224357e-01 1.002939457050063599e+00 3.503399356903066364e-01 5.246696726957637003e-01
4.885000000000000000e+03 1.000000000000000000e+00 1.000000000000000000e+00 1.000000000000000000e+00 8.075296557113168516e-01 4.493074121968842483e-01
4.885000000000000000e+03 9.942902554685193461e-01 8.625795265064447603e-01 1.005878914100126975e+00 8.075296557113168516e-01 4.493074121968842483e-01
4.886000000000000000e+03 1.000000000000000000e+00 1.000000000000000000e+00 1.000000000000000000e+00 4.623188697505603018e-01 2.714051399894948924e-01
4.886000000000000000e+03 9.914353832027789082e-01 7.938692897596670850e-01 1.008818371150190352e+00 4.623188697505603018e-01 2.714051399894948924e-01
4.887000000000000000e+03 1.000000000000000000e+00 1.000000000000000000e+00 1.000000000000000000e+00 5.116582151420876468e-01 5.707252686088816196e-01
4.887000000000000000e+03 9.885805109370385813e-01 7.251590530128895207e-01 1.011757828200253950e+00 5.116582151420876468e-01 5.707252686088816196e-01
4.888000000000000000e+03 1.000000000000000000e+00 1.000000000000000000e+00 1.000000000000000000e+00 5.272791604331266146e-01 5.438934790847272938e-01
4.888000000000000000e+03 9.971451277342596731e-01 9.312897632532224357e-01 1.002939457050063599e+00 5.272791604331266146e-01 5.438934790847272938e-01
4.889000000000000000e+03 1.000000000000000000e+00 1.000000000000000000e+00 1.000000000000000000e+00 3.882647238192644679e-01 3.202125750868197729e-01
4.889000000000000000e+03 9.942902554685193461e-01 8.625795265064447603e-01 1.005878914100126975e+00 3.882647238192644679e-01 3.202125750868197729e-01
4.890000000000000000e+03 1.000000000000000000e+00 1.000000000000000000e+00 1.000000000000000000e+00 7.477343978274066938e-01 3.460366659454600091e-01
4.890000000000000000e+03 9.914353832027789082e-01 7.938692897596670850e-01 1.008818371150190352e+00 7.477343978274066938e-01 3.460366659454600091e-01
4.891000000000000000e+03 1.000000000000000000e+00 1.000000000000000000e+00 1.000000000000000000e+00 3.881595480010461841e-01 5.695072183069309624e-01
4.891000000000000000e+03 9.885805109370385813e-01 7.251590530128895207e-01 1.011757828200253950e+00 3.881595480010461841e-01 5.695072183069309624e-01
4.892000000000000000e+03 1.000000000000000000e+00 1.000000000000000000e+00 1.000000000000000000e+00 4.791588930017374182e-01 5.892794117318468361e-01
4.892000000000000000e+03 9.971451277342596731e-01 9.312897632532224357e-01 1.002939457050063599e+00 4.791588930017374182e-01 5.892794117318468361e-01
4.893000000000000000e+03 1.000000000000000000e+00 1.000000000000000000e+00 1.000000000000000000e+00 5.572131454579486443e-01 2.549095654928466015e-01
4.893000000000000000e+03 9.942902554685193461e-01 8.625795265064447603e-01 1.005878914100126975e+00 5.572131454579486443e-01 2.549095654928466015e-01
4.894000000000000000e+03 1.000000000000000000e+00 1.000000000000000000e+00 1.000000000000000000e+00 3.328150768804998827e-01 4.609728737718942759e-01
4.894000000000000000e+03 9.914353832027789082e-01 7.938692897596670850e-01 1.008818371150190352e+00 3.328150768804998827e-01 4.609728737718942759e-01
4.895000000000000000e+03 1.000000000000000000e+00 1.000000000000000000e+00 1.000000000000000000e+00 5.113739003441934994e-01 5.026550877684194951e-01
4.895000000000000000e+03 9.885805109370385813e-01 7.251590530128895207e-01 1.011757828200253950e+00 5.113739003441934994e-01 5.026550877684194951e-01
4.896000000000000000e+03 1.000000000000000000e+00 1.000000000000000000e+00 1.000000000000000000e+00 5.157931273859542864e-01 5.053655477324012768e-01
4.896000000000000000e+03 9.971451277342596731e-01 9.312897632532224357e-01 1.002939457050063599e+00 5.157931273859542864e-01 5.053655477324012768e-01
4.897000000000000000e+03 1.000000000000000000e+00 1.000000000000000000e+00 1.000000000000000000e+00 3.327112056986619715e-01 4.431654042303257435e-01
4.897000000000000000e+03 9.942902554685193461e-01 8.625795265064447603e-01 1.005878914100126975e+00 3.327112056986619715e-01 4.431654042303257435e-01
4.898000000000000000e+03 1.000000000000000000e+00 1.000000000000000000e+00 1.000000000000000000e+00 5.825691197883108297e-01 2.569633722409701559e-01
4.898000000000000000e+03 9.914353832027789082e-01 7.938692897596670850e-01 1.008818371150190352e+00 5.825691197883108297e-01 2.569633722409701559e-01
4.899000000000000000e+03 1.000000000000000000e+00 1.000000000000000000e+00 1.000000000000000000e+00 4.688999282489622056e-01 5.915409608436461575e-01
4.899000000000000000e+03 9.885805109370385813e-01 7.251590530128895207e-01 1.011757828200253950e+00 4.688999282489622056e-01 5.915409608436461575e-01
