4.540000000000000000e+03 1.000000000000000000e+00 1.000000000000000000e+00 1.000000000000000000e+00 4.857815828400809388e-01 5.870891512661116085e-01
4.540000000000000000e+03 1.004211679752304853e+00 1.006304034962622884e+00 9.103363344998497420e-01 4.857815828400809388e-01 5.870891512661116085e-01
4.541000000000000000e+03 1.000000000000000000e+00 1.000000000000000000e+00 1.000000000000000000e+00 5.399991328248275879e-01 2.550015244372998424e-01
4.541000000000000000e+03 1.008423359504609707e+00 1.012608069925245768e+00 8.206726689996994839e-01 5.399991328248275879e-01 2.550015244372998424e-01
4.542000000000000000e+03 1.000000000000000000e+00 1.000000000000000000e+00 1.000000000000000000e+00 3.339561865855941170e-01 4.728912250076265922e-01
4.542000000000000000e+03 1.012635039256914560e+00 1.018912104887868431e+00 7.310090034995492259e-01 3.339561865855941170e-01 4.728912250076265922e-01
4.543000000000000000e+03 1.000000000000000000e+00 1.000000000000000000e+00 1.000000000000000000e+00 5.081344891178174450e-01 5.013280593274648256e-01
4.543000000000000000e+03 1.016846719009219413e+00 1.025216139850491315e+00 6.413453379993989678e-01 5.081344891178174450e-01 5.013280593274648256e-01
4.544000000000000000e+03 1.000000000000000000e+00 1.000000000000000000e+00 1.000000000000000000e+00 5.057057287494934883e-01 5.006460469970213101e-01
4.544000000000000000e+03 1.004211679752304853e+00 1.006304034962622884e+00 9.103363344998497420e-01 5.057057287494934883e-01 5.006460469970213101e-01
4.545000000000000000e+03 1.000000000000000000e+00 1.000000000000000000e+00 1.000000000000000000e+00 3.353101558904715285e-01 4.813525346369981750e-01
4.545000000000000000e+03 1.008423359504609707e+00 1.012608069925245768e+00 8.206726689996994839e-01 3.353101558904715285e-01 4.813525346369981750e-01
4.546000000000000000e+03 1.000000000000000000e+00 1.000000000000000000e+00 1.000000000000000000e+00 5.276481745459921102e-01 2.558180982104539258e-01
4.546000000000000000e+03 1.012635039256914560e+00 1.018912104887868431e+00 7.310090034995492259e-01 5.276481745459921102e-01 2.558180982104539258e-01
4.547000000000000000e+03 1.000000000000000000e+00 1.000000000000000000e+00 1.000000000000000000e+00 4.903532438199884047e-01 5.851977864295109244e-01
4.547000000000000000e+03 1.016846719009219413e+00 1.025216139850491315e+00 6.413453379993989678e-01 4.903532438199884047e-01 5.851977864295109244e-01
4.548000000000000000e+03 1.000000000000000000e+00 1.000000000000000000e+00 1.000000000000000000e+00 4.016478629948736501e-01 5.783451010836671013e-01
4.548000000000000000e+03 1.004211679752304853e+00 1.006304034962622884e+00 9.103363344998497420e-01 4.016478629948736501e-01 5.783451010836671013e-01
4.549000000000000000e+03 1.000000000000000000e+00 1.000000000000000000e+00 1.000000000000000000e+00 7.234998080747123694e-01 3.219650778418686188e-01
4.549000000000000000e+03 1.008423359504609707e+00 1.012608069925245768e+00 8.206726689996994839e-01 7.234998080747123694e-01 3.219650778418686188e-01
4.550000000000000000e+03 1.000000000000000000e+00 1.000000000000000000e+00 1.000000000000000000e+00 3.718099883791007865e-01 3.390740274600806403e-01
4.550000000000000000e+03 1.012635039256914560e+00 1.018912104887868431e+00 7.310090034995492259e-01 3.718099883791007865e-01 3.390740274600806403e-01
4.551000000000000000e+03 1.000000000000000000e+00 1.000000000000000000e+00 1.000000000000000000e+00 5.285001905464349337e-01 5.357783014703333402e-01
4.551000000000000000e+03 1.016846719009219413e+00 1.025216139850491315e+00 6.413453379993989678e-01 5.285001905464349337e-01 5.357783014703333402e-01
4.552000000000000000e+03 1.000000000000000000e+00 1.000000000000000000e+00 1.000000000000000000e+00 5.181651601292882603e-01 5.631827680207386333e-01
4.552000000000000000e+03 1.004211679752304853e+00 1.006304034962622884e+00 9.103363344998497420e-01 5.181651601292882603e-01 5.631827680207386333e-01
4.553000000000000000e+03 1.000000000000000000e+00 1.000000000000000000e+00 1.000000000000000000e+00 4.376253948977084085e-01 2.830462172359782813e-01
4.553000000000000000e+03 1.008423359504609707e+00 1.012608069925245768e+00 8.206726689996994839e-01 4.376253948977084085e-01 2.830462172359782813e-01
4.554000000000000000e+03 1.000000000000000000e+00 1.000000000000000000e+00 1.000000000000000000e+00 7.938392901356632336e-01 4.155206724112067151e-01
4.554000000000000000e+03 1.012635039256914560e+00 1.018912104887868431e+00 7.310090034995492259e-01 7.938392901356632336e-01 4.155206724112067151e-01
4.555000000000000000e+03 1.000000000000000000e+00 1.000000000000000000e+00 1.000000000000000000e+00 3.599317246076197963e-01 5.402698826157900092e-01
4.555000000000000000e+03 1.016846719009219413e+00 1.025216139850491315e+00 6.413453379993989678e-01 3.599317246076197963e-01 5.402698826157900092e-01
4.556000000000000000e+03 1.000000000000000000e+00 1.000000000000000000e+00 1.000000000000000000e+00 4.487998119516564688e-01 5.925200030323141132e-01
4.556000000000000000e+03 1.004211679752304853e+00 1.006304034962622884e+00 9.103363344998497420e-01 4.487998119516564688e-01 5.925200030323141132e-01
4.557000000000000000e+03 1.000000000000000000e+00 1.000000000000000000e+00 1.000000000000000000e+00 6.286719169903514093e-01 2.674866713598696433e-01
4.557000000000000000e+03 1.008423359504609707e+00 1.012608069925245768e+00 8.206726689996994839e-01 6.286719169903514093e-01 2.674866713598696433e-01
4.558000000000000000e+03 1.000000000000000000e+00 1.000000000000000000e+00 1.000000000000000000e+00 3.374833341637777373e-01 4.100639474806525575e-01
4.558000000000000000e+03 1.012635039256914560e+00 1.018912104887868431e+00 7.310090034995492259e-01 3.374833341637777373e-01 4.100639474806525575e-01
4.559000000000000000e+03 1.000000000000000000e+00 1.000000000000000000e+00 1.000000000000000000e+00 5.225233402284059636e-01 5.124643235773396199e-01
4.559000000000000000e+03 1.016846719009219413e+00 1.025216139850491315e+00 6.413453379993989678e-01 5.225233402284059636e-01 5.124643235773396199e-01
