3.000000000000000000e+03 1.000000000000000000e+00 1.000000000000000000e+00 1.000000000000000000e+00 5.282054564074503133e-01 5.388967148498821080e-01
3.000000000000000000e+03 1.021324775760682702e+00 9.101546639831397112e-01 1.003285230982813303e+00 5.282054564074503133e-01 5.388967148498821080e-01
3.001000000000000000e+03 1.000000000000000000e+00 1.000000000000000000e+00 1.000000000000000000e+00 3.778680806292026850e-01 3.315740623654697128e-01
3.001000000000000000e+03 1.042649551521365403e+00 8.203093279662794224e-01 1.006570461965626606e+00 3.778680806292026850e-01 3.315740623654697128e-01
3.002000000000000000e+03 1.000000000000000000e+00 1.000000000000000000e+00 1.000000000000000000e+00 7.331905490268544323e-01 3.309048491475292120e-01
3.002000000000000000e+03 1.063974327282048327e+00 7.304639919494191336e-01 1.009855692948439909e+00 7.331905490268544323e-01 3.309048491475292120e-01
3.003000000000000000e+03 1.000000000000000000e+00 1.000000000000000000e+00 1.000000000000000000e+00 3.963386737577937469e-01 5.751686878891237864e-01
3.003000000000000000e+03 1.085299103042731028e+00 6.406186559325588448e-01 1.013140923931253212e+00 3.963386737577937469e-01 5.751686878891237864e-01
3.004000000000000000e+03 1.000000000000000000e+00 1.000000000000000000e+00 1.000000000000000000e+00 4.861464004312890386e-01 5.869501580001752483e-01
3.004000000000000000e+03 1.021324775760682702e+00 9.101546639831397112e-01 1.003285230982813303e+00 4.861464004312890386e-01 5.869501580001752483e-01
3.005000000000000000e+03 1.000000000000000000e+00 1.000000000000000000e+00 1.000000000000000000e+00 5.390285524673089634e-01 2.550428113127272689e-01
3.005000000000000000e+03 1.042649551521365403e+00 8.203093279662794224e-01 1.006570461965626606e+00 5.390285524673089634e-01 2.550428113127272689e-01
3.006000000000000000e+03 1.000000000000000000e+00 1.000000000000000000e+00 1.000000000000000000e+00 3.340463266562760380e-01 4.735589239819899543e-01
3.006000000000000000e+03 1.063974327282048327e+00 7.304639919494191336e-01 1.009855692948439909e+00 3.340463266562760380e-01 4.735589239819899543e-01
3.007000000000000000e+03 1.000000000000000000e+00 1.000000000000000000e+00 1.000000000000000000e+00 5.079466426566264792e-01 5.012661231194118772e-01
3.007000000000000000e+03 1.085299103042731028e+00 6.406186559325588448e-01 1.013140923931253212e+00 5.079466426566264792e-01 5.012661231194118772e-01
3.008000000000000000e+03 1.000000000000000000e+00 1.000000000000000000e+00 1.000000000000000000e+00 5.055140090961443011e-01 5.006029311347603983e-01
3.008000000000000000e+03 1.021324775760682702e+00 9.101546639831397112e-01 1.003285230982813303e+00 5.055140090961443011e-01 5.006029311347603983e-01
3.009000000000000000e+03 1.000000000000000000e+00 1.000000000000000000e+00 1.000000000000000000e+00 3.354340102150750180e-01 4.820054778231374626e-01
3.009000000000000000e+03 1.042649551521365403e+00 8.203093279662794224e-01 1.006570461965626606e+00 3.354340102150750180e-01 4.820054778231374626e-01
3.010000000000000000e+03 1.000000000000000000e+00 1.000000000000000000e+00 1.000000000000000000e+00 5.266903176979136347e-01 2.559080198706846776e-01
3.010000000000000000e+03 1.063974327282048327e+00 7.304639919494191336e-01 1.009855692948439909e+00 5.266903176979136347e-01 2.559080198706846776e-01
3.011000000000000000e+03 1.000000000000000000e+00 1.000000000000000000e+00 1.000000000000000000e+00 4.907012733441885599e-01 5.850399994405346416e-01
3.011000000000000000e+03 1.085299103042731028e+00 6.406186559325588448e-01 1.013140923931253212e+00 4.907012733441885599e-01 5.850399994405346416e-01
3.012000000000000000e+03 1.000000000000000000e+00 1.000000000000000000e+00 1.000000000000000000e+00 4.021013355318527882e-01 5.785994231379515407e-01
3.012000000000000000e+03 1.021324775760682702e+00 9.101546639831397112e-01 1.003285230982813303e+00 4.021013355318527882e-01 5.785994231379515407e-01
3.013000000000000000e+03 1.000000000000000000e+00 1.000000000000000000e+00 1.000000000000000000e+00 7.226631105358295448e-01 3.212315547173533736e-01
3.013000000000000000e+03 1.042649551521365403e+00 8.203093279662794224e-01 1.006570461965626606e+00 7.226631105358295448e-01 3.212315547173533736e-01
3.014000000000000000e+03 1.000000000000000000e+00 1.000000000000000000e+00 1.000000000000000000e+00 3.713160657897008887e-01 3.397191124980116772e-01
3.014000000000000000e+03 1.063974327282048327e+00 7.304639919494191336e-01 1.009855692948439909e+00 3.713160657897008887e-01 3.397191124980116772e-01
3.015000000000000000e+03 1.000000000000000000e+00 1.000000000000000000e+00 1.000000000000000000e+00 5.285149120656040811e-01 5.355164414343061008e-01
3.015000000000000000e+03 1.085299103042731028e+00 6.406186559325588448e-01 1.013140923931253212e+00 5.285149120656040811e-01 5.355164414343061008e-01
3.016000000000000000e+03 1.000000000000000000e+00 1.000000000000000000e+00 1.000000000000000000e+00 5.183526427769022948e-01 5.629251406463985363e-01
3.016000000000000000e+03 1.021324775760682702e+00 9.101546639831397112e-01 1.003285230982813303e+00 5.183526427769022948e-01 5.629251406463985363e-01
3.017000000000000000e+03 1.000000000000000000e+00 1.000000000000000000e+00 1.000000000000000000e+00 4.368485343302540569e-01 2.834745160355748306e-01
3.017000000000000000e+03 1.042649551521365403e+00 8.203093279662794224e-01 1.006570461965626606e+00 4.368485343302540569e-01 2.834745160355748306e-01
3.018000000000000000e+03 1.000000000000000000e+00 1.000000000000000000e+00 1.000000000000000000e+00 7.933256556234383750e-01 4.144491228838321772e-01
3.018000000000000000e+03 1.063974327282048327e+00 7.304639919494191336e-01 1.009855692948439909e+00 7.933256556234383750e-01 4.144491228838321772e-01
3.019000000000000000e+03 1.000000000000000000e+00 1.000000000000000000e+00 1.000000000000000000e+00 3.602746876945881471e-01 5.407520542233241745e-01
3.019000000000000000e+03 1.085299103042731028e+00 6.406186559325588448e-01 1.013140923931253212e+00 3.602746876945881471e-01 5.407520542233241745e-01
