2.400000000000000000e+03 1.000000000000000000e+00 1.000000000000000000e+00 1.000000000000000000e+00 5.140124158125284337e-01 5.041335264590210974e-01
2.400000000000000000e+03 1.005187804758201464e+00 1.010863475950590562e+00 9.139218048576274178e-01 5.140124158125284337e-01 5.041335264590210974e-01
2.401000000000000000e+03 1.000000000000000000e+00 1.000000000000000000e+00 1.000000000000000000e+00 3.325254045935768232e-01 4.505966222678501332e-01
2.401000000000000000e+03 1.010375609516402928e+00 1.021726951901180902e+00 8.278436097152548356e-01 3.325254045935768232e-01 4.505966222678501332e-01
2.402000000000000000e+03 1.000000000000000000e+00 1.000000000000000000e+00 1.000000000000000000e+00 5.720383033687143071e-01 2.557943147966293962e-01
2.402000000000000000e+03 1.015563414274604170e+00 1.032590427851771242e+00 7.417654145728822535e-01 5.720383033687143071e-01 2.557943147966293962e-01
2.403000000000000000e+03 1.000000000000000000e+00 1.000000000000000000e+00 1.000000000000000000e+00 4.732315479044145179e-01 5.907435056094758608e-01
2.403000000000000000e+03 1.020751219032805635e+00 1.043453903802361804e+00 6.556872194305096713e-01 4.732315479044145179e-01 5.907435056094758608e-01
2.404000000000000000e+03 1.000000000000000000e+00 1.000000000000000000e+00 1.000000000000000000e+00 3.817753061699827311e-01 5.643630764234378594e-01
2.404000000000000000e+03 1.005187804758201464e+00 1.010863475950590562e+00 9.139218048576274178e-01 3.817753061699827311e-01 5.643630764234378594e-01
2.405000000000000000e+03 1.000000000000000000e+00 1.000000000000000000e+00 1.000000000000000000e+00 7.587494604950638655e-01 3.591333945485871704e-01
2.405000000000000000e+03 1.010375609516402928e+00 1.021726951901180902e+00 8.278436097152548356e-01 7.587494604950638655e-01 3.591333945485871704e-01
2.406000000000000000e+03 1.000000000000000000e+00 1.000000000000000000e+00 1.000000000000000000e+00 3.973851590625746555e-01 3.115129228374594605e-01
2.406000000000000000e+03 1.015563414274604170e+00 1.032590427851771242e+00 7.417654145728822535e-01 3.973851590625746555e-01 3.115129228374594605e-01
2.407000000000000000e+03 1.000000000000000000e+00 1.000000000000000000e+00 1.000000000000000000e+00 5.261113119094503743e-01 5.479623104974939984e-01
2.407000000000000000e+03 1.020751219032805635e+00 1.043453903802361804e+00 6.556872194305096713e-01 5.261113119094503743e-01 5.479623104974939984e-01
2.408000000000000000e+03 1.000000000000000000e+00 1.000000000000000000e+00 1.000000000000000000e+00 5.078822681090865432e-01 5.741918370668034344e-01
2.408000000000000000e+03 1.005187804758201464e+00 1.010863475950590562e+00 9.139218048576274178e-01 5.078822681090865432e-01 5.741918370668034344e-01
2.409000000000000000e+03 1.000000000000000000e+00 1.000000000000000000e+00 1.000000000000000000e+00 4.752141872967678426e-01 2.667035741239679458e-01
2.409000000000000000e+03 1.010375609516402928e+00 1.021726951901180902e+00 8.278436097152548356e-01 4.752141872967678426e-01 2.667035741239679458e-01
2.410000000000000000e+03 1.000000000000000000e+00 1.000000000000000000e+00 1.000000000000000000e+00 8.128487202806464751e-01 4.667624149996950078e-01
2.410000000000000000e+03 1.015563414274604170e+00 1.032590427851771242e+00 7.417654145728822535e-01 8.128487202806464751e-01 4.667624149996950078e-01
2.411000000000000000e+03 1.000000000000000000e+00 1.000000000000000000e+00 1.000000000000000000e+00 3.462558685285822557e-01 5.163340404061593780e-01
2.411000000000000000e+03 1.020751219032805635e+00 1.043453903802361804e+00 6.556872194305096713e-01 3.462558685285822557e-01 5.163340404061593780e-01
2.412000000000000000e+03 1.000000000000000000e+00 1.000000000000000000e+00 1.000000000000000000e+00 4.279742234683681090e-01 5.891492924980678003e-01
2.412000000000000000e+03 1.005187804758201464e+00 1.010863475950590562e+00 9.139218048576274178e-01 4.279742234683681090e-01 5.891492924980678003e-01
2.413000000000000000e+03 1.000000000000000000e+00 1.000000000000000000e+00 1.000000000000000000e+00 6.725770991879251870e-01 2.863941628284197849e-01
2.413000000000000000e+03 1.010375609516402928e+00 1.021726951901180902e+00 8.278436097152548356e-01 6.725770991879251870e-01 2.863941628284197849e-01
2.414000000000000000e+03 1.000000000000000000e+00 1.000000000000000000e+00 1.000000000000000000e+00 3.486224351651759923e-01 3.776985621402214610e-01
2.414000000000000000e+03 1.015563414274604170e+00 1.032590427851771242e+00 7.417654145728822535e-01 3.486224351651759923e-01 3.776985621402214610e-01
2.415000000000000000e+03 1.000000000000000000e+00 1.000000000000000000e+00 1.000000000000000000e+00 5.269210201613115929e-01 5.217501152034853540e-01
2.415000000000000000e+03 1.020751219032805635e+00 1.043453903802361804e+00 6.556872194305096713e-01 5.269210201613115929e-01 5.217501152034853540e-01
2.416000000000000000e+03 1.000000000000000000e+00 1.000000000000000000e+00 1.000000000000000000e+00 5.217918687252267596e-01 5.114339754833175933e-01
2.416000000000000000e+03 1.005187804758201464e+00 1.010863475950590562e+00 9.139218048576274178e-01 5.217918687252267596e-01 5.114339754833175933e-01
2.417000000000000000e+03 1.000000000000000000e+00 1.000000000000000000e+00 1.000000000000000000e+00 3.365263942929812568e-01 4.142270347076844050e-01
2.417000000000000000e+03 1.010375609516402928e+00 1.021726951901180902e+00 8.278436097152548356e-01 3.365263942929812568e-01 4.142270347076844050e-01
2.418000000000000000e+03 1.000000000000000000e+00 1.000000000000000000e+00 1.000000000000000000e+00 6.229424601968146513e-01 2.656855258020852650e-01
2.418000000000000000e+03 1.015563414274604170e+00 1.032590427851771242e+00 7.417654145728822535e-01 6.229424601968146513e-01 2.656855258020852650e-01
2.419000000000000000e+03 1.000000000000000000e+00 1.000000000000000000e+00 1.000000000000000000e+00 4.513965296121834059e-01 5.926327372161227514e-01
2.419000000000000000e+03 1.020751219032805635e+00 1.043453903802361804e+00 6.556872194305096713e-01 4.513965296121834059e-01 5.926327372161227514e-01
