4.400000000000000000e+02 1.000000000000000000e+00 1.000000000000000000e+00 1.000000000000000000e+00 5.281915218900911091e-01 5.390032526659060963e-01
4.400000000000000000e+02 8.969237380601329246e-01 9.842487182051344874e-01 1.014525518006510030e+00 5.281915218900911091e-01 5.390032526659060963e-01
4.410000000000000000e+02 1.000000000000000000e+00 1.000000000000000000e+00 1.000000000000000000e+00 3.780808209168786127e-01 3.313235956136787452e-01
4.410000000000000000e+02 7.938474761202658492e-01 9.684974364102689748e-01 1.029051036013020060e+00 3.780808209168786127e-01 3.313235956136787452e-01
4.420000000000000000e+02 1.000000000000000000e+00 1.000000000000000000e+00 1.000000000000000000e+00 7.335129802465288895e-01 3.312169923203635014e-01
4.420000000000000000e+02 6.907712141803986627e-01 9.527461546154033512e-01 1.043576554019529867e+00 7.335129802465288895e-01 3.312169923203635014e-01
4.430000000000000000e+02 1.000000000000000000e+00 1.000000000000000000e+00 1.000000000000000000e+00 3.961601714738863245e-01 5.750553504866062760e-01
4.430000000000000000e+02 5.876949522405315873e-01 9.369948728205378385e-01 1.058102072026039897e+00 3.961601714738863245e-01 5.750553504866062760e-01
4.440000000000000000e+02 1.000000000000000000e+00 1.000000000000000000e+00 1.000000000000000000e+00 4.860006261187034826e-01 5.870059374751612769e-01
4.440000000000000000e+02 8.969237380601329246e-01 9.842487182051344874e-01 1.014525518006510030e+00 4.860006261187034826e-01 5.870059374751612769e-01
4.450000000000000000e+02 1.000000000000000000e+00 1.000000000000000000e+00 1.000000000000000000e+00 5.394166768147142799e-01 2.550258356195813647e-01
4.450000000000000000e+02 7.938474761202658492e-01 9.684974364102689748e-01 1.029051036013020060e+00 5.394166768147142799e-01 2.550258356195813647e-01
4.460000000000000000e+02 1.000000000000000000e+00 1.000000000000000000e+00 1.000000000000000000e+00 3.340099490722100439e-01 4.732919746519945736e-01
4.460000000000000000e+02 6.907712141803986627e-01 9.527461546154033512e-01 1.043576554019529867e+00 3.340099490722100439e-01 4.732919746519945736e-01
4.470000000000000000e+02 1.000000000000000000e+00 1.000000000000000000e+00 1.000000000000000000e+00 5.080218240225325976e-01 5.012907224145876084e-01
4.470000000000000000e+02 5.876949522405315873e-01 9.369948728205378385e-01 1.058102072026039897e+00 5.080218240225325976e-01 5.012907224145876084e-01
4.480000000000000000e+02 1.000000000000000000e+00 1.000000000000000000e+00 1.000000000000000000e+00 5.055907267062632604e-01 5.006199999160281244e-01
4.480000000000000000e+02 8.969237380601329246e-01 9.842487182051344874e-01 1.014525518006510030e+00 5.055907267062632604e-01 5.006199999160281244e-01
4.490000000000000000e+02 1.000000000000000000e+00 1.000000000000000000e+00 1.000000000000000000e+00 3.353841580933597522e-01 4.817444469169506194e-01
4.490000000000000000e+02 7.938474761202658492e-01 9.684974364102689748e-01 1.029051036013020060e+00 3.353841580933597522e-01 4.817444469169506194e-01
4.500000000000000000e+02 1.000000000000000000e+00 1.000000000000000000e+00 1.000000000000000000e+00 5.270733296665599532e-01 2.558716004931712584e-01
4.500000000000000000e+02 6.907712141803986627e-01 9.527461546154033512e-01 1.043576554019529867e+00 5.270733296665599532e-01 2.558716004931712584e-01
4.510000000000000000e+02 1.000000000000000000e+00 1.000000000000000000e+00 1.000000000000000000e+00 4.905622235004612475e-01 5.851032843064517541e-01
4.510000000000000000e+02 5.876949522405315873e-01 9.369948728205378385e-01 1.058102072026039897e+00 4.905622235004612475e-01 5.851032843064517541e-01
4.520000000000000000e+02 1.000000000000000000e+00 1.000000000000000000e+00 1.000000000000000000e+00 4.019198856606306380e-01 5.784979731978873163e-01
4.520000000000000000e+02 8.969237380601329246e-01 9.842487182051344874e-01 1.014525518006510030e+00 4.019198856606306380e-01 5.784979731978873163e-01
4.530000000000000000e+02 1.000000000000000000e+00 1.000000000000000000e+00 1.000000000000000000e+00 7.229980709109045112e-01 3.215245086993308576e-01
4.530000000000000000e+02 7.938474761202658492e-01 9.684974364102689748e-01 1.029051036013020060e+00 7.229980709109045112e-01 3.215245086993308576e-01
4.540000000000000000e+02 1.000000000000000000e+00 1.000000000000000000e+00 1.000000000000000000e+00 3.715132677507217984e-01 3.394609073748631189e-01
4.540000000000000000e+02 6.907712141803986627e-01 9.527461546154033512e-01 1.043576554019529867e+00 3.715132677507217984e-01 3.394609073748631189e-01
4.550000000000000000e+02 1.000000000000000000e+00 1.000000000000000000e+00 1.000000000000000000e+00 5.285092141464964310e-01 5.356211360536018429e-01
4.550000000000000000e+02 5.876949522405315873e-01 9.369948728205378385e-01 1.058102072026039897e+00 5.285092141464964310e-01 5.356211360536018429e-01
4.560000000000000000e+02 1.000000000000000000e+00 1.000000000000000000e+00 1.000000000000000000e+00 5.182778546158941513e-01 5.630282528366464811e-01
4.560000000000000000e+02 8.969237380601329246e-01 9.842487182051344874e-01 1.014525518006510030e+00 5.182778546158941513e-01 5.630282528366464811e-01
4.570000000000000000e+02 1.000000000000000000e+00 1.000000000000000000e+00 1.000000000000000000e+00 4.371589950824972814e-01 2.833028640568630019e-01
4.570000000000000000e+02 7.938474761202658492e-01 9.684974364102689748e-01 1.029051036013020060e+00 4.371589950824972814e-01 2.833028640568630019e-01
4.580000000000000000e+02 1.000000000000000000e+00 1.000000000000000000e+00 1.000000000000000000e+00 7.935315774963822566e-01 4.148774199316929701e-01
4.580000000000000000e+02 6.907712141803986627e-01 9.527461546154033512e-01 1.043576554019529867e+00 7.935315774963822566e-01 4.148774199316929701e-01
4.590000000000000000e+02 1.000000000000000000e+00 1.000000000000000000e+00 1.000000000000000000e+00 3.601373056101082604e-01 5.405594297666983516e-01
4.590000000000000000e+02 5.876949522405315873e-01 9.369948728205378385e-01 1.058102072026039897e+00 3.601373056101082604e-01 5.405594297666983516e-01
