4.420000000000000000e+03 1.000000000000000000e+00 1.000000000000000000e+00 1.000000000000000000e+00 3.930538460068797035e-01 5.730119631951843262e-01
4.420000000000000000e+03 9.082295669677469263e-01 9.990788278061730754e-01 1.002471219236291677e+00 3.930538460068797035e-01 5.730119631951843262e-01
4.421000000000000000e+03 1.000000000000000000e+00 1.000000000000000000e+00 1.000000000000000000e+00 7.390883702090540464e-01 3.367747634269950829e-01
4.421000000000000000e+03 8.164591339354938526e-01 9.981576556123461508e-01 1.004942438472583577e+00 7.390883702090540464e-01 3.367747634269950829e-01
4.422000000000000000e+03 1.000000000000000000e+00 1.000000000000000000e+00 1.000000000000000000e+00 3.818814001159053229e-01 3.269827378989127453e-01
4.422000000000000000e+03 7.246887009032406679e-01 9.972364834185191151e-01 1.007413657708875476e+00 3.818814001159053229e-01 3.269827378989127453e-01
4.423000000000000000e+03 1.000000000000000000e+00 1.000000000000000000e+00 1.000000000000000000e+00 5.279053265062740863e-01 5.408750458851533383e-01
4.423000000000000000e+03 6.329182678709875942e-01 9.963153112246921905e-01 1.009884876945167154e+00 5.279053265062740863e-01 5.408750458851533383e-01
4.424000000000000000e+03 1.000000000000000000e+00 1.000000000000000000e+00 1.000000000000000000e+00 5.142361521463765239e-01 5.680183511679044450e-01
4.424000000000000000e+03 9.082295669677469263e-01 9.990788278061730754e-01 1.002471219236291677e+00 5.142361521463765239e-01 5.680183511679044450e-01
4.425000000000000000e+03 1.000000000000000000e+00 1.000000000000000000e+00 1.000000000000000000e+00 4.529862878808531002e-01 2.753750347883985872e-01
4.425000000000000000e+03 8.164591339354938526e-01 9.981576556123461508e-01 1.004942438472583577e+00 4.529862878808531002e-01 2.753750347883985872e-01
4.426000000000000000e+03 1.000000000000000000e+00 1.000000000000000000e+00 1.000000000000000000e+00 8.029282722334498690e-01 4.365975078944679399e-01
4.426000000000000000e+03 7.246887009032406679e-01 9.972364834185191151e-01 1.007413657708875476e+00 8.029282722334498690e-01 4.365975078944679399e-01
4.427000000000000000e+03 1.000000000000000000e+00 1.000000000000000000e+00 1.000000000000000000e+00 3.536783418102470433e-01 5.306249321327617396e-01
4.427000000000000000e+03 6.329182678709875942e-01 9.963153112246921905e-01 1.009884876945167154e+00 3.536783418102470433e-01 5.306249321327617396e-01
4.428000000000000000e+03 1.000000000000000000e+00 1.000000000000000000e+00 1.000000000000000000e+00 4.400801514043861107e-01 5.916414255007738099e-01
4.428000000000000000e+03 9.082295669677469263e-01 9.990788278061730754e-01 1.002471219236291677e+00 4.400801514043861107e-01 5.916414255007738099e-01
4.429000000000000000e+03 1.000000000000000000e+00 1.000000000000000000e+00 1.000000000000000000e+00 6.474802124370816481e-01 2.744437408027691205e-01
4.429000000000000000e+03 8.164591339354938526e-01 9.981576556123461508e-01 1.004942438472583577e+00 6.474802124370816481e-01 2.744437408027691205e-01
4.430000000000000000e+03 1.000000000000000000e+00 1.000000000000000000e+00 1.000000000000000000e+00 3.414011576509976553e-01 3.962999694836522036e-01
4.430000000000000000e+03 7.246887009032406679e-01 9.972364834185191151e-01 1.007413657708875476e+00 3.414011576509976553e-01 3.962999694836522036e-01
4.431000000000000000e+03 1.000000000000000000e+00 1.000000000000000000e+00 1.000000000000000000e+00 5.246840086525451641e-01 5.161396666748799822e-01
4.431000000000000000e+03 6.329182678709875942e-01 9.963153112246921905e-01 1.009884876945167154e+00 5.246840086525451641e-01 5.161396666748799822e-01
4.432000000000000000e+03 1.000000000000000000e+00 1.000000000000000000e+00 1.000000000000000000e+00 5.282022394626426642e-01 5.276453714539507400e-01
4.432000000000000000e+03 9.082295669677469263e-01 9.990788278061730754e-01 1.002471219236291677e+00 5.282022394626426642e-01 5.276453714539507400e-01
4.433000000000000000e+03 1.000000000000000000e+00 1.000000000000000000e+00 1.000000000000000000e+00 3.575382423979069357e-01 3.603512245150082283e-01
4.433000000000000000e+03 8.164591339354938526e-01 9.981576556123461508e-01 1.004942438472583577e+00 3.575382423979069357e-01 3.603512245150082283e-01
4.434000000000000000e+03 1.000000000000000000e+00 1.000000000000000000e+00 1.000000000000000000e+00 6.956504775005123431e-01 3.004084833281818190e-01
4.434000000000000000e+03 7.246887009032406679e-01 9.972364834185191151e-01 1.007413657708875476e+00 6.956504775005123431e-01 3.004084833281818190e-01
4.435000000000000000e+03 1.000000000000000000e+00 1.000000000000000000e+00 1.000000000000000000e+00 4.163529265305286886e-01 5.853319985323678365e-01
4.435000000000000000e+03 6.329182678709875942e-01 9.963153112246921905e-01 1.009884876945167154e+00 4.163529265305286886e-01 5.853319985323678365e-01
4.436000000000000000e+03 1.000000000000000000e+00 1.000000000000000000e+00 1.000000000000000000e+00 3.405157406594300218e-01 5.015902503340620155e-01
4.436000000000000000e+03 9.082295669677469263e-01 9.990788278061730754e-01 1.002471219236291677e+00 3.405157406594300218e-01 5.015902503340620155e-01
4.437000000000000000e+03 1.000000000000000000e+00 1.000000000000000000e+00 1.000000000000000000e+00 8.194763059384084780e-01 4.968144360807510984e-01
4.437000000000000000e+03 8.164591339354938526e-01 9.981576556123461508e-01 1.004942438472583577e+00 8.194763059384084780e-01 4.968144360807510984e-01
4.438000000000000000e+03 1.000000000000000000e+00 1.000000000000000000e+00 1.000000000000000000e+00 4.976120928733445692e-01 2.605197173605108274e-01
4.438000000000000000e+03 7.246887009032406679e-01 9.972364834185191151e-01 1.007413657708875476e+00 4.976120928733445692e-01 2.605197173605108274e-01
4.439000000000000000e+03 1.000000000000000000e+00 1.000000000000000000e+00 1.000000000000000000e+00 5.007925935414685448e-01 5.794882360416506728e-01
4.439000000000000000e+03 6.329182678709875942e-01 9.963153112246921905e-01 1.009884876945167154e+00 5.007925935414685448e-01 5.794882360416506728e-01
