6.800000000000000000e+02 1.000000000000000000e+00 1.000000000000000000e+00 1.000000000000000000e+00 5.004889533079794894e-01 5.796859999053323165e-01
6.800000000000000000e+02 1.003177153601003901e+00 1.004646067227742412e+00 9.111297446383977983e-01 5.004889533079794894e-01 5.796859999053323165e-01
6.810000000000000000e+02 1.000000000000000000e+00 1.000000000000000000e+00 1.000000000000000000e+00 4.985293051481557991e-01 2.603170120494515682e-01
6.810000000000000000e+02 1.006354307202007803e+00 1.009292134455484824e+00 8.222594892767955965e-01 4.985293051481557991e-01 2.603170120494515682e-01
6.820000000000000000e+02 1.000000000000000000e+00 1.000000000000000000e+00 1.000000000000000000e+00 8.196814819731566004e-01 4.980384343762234156e-01
6.820000000000000000e+02 1.009531460803011926e+00 1.013938201683227014e+00 7.333892339151933948e-01 8.196814819731566004e-01 4.980384343762234156e-01
6.830000000000000000e+02 1.000000000000000000e+00 1.000000000000000000e+00 1.000000000000000000e+00 3.403155060720596259e-01 5.009798240799119284e-01
6.830000000000000000e+02 1.012708614404015828e+00 1.018584268910969426e+00 6.445189785535911930e-01 3.403155060720596259e-01 5.009798240799119284e-01
6.840000000000000000e+02 1.000000000000000000e+00 1.000000000000000000e+00 1.000000000000000000e+00 4.158890415227758375e-01 5.851495409282556626e-01
6.840000000000000000e+02 1.003177153601003901e+00 1.004646067227742412e+00 9.111297446383977983e-01 4.158890415227758375e-01 5.851495409282556626e-01
6.850000000000000000e+02 1.000000000000000000e+00 1.000000000000000000e+00 1.000000000000000000e+00 6.965517175903802594e-01 3.010213077525097924e-01
6.850000000000000000e+02 1.006354307202007803e+00 1.009292134455484824e+00 8.222594892767955965e-01 6.965517175903802594e-01 3.010213077525097924e-01
6.860000000000000000e+02 1.000000000000000000e+00 1.000000000000000000e+00 1.000000000000000000e+00 3.579358834121270094e-01 3.596686619661978446e-01
6.860000000000000000e+02 1.009531460803011926e+00 1.013938201683227014e+00 7.333892339151933948e-01 3.579358834121270094e-01 3.596686619661978446e-01
6.870000000000000000e+02 1.000000000000000000e+00 1.000000000000000000e+00 1.000000000000000000e+00 5.282349652686382235e-01 5.278905789206461696e-01
6.870000000000000000e+02 1.012708614404015828e+00 1.018584268910969426e+00 6.445189785535911930e-01 5.282349652686382235e-01 5.278905789206461696e-01
6.880000000000000000e+02 1.000000000000000000e+00 1.000000000000000000e+00 1.000000000000000000e+00 5.247849916011582128e-01 5.163417210715554040e-01
6.880000000000000000e+02 1.003177153601003901e+00 1.004646067227742412e+00 9.111297446383977983e-01 5.247849916011582128e-01 5.163417210715554040e-01
6.890000000000000000e+02 1.000000000000000000e+00 1.000000000000000000e+00 1.000000000000000000e+00 3.416369484010209900e-01 3.955850032585878084e-01
6.890000000000000000e+02 1.006354307202007803e+00 1.009292134455484824e+00 8.222594892767955965e-01 3.416369484010209900e-01 3.955850032585878084e-01
6.900000000000000000e+02 1.000000000000000000e+00 1.000000000000000000e+00 1.000000000000000000e+00 6.484516345763405853e-01 2.748479184021105914e-01
6.900000000000000000e+02 1.009531460803011926e+00 1.013938201683227014e+00 7.333892339151933948e-01 6.484516345763405853e-01 2.748479184021105914e-01
6.910000000000000000e+02 1.000000000000000000e+00 1.000000000000000000e+00 1.000000000000000000e+00 4.396216410935161467e-01 5.915740216000685558e-01
6.910000000000000000e+02 1.012708614404015828e+00 1.018584268910969426e+00 6.445189785535911930e-01 4.396216410935161467e-01 5.915740216000685558e-01
6.920000000000000000e+02 1.000000000000000000e+00 1.000000000000000000e+00 1.000000000000000000e+00 3.533706506989606200e-01 5.301028500279256761e-01
6.920000000000000000e+02 1.003177153601003901e+00 1.004646067227742412e+00 9.111297446383977983e-01 3.533706506989606200e-01 5.301028500279256761e-01
6.930000000000000000e+02 1.000000000000000000e+00 1.000000000000000000e+00 1.000000000000000000e+00 8.033605118107098875e-01 4.377204083973396109e-01
6.930000000000000000e+02 1.006354307202007803e+00 1.009292134455484824e+00 8.222594892767955965e-01 8.033605118107098875e-01 4.377204083973396109e-01
6.940000000000000000e+02 1.000000000000000000e+00 1.000000000000000000e+00 1.000000000000000000e+00 4.538087791847069674e-01 2.750050694441253940e-01
6.940000000000000000e+02 1.009531460803011926e+00 1.013938201683227014e+00 7.333892339151933948e-01 4.538087791847069674e-01 2.750050694441253940e-01
6.950000000000000000e+02 1.000000000000000000e+00 1.000000000000000000e+00 1.000000000000000000e+00 5.140144792405583196e-01 5.682637680462041541e-01
6.950000000000000000e+02 1.012708614404015828e+00 1.018584268910969426e+00 6.445189785535911930e-01 5.140144792405583196e-01 5.682637680462041541e-01
6.960000000000000000e+02 1.000000000000000000e+00 1.000000000000000000e+00 1.000000000000000000e+00 5.278578720673051672e-01 5.411434881862446922e-01
6.960000000000000000e+02 1.003177153601003901e+00 1.004646067227742412e+00 9.111297446383977983e-01 5.278578720673051672e-01 5.411434881862446922e-01
6.970000000000000000e+02 1.000000000000000000e+00 1.000000000000000000e+00 1.000000000000000000e+00 3.824362757411209901e-01 3.263693045725143960e-01
6.970000000000000000e+02 1.006354307202007803e+00 1.009292134455484824e+00 8.222594892767955965e-01 3.824362757411209901e-01 3.263693045725143960e-01
6.980000000000000000e+02 1.000000000000000000e+00 1.000000000000000000e+00 1.000000000000000000e+00 7.398742990481059767e-01 3.375833496453340965e-01
6.980000000000000000e+02 1.009531460803011926e+00 1.013938201683227014e+00 7.333892339151933948e-01 7.398742990481059767e-01 3.375833496453340965e-01
6.990000000000000000e+02 1.000000000000000000e+00 1.000000000000000000e+00 1.000000000000000000e+00 3.926129081931347686e-01 5.727107981630920053e-01
6.990000000000000000e+02 1.012708614404015828e+00 1.018584268910969426e+00 6.445189785535911930e-01 3.926129081931347686e-01 5.727107981630920053e-01
