2.640000000000000000e+03 1.000000000000000000e+00 1.000000000000000000e+00 1.000000000000000000e+00 5.280488645566144834e-01 5.266228306740722287e-01
2.640000000000000000e+03 1.017756928765585656e+00 9.068486805645805671e-01 1.003557888911992713e+00 5.280488645566144834e-01 5.266228306740722287e-01
2.641000000000000000e+03 1.000000000000000000e+00 1.000000000000000000e+00 1.000000000000000000e+00 3.559024998636958204e-01 3.632285688804732793e-01
2.641000000000000000e+03 1.035513857531171533e+00 8.136973611291611341e-01 1.007115777823985647e+00 3.559024998636958204e-01 3.632285688804732793e-01
2.642000000000000000e+03 1.000000000000000000e+00 1.000000000000000000e+00 1.000000000000000000e+00 6.918457313422539112e-01 2.978781820738508612e-01
2.642000000000000000e+03 1.053270786296757411e+00 7.205460416937417012e-01 1.010673666735978582e+00 6.918457313422539112e-01 2.978781820738508612e-01
2.643000000000000000e+03 1.000000000000000000e+00 1.000000000000000000e+00 1.000000000000000000e+00 4.183028691032005253e-01 5.860731823464593315e-01
2.643000000000000000e+03 1.071027715062343066e+00 6.273947222583222683e-01 1.014231555647971295e+00 4.183028691032005253e-01 5.860731823464593315e-01
2.644000000000000000e+03 1.000000000000000000e+00 1.000000000000000000e+00 1.000000000000000000e+00 3.413820739541421068e-01 5.041373243680399296e-01
2.644000000000000000e+03 1.017756928765585656e+00 9.068486805645805671e-01 1.003557888911992713e+00 3.413820739541421068e-01 5.041373243680399296e-01
2.645000000000000000e+03 1.000000000000000000e+00 1.000000000000000000e+00 1.000000000000000000e+00 8.185635255248913111e-01 4.916907207793034251e-01
2.645000000000000000e+03 1.035513857531171533e+00 8.136973611291611341e-01 1.007115777823985647e+00 8.185635255248913111e-01 4.916907207793034251e-01
2.646000000000000000e+03 1.000000000000000000e+00 1.000000000000000000e+00 1.000000000000000000e+00 4.937766982056318033e-01 2.614092742146253423e-01
2.646000000000000000e+03 1.053270786296757411e+00 7.205460416937417012e-01 1.010673666735978582e+00 4.937766982056318033e-01 2.614092742146253423e-01
2.647000000000000000e+03 1.000000000000000000e+00 1.000000000000000000e+00 1.000000000000000000e+00 5.020513469417114960e-01 5.786451263063411288e-01
2.647000000000000000e+03 1.071027715062343066e+00 6.273947222583222683e-01 1.014231555647971295e+00 5.020513469417114960e-01 5.786451263063411288e-01
2.648000000000000000e+03 1.000000000000000000e+00 1.000000000000000000e+00 1.000000000000000000e+00 5.238585199898161404e-01 5.536018650786627138e-01
2.648000000000000000e+03 1.017756928765585656e+00 9.068486805645805671e-01 1.003557888911992713e+00 5.238585199898161404e-01 5.536018650786627138e-01
2.649000000000000000e+03 1.000000000000000000e+00 1.000000000000000000e+00 1.000000000000000000e+00 4.110785653109247928e-01 3.002242072500970749e-01
2.649000000000000000e+03 1.035513857531171533e+00 8.136973611291611341e-01 1.007115777823985647e+00 4.110785653109247928e-01 3.002242072500970749e-01
2.650000000000000000e+03 1.000000000000000000e+00 1.000000000000000000e+00 1.000000000000000000e+00 7.728627565855230586e-01 3.785471079612953149e-01
2.650000000000000000e+03 1.053270786296757411e+00 7.205460416937417012e-01 1.010673666735978582e+00 7.728627565855230586e-01 3.785471079612953149e-01
2.651000000000000000e+03 1.000000000000000000e+00 1.000000000000000000e+00 1.000000000000000000e+00 3.733111710857172083e-01 5.563899773394457293e-01
2.651000000000000000e+03 1.071027715062343066e+00 6.273947222583222683e-01 1.014231555647971295e+00 3.733111710857172083e-01 5.563899773394457293e-01
2.652000000000000000e+03 1.000000000000000000e+00 1.000000000000000000e+00 1.000000000000000000e+00 4.646297421671555239e-01 5.921145144743961142e-01
2.652000000000000000e+03 1.017756928765585656e+00 9.068486805645805671e-01 1.003557888911992713e+00 4.646297421671555239e-01 5.921145144743961142e-01
2.653000000000000000e+03 1.000000000000000000e+00 1.000000000000000000e+00 1.000000000000000000e+00 5.927244051342424047e-01 2.585184818489901226e-01
2.653000000000000000e+03 1.035513857531171533e+00 8.136973611291611341e-01 1.007115777823985647e+00 5.927244051342424047e-01 2.585184818489901226e-01
2.654000000000000000e+03 1.000000000000000000e+00 1.000000000000000000e+00 1.000000000000000000e+00 3.332019836872969765e-01 4.359526685164566429e-01
2.654000000000000000e+03 1.053270786296757411e+00 7.205460416937417012e-01 1.010673666735978582e+00 3.332019836872969765e-01 4.359526685164566429e-01
2.655000000000000000e+03 1.000000000000000000e+00 1.000000000000000000e+00 1.000000000000000000e+00 5.174310126360892603e-01 5.066931841821455951e-01
2.655000000000000000e+03 1.071027715062343066e+00 6.273947222583222683e-01 1.014231555647971295e+00 5.174310126360892603e-01 5.066931841821455951e-01
2.656000000000000000e+03 1.000000000000000000e+00 1.000000000000000000e+00 1.000000000000000000e+00 5.131822039993402251e-01 5.036262465078097383e-01
2.656000000000000000e+03 1.017756928765585656e+00 9.068486805645805671e-01 1.003557888911992713e+00 5.131822039993402251e-01 5.036262465078097383e-01
2.657000000000000000e+03 1.000000000000000000e+00 1.000000000000000000e+00 1.000000000000000000e+00 3.325483457683803823e-01 4.539363086465084129e-01
2.657000000000000000e+03 1.035513857531171533e+00 8.136973611291611341e-01 1.007115777823985647e+00 3.325483457683803823e-01 4.539363086465084129e-01
2.658000000000000000e+03 1.000000000000000000e+00 1.000000000000000000e+00 1.000000000000000000e+00 5.672824137763324837e-01 2.554136206522407138e-01
2.658000000000000000e+03 1.053270786296757411e+00 7.205460416937417012e-01 1.010673666735978582e+00 5.672824137763324837e-01 2.554136206522407138e-01
2.659000000000000000e+03 1.000000000000000000e+00 1.000000000000000000e+00 1.000000000000000000e+00 4.751550310693493095e-01 5.903169291154799492e-01
2.659000000000000000e+03 1.071027715062343066e+00 6.273947222583222683e-01 1.014231555647971295e+00 4.751550310693493095e-01 5.903169291154799492e-01
