4.600000000000000000e+02 1.000000000000000000e+00 1.000000000000000000e+00 1.000000000000000000e+00 4.490693390741426483e-01 5.925349036993898810e-01
4.600000000000000000e+02 9.866915780514167178e-01 9.071031278420238486e-01 9.915648265760877988e-01 4.490693390741426483e-01 5.925349036993898810e-01
4.610000000000000000e+02 1.000000000000000000e+00 1.000000000000000000e+00 1.000000000000000000e+00 6.280800644585168291e-01 2.672938812293450539e-01
4.610000000000000000e+02 9.733831561028333246e-01 8.142062556840475862e-01 9.831296531521755977e-01 6.280800644585168291e-01 2.672938812293450539e-01
4.620000000000000000e+02 1.000000000000000000e+00 1.000000000000000000e+00 1.000000000000000000e+00 3.373794887649776419e-01 4.104946373078128818e-01
4.620000000000000000e+02 9.600747341542499314e-01 7.213093835260713238e-01 9.746944797282635076e-01 3.373794887649776419e-01 4.104946373078128818e-01
4.630000000000000000e+02 1.000000000000000000e+00 1.000000000000000000e+00 1.000000000000000000e+00 5.224492961637573485e-01 5.123559591595274743e-01
4.630000000000000000e+02 9.467663122056666491e-01 6.284125113680951724e-01 9.662593063043513064e-01 5.224492961637573485e-01 5.123559591595274743e-01
4.640000000000000000e+02 1.000000000000000000e+00 1.000000000000000000e+00 1.000000000000000000e+00 5.272590838378000688e-01 5.229364987154487832e-01
4.640000000000000000e+02 9.866915780514167178e-01 9.071031278420238486e-01 9.915648265760877988e-01 5.272590838378000688e-01 5.229364987154487832e-01
4.650000000000000000e+02 1.000000000000000000e+00 1.000000000000000000e+00 1.000000000000000000e+00 3.503141536626064312e-01 3.740504544221845973e-01
4.650000000000000000e+02 9.733831561028333246e-01 8.142062556840475862e-01 9.831296531521755977e-01 3.503141536626064312e-01 3.740504544221845973e-01
4.660000000000000000e+02 1.000000000000000000e+00 1.000000000000000000e+00 1.000000000000000000e+00 6.774560690089986847e-01 2.891007724128096812e-01
4.660000000000000000e+02 9.600747341542499314e-01 7.213093835260713238e-01 9.746944797282635076e-01 6.774560690089986847e-01 2.891007724128096812e-01
4.670000000000000000e+02 1.000000000000000000e+00 1.000000000000000000e+00 1.000000000000000000e+00 4.255569778533678793e-01 5.884724650875968743e-01
4.670000000000000000e+02 9.467663122056666491e-01 6.284125113680951724e-01 9.662593063043513064e-01 4.255569778533678793e-01 5.884724650875968743e-01
4.680000000000000000e+02 1.000000000000000000e+00 1.000000000000000000e+00 1.000000000000000000e+00 3.449488497290551514e-01 5.133522067336034889e-01
4.680000000000000000e+02 9.866915780514167178e-01 9.071031278420238486e-01 9.915648265760877988e-01 3.449488497290551514e-01 5.133522067336034889e-01
4.690000000000000000e+02 1.000000000000000000e+00 1.000000000000000000e+00 1.000000000000000000e+00 8.144611682201892133e-01 4.729202232912860238e-01
4.690000000000000000e+02 9.733831561028333246e-01 8.142062556840475862e-01 9.831296531521755977e-01 8.144611682201892133e-01 4.729202232912860238e-01
4.700000000000000000e+02 1.000000000000000000e+00 1.000000000000000000e+00 1.000000000000000000e+00 4.797840082788412674e-01 2.652438407544329690e-01
4.700000000000000000e+02 9.600747341542499314e-01 7.213093835260713238e-01 9.746944797282635076e-01 4.797840082788412674e-01 2.652438407544329690e-01
4.710000000000000000e+02 1.000000000000000000e+00 1.000000000000000000e+00 1.000000000000000000e+00 5.064884217460482452e-01 5.753461412963225552e-01
4.710000000000000000e+02 9.467663122056666491e-01 6.284125113680951724e-01 9.662593063043513064e-01 5.064884217460482452e-01 5.753461412963225552e-01
4.720000000000000000e+02 1.000000000000000000e+00 1.000000000000000000e+00 1.000000000000000000e+00 5.256174657970521524e-01 5.493749538849087566e-01
4.720000000000000000e+02 9.866915780514167178e-01 9.071031278420238486e-01 9.915648265760877988e-01 5.256174657970521524e-01 5.493749538849087566e-01
4.730000000000000000e+02 1.000000000000000000e+00 1.000000000000000000e+00 1.000000000000000000e+00 4.006963404496295400e-01 3.086027068506346227e-01
4.730000000000000000e+02 9.733831561028333246e-01 8.142062556840475862e-01 9.831296531521755977e-01 4.006963404496295400e-01 3.086027068506346227e-01
4.740000000000000000e+02 1.000000000000000000e+00 1.000000000000000000e+00 1.000000000000000000e+00 7.624084627815936877e-01 3.638532435729703307e-01
4.740000000000000000e+02 9.600747341542499314e-01 7.213093835260713238e-01 9.746944797282635076e-01 7.624084627815936877e-01 3.638532435729703307e-01
4.750000000000000000e+02 1.000000000000000000e+00 1.000000000000000000e+00 1.000000000000000000e+00 3.796138764828629331e-01 5.624605626737113617e-01
4.750000000000000000e+02 9.467663122056666491e-01 6.284125113680951724e-01 9.662593063043513064e-01 3.796138764828629331e-01 5.624605626737113617e-01
4.760000000000000000e+02 1.000000000000000000e+00 1.000000000000000000e+00 1.000000000000000000e+00 4.711206810963488034e-01 5.911598901088698232e-01
4.760000000000000000e+02 9.866915780514167178e-01 9.071031278420238486e-01 9.915648265760877988e-01 4.711206810963488034e-01 5.911598901088698232e-01
4.770000000000000000e+02 1.000000000000000000e+00 1.000000000000000000e+00 1.000000000000000000e+00 5.772002707947276878e-01 2.563111434344592099e-01
4.770000000000000000e+02 9.733831561028333246e-01 8.142062556840475862e-01 9.831296531521755977e-01 5.772002707947276878e-01 2.563111434344592099e-01
4.780000000000000000e+02 1.000000000000000000e+00 1.000000000000000000e+00 1.000000000000000000e+00 3.325756266627947211e-01 4.469602051508105856e-01
4.780000000000000000e+02 9.600747341542499314e-01 7.213093835260713238e-01 9.746944797282635076e-01 3.325756266627947211e-01 4.469602051508105856e-01
4.790000000000000000e+02 1.000000000000000000e+00 1.000000000000000000e+00 1.000000000000000000e+00 5.148954068805342565e-01 5.047188429581129787e-01
4.790000000000000000e+02 9.467663122056666491e-01 6.284125113680951724e-01 9.662593063043513064e-01 5.148954068805342565e-01 5.047188429581129787e-01
