2.120000000000000000e+03 1.000000000000000000e+00 1.000000000000000000e+00 1.000000000000000000e+00 5.161555692757830993e-01 5.657795039356181555e-01
2.120000000000000000e+03 9.238951427930850446e-01 1.006405798378764871e+00 9.929131782004128048e-01 5.161555692757830993e-01 5.657795039356181555e-01
2.121000000000000000e+03 1.000000000000000000e+00 1.000000000000000000e+00 1.000000000000000000e+00 4.456822555491259941e-01 2.788382307124258608e-01
2.121000000000000000e+03 8.477902855861700893e-01 1.012811596757529742e+00 9.858263564008256097e-01 4.456822555491259941e-01 2.788382307124258608e-01
2.122000000000000000e+03 1.000000000000000000e+00 1.000000000000000000e+00 1.000000000000000000e+00 7.988529019635521866e-01 4.266011679615804852e-01
2.122000000000000000e+03 7.716854283792552449e-01 1.019217395136294835e+00 9.787395346012383035e-01 7.988529019635521866e-01 4.266011679615804852e-01
2.123000000000000000e+03 1.000000000000000000e+00 1.000000000000000000e+00 1.000000000000000000e+00 3.565293633884039082e-01 5.352366568633286636e-01
2.123000000000000000e+03 6.955805711723402895e-01 1.025623193515059706e+00 9.716527128016511083e-01 3.565293633884039082e-01 5.352366568633286636e-01
2.124000000000000000e+03 1.000000000000000000e+00 1.000000000000000000e+00 1.000000000000000000e+00 4.441887991290325854e-01 5.921509924742058839e-01
2.124000000000000000e+03 9.238951427930850446e-01 1.006405798378764871e+00 9.929131782004128048e-01 4.441887991290325854e-01 5.921509924742058839e-01
2.125000000000000000e+03 1.000000000000000000e+00 1.000000000000000000e+00 1.000000000000000000e+00 6.386983215263273284e-01 2.709924211681628003e-01
2.125000000000000000e+03 8.477902855861700893e-01 1.012811596757529742e+00 9.858263564008256097e-01 6.386983215263273284e-01 2.709924211681628003e-01
2.126000000000000000e+03 1.000000000000000000e+00 1.000000000000000000e+00 1.000000000000000000e+00 3.394207143469784027e-01 4.027452388013526563e-01
2.126000000000000000e+03 7.716854283792552449e-01 1.019217395136294835e+00 9.787395346012383035e-01 3.394207143469784027e-01 4.027452388013526563e-01
2.127000000000000000e+03 1.000000000000000000e+00 1.000000000000000000e+00 1.000000000000000000e+00 5.237226992953901705e-01 5.143676405432874299e-01
2.127000000000000000e+03 6.955805711723402895e-01 1.025623193515059706e+00 9.716527128016511083e-01 5.237226992953901705e-01 5.143676405432874299e-01
2.128000000000000000e+03 1.000000000000000000e+00 1.000000000000000000e+00 1.000000000000000000e+00 5.278424148080335110e-01 5.254692558646305578e-01
2.128000000000000000e+03 9.238951427930850446e-01 1.006405798378764871e+00 9.929131782004128048e-01 5.278424148080335110e-01 5.254692558646305578e-01
2.129000000000000000e+03 1.000000000000000000e+00 1.000000000000000000e+00 1.000000000000000000e+00 3.541011348258119029e-01 3.665368807590474454e-01
2.129000000000000000e+03 8.477902855861700893e-01 1.012811596757529742e+00 9.858263564008256097e-01 3.541011348258119029e-01 3.665368807590474454e-01
2.130000000000000000e+03 1.000000000000000000e+00 1.000000000000000000e+00 1.000000000000000000e+00 6.874600509291134420e-01 2.950729096427345266e-01
2.130000000000000000e+03 7.716854283792552449e-01 1.019217395136294835e+00 9.787395346012383035e-01 6.874600509291134420e-01 2.950729096427345266e-01
2.131000000000000000e+03 1.000000000000000000e+00 1.000000000000000000e+00 1.000000000000000000e+00 4.205338124472084438e-01 5.868706399911107763e-01
2.131000000000000000e+03 6.955805711723402895e-01 1.025623193515059706e+00 9.716527128016511083e-01 4.205338124472084438e-01 5.868706399911107763e-01
2.132000000000000000e+03 1.000000000000000000e+00 1.000000000000000000e+00 1.000000000000000000e+00 3.424216738484863742e-01 5.070145694043063367e-01
2.132000000000000000e+03 9.238951427930850446e-01 1.006405798378764871e+00 9.929131782004128048e-01 3.424216738484863742e-01 5.070145694043063367e-01
2.133000000000000000e+03 1.000000000000000000e+00 1.000000000000000000e+00 1.000000000000000000e+00 8.174200358881653639e-01 4.858701070989033255e-01
2.133000000000000000e+03 8.477902855861700893e-01 1.012811596757529742e+00 9.858263564008256097e-01 8.174200358881653639e-01 4.858701070989033255e-01
2.134000000000000000e+03 1.000000000000000000e+00 1.000000000000000000e+00 1.000000000000000000e+00 4.894277688472984389e-01 2.625008189801605329e-01
2.134000000000000000e+03 7.716854283792552449e-01 1.019217395136294835e+00 9.787395346012383035e-01 4.894277688472984389e-01 2.625008189801605329e-01
2.135000000000000000e+03 1.000000000000000000e+00 1.000000000000000000e+00 1.000000000000000000e+00 5.034569076559112233e-01 5.776574712831877845e-01
2.135000000000000000e+03 6.955805711723402895e-01 1.025623193515059706e+00 9.716527128016511083e-01 5.034569076559112233e-01 5.776574712831877845e-01
2.136000000000000000e+03 1.000000000000000000e+00 1.000000000000000000e+00 1.000000000000000000e+00 5.244441844056457747e-01 5.523043010218414706e-01
2.136000000000000000e+03 9.238951427930850446e-01 1.006405798378764871e+00 9.929131782004128048e-01 5.244441844056457747e-01 5.523043010218414706e-01
2.137000000000000000e+03 1.000000000000000000e+00 1.000000000000000000e+00 1.000000000000000000e+00 4.078133397313469244e-01 3.027441313289955249e-01
2.137000000000000000e+03 8.477902855861700893e-01 1.012811596757529742e+00 9.858263564008256097e-01 4.078133397313469244e-01 3.027441313289955249e-01
2.138000000000000000e+03 1.000000000000000000e+00 1.000000000000000000e+00 1.000000000000000000e+00 7.697316524955859496e-01 3.739421017998432184e-01
2.138000000000000000e+03 7.716854283792552449e-01 1.019217395136294835e+00 9.787395346012383035e-01 7.697316524955859496e-01 3.739421017998432184e-01
2.139000000000000000e+03 1.000000000000000000e+00 1.000000000000000000e+00 1.000000000000000000e+00 3.752199151535769994e-01 5.583154223371493696e-01
2.139000000000000000e+03 6.955805711723402895e-01 1.025623193515059706e+00 9.716527128016511083e-01 3.752199151535769994e-01 5.583154223371493696e-01
