3.400000000000000000e+03 1.000000000000000000e+00 1.000000000000000000e+00 1.000000000000000000e+00 5.139253413715366703e-01 5.683617385627866003e-01
3.400000000000000000e+03 9.916579889733411202e-01 9.160105810067995513e-01 1.001332726782438565e+00 5.139253413715366703e-01 5.683617385627866003e-01
3.401000000000000000e+03 1.000000000000000000e+00 1.000000000000000000e+00 1.000000000000000000e+00 4.541383774090823056e-01 2.748579248452904800e-01
3.401000000000000000e+03 9.833159779466822403e-01 8.320211620135991026e-01 1.002665453564877129e+00 4.541383774090823056e-01 2.748579248452904800e-01
3.402000000000000000e+03 1.000000000000000000e+00 1.000000000000000000e+00 1.000000000000000000e+00 8.035322434506708689e-01 4.381702367993918212e-01
3.402000000000000000e+03 9.749739669200234715e-01 7.480317430203986540e-01 1.003998180347315916e+00 8.035322434506708689e-01 4.381702367993918212e-01
3.403000000000000000e+03 1.000000000000000000e+00 1.000000000000000000e+00 1.000000000000000000e+00 3.532480931412519398e-01 5.298934819812272101e-01
3.403000000000000000e+03 9.666319558933645917e-01 6.640423240271982053e-01 1.005330907129754481e+00 3.532480931412519398e-01 5.298934819812272101e-01
3.404000000000000000e+03 1.000000000000000000e+00 1.000000000000000000e+00 1.000000000000000000e+00 4.394381348665145071e-01 5.915464522698402616e-01
3.404000000000000000e+03 9.916579889733411202e-01 9.160105810067995513e-01 1.001332726782438565e+00 4.394381348665145071e-01 5.915464522698402616e-01
3.405000000000000000e+03 1.000000000000000000e+00 1.000000000000000000e+00 1.000000000000000000e+00 6.488399432782386844e-01 2.750107475531968215e-01
3.405000000000000000e+03 9.833159779466822403e-01 8.320211620135991026e-01 1.002665453564877129e+00 6.488399432782386844e-01 2.750107475531968215e-01
3.406000000000000000e+03 1.000000000000000000e+00 1.000000000000000000e+00 1.000000000000000000e+00 3.417321476416782522e-01 3.952990957941379113e-01
3.406000000000000000e+03 9.749739669200234715e-01 7.480317430203986540e-01 1.003998180347315916e+00 3.417321476416782522e-01 3.952990957941379113e-01
3.407000000000000000e+03 1.000000000000000000e+00 1.000000000000000000e+00 1.000000000000000000e+00 5.248250521813587754e-01 5.164228260611088972e-01
3.407000000000000000e+03 9.666319558933645917e-01 6.640423240271982053e-01 1.005330907129754481e+00 5.248250521813587754e-01 5.164228260611088972e-01
3.408000000000000000e+03 1.000000000000000000e+00 1.000000000000000000e+00 1.000000000000000000e+00 5.282476448086128595e-01 5.279888458927314288e-01
3.408000000000000000e+03 9.916579889733411202e-01 9.160105810067995513e-01 1.001332726782438565e+00 5.282476448086128595e-01 5.279888458927314288e-01
3.409000000000000000e+03 1.000000000000000000e+00 1.000000000000000000e+00 1.000000000000000000e+00 3.580958196942571337e-01 3.593959156233509367e-01
3.409000000000000000e+03 9.833159779466822403e-01 8.320211620135991026e-01 1.002665453564877129e+00 3.580958196942571337e-01 3.593959156233509367e-01
3.410000000000000000e+03 1.000000000000000000e+00 1.000000000000000000e+00 1.000000000000000000e+00 6.969117036186078806e-01 3.012675519456922135e-01
3.410000000000000000e+03 9.749739669200234715e-01 7.480317430203986540e-01 1.003998180347315916e+00 6.969117036186078806e-01 3.012675519456922135e-01
3.411000000000000000e+03 1.000000000000000000e+00 1.000000000000000000e+00 1.000000000000000000e+00 4.157035348653097540e-01 5.850759125571778352e-01
3.411000000000000000e+03 9.666319558933645917e-01 6.640423240271982053e-01 1.005330907129754481e+00 4.157035348653097540e-01 5.850759125571778352e-01
3.412000000000000000e+03 1.000000000000000000e+00 1.000000000000000000e+00 1.000000000000000000e+00 3.402360667451137521e-01 5.007352296028373395e-01
3.412000000000000000e+03 9.916579889733411202e-01 9.160105810067995513e-01 1.001332726782438565e+00 3.402360667451137521e-01 5.007352296028373395e-01
3.413000000000000000e+03 1.000000000000000000e+00 1.000000000000000000e+00 1.000000000000000000e+00 8.197622390279948323e-01 4.985284622178909886e-01
3.413000000000000000e+03 9.833159779466822403e-01 8.320211620135991026e-01 1.002665453564877129e+00 8.197622390279948323e-01 4.985284622178909886e-01
3.414000000000000000e+03 1.000000000000000000e+00 1.000000000000000000e+00 1.000000000000000000e+00 4.988966163075268523e-01 2.602369138585595154e-01
3.414000000000000000e+03 9.749739669200234715e-01 7.480317430203986540e-01 1.003998180347315916e+00 4.988966163075268523e-01 2.602369138585595154e-01
3.415000000000000000e+03 1.000000000000000000e+00 1.000000000000000000e+00 1.000000000000000000e+00 5.003670755132013648e-01 5.797647803683319001e-01
3.415000000000000000e+03 9.666319558933645917e-01 6.640423240271982053e-01 1.005330907129754481e+00 5.003670755132013648e-01 5.797647803683319001e-01
3.416000000000000000e+03 1.000000000000000000e+00 1.000000000000000000e+00 1.000000000000000000e+00 5.231251733764459289e-01 5.551104009053640098e-01
3.416000000000000000e+03 9.916579889733411202e-01 9.160105810067995513e-01 1.001332726782438565e+00 5.231251733764459289e-01 5.551104009053640098e-01
3.417000000000000000e+03 1.000000000000000000e+00 1.000000000000000000e+00 1.000000000000000000e+00 4.149658657412518825e-01 2.973522120957008408e-01
3.417000000000000000e+03 9.833159779466822403e-01 8.320211620135991026e-01 1.002665453564877129e+00 4.149658657412518825e-01 2.973522120957008408e-01
3.418000000000000000e+03 1.000000000000000000e+00 1.000000000000000000e+00 1.000000000000000000e+00 7.764164814037667339e-01 3.840113853001008160e-01
3.418000000000000000e+03 9.749739669200234715e-01 7.480317430203986540e-01 1.003998180347315916e+00 7.764164814037667339e-01 3.840113853001008160e-01
3.419000000000000000e+03 1.000000000000000000e+00 1.000000000000000000e+00 1.000000000000000000e+00 3.711209055951684155e-01 5.540796538175969399e-01
3.419000000000000000e+03 9.666319558933645917e-01 6.640423240271982053e-01 1.005330907129754481e+00 3.711209055951684155e-01 5.540796538175969399e-01
