3.700000000000000000e+03 1.000000000000000000e+00 1.000000000000000000e+00 1.000000000000000000e+00 3.645147741457070989e-01 5.463776733458769463e-01
3.700000000000000000e+03 8.794094629813988817e-01 9.790436274150671192e-01 9.973107720635583373e-01 3.645147741457070989e-01 5.463776733458769463e-01
3.701000000000000000e+03 1.000000000000000000e+00 1.000000000000000000e+00 1.000000000000000000e+00 7.868620630335574351e-01 4.018048280112665460e-01
3.701000000000000000e+03 7.588189259627976524e-01 9.580872548301343494e-01 9.946215441271166746e-01 7.868620630335574351e-01 4.018048280112665460e-01
3.702000000000000000e+03 1.000000000000000000e+00 1.000000000000000000e+00 1.000000000000000000e+00 4.277135773326948276e-01 2.888263555560748319e-01
3.702000000000000000e+03 6.382283889441964231e-01 9.371308822452015797e-01 9.919323161906750119e-01 4.277135773326948276e-01 2.888263555560748319e-01
3.703000000000000000e+03 1.000000000000000000e+00 1.000000000000000000e+00 1.000000000000000000e+00 5.204689240244486648e-01 5.597968072646606341e-01
3.703000000000000000e+03 5.176378519255953048e-01 9.161745096602686989e-01 9.892430882542333492e-01 5.204689240244486648e-01 5.597968072646606341e-01
3.704000000000000000e+03 1.000000000000000000e+00 1.000000000000000000e+00 1.000000000000000000e+00 5.285687506504309630e-01 5.324088953227216203e-01
3.704000000000000000e+03 8.794094629813988817e-01 9.790436274150671192e-01 9.973107720635583373e-01 5.285687506504309630e-01 5.324088953227216203e-01
3.705000000000000000e+03 1.000000000000000000e+00 1.000000000000000000e+00 1.000000000000000000e+00 3.656287152951702701e-01 3.475668413482839725e-01
3.705000000000000000e+03 7.588189259627976524e-01 9.580872548301343494e-01 9.946215441271166746e-01 3.656287152951702701e-01 3.475668413482839725e-01
3.706000000000000000e+03 1.000000000000000000e+00 1.000000000000000000e+00 1.000000000000000000e+00 7.124452903162132866e-01 3.127274482679709977e-01
3.706000000000000000e+03 6.382283889441964231e-01 9.371308822452015797e-01 9.919323161906750119e-01 7.124452903162132866e-01 3.127274482679709977e-01
3.707000000000000000e+03 1.000000000000000000e+00 1.000000000000000000e+00 1.000000000000000000e+00 4.075789730127811761e-01 5.814700176776302909e-01
3.707000000000000000e+03 5.176378519255953048e-01 9.161745096602686989e-01 9.892430882542333492e-01 4.075789730127811761e-01 5.814700176776302909e-01
3.708000000000000000e+03 1.000000000000000000e+00 1.000000000000000000e+00 1.000000000000000000e+00 4.947705373589194044e-01 5.830386219192682518e-01
3.708000000000000000e+03 8.794094629813988817e-01 9.790436274150671192e-01 9.973107720635583373e-01 4.947705373589194044e-01 5.830386219192682518e-01
3.709000000000000000e+03 1.000000000000000000e+00 1.000000000000000000e+00 1.000000000000000000e+00 5.152857438513465116e-01 2.572777182772940097e-01
3.709000000000000000e+03 7.588189259627976524e-01 9.580872548301343494e-01 9.946215441271166746e-01 5.152857438513465116e-01 2.572777182772940097e-01
3.710000000000000000e+03 1.000000000000000000e+00 1.000000000000000000e+00 1.000000000000000000e+00 3.371195481790129067e-01 4.897423967537865019e-01
3.710000000000000000e+03 6.382283889441964231e-01 9.371308822452015797e-01 9.919323161906750119e-01 3.371195481790129067e-01 4.897423967537865019e-01
3.711000000000000000e+03 1.000000000000000000e+00 1.000000000000000000e+00 1.000000000000000000e+00 5.031967920175492992e-01 5.002013220359476930e-01
3.711000000000000000e+03 5.176378519255953048e-01 9.161745096602686989e-01 9.892430882542333492e-01 5.031967920175492992e-01 5.002013220359476930e-01
3.712000000000000000e+03 1.000000000000000000e+00 1.000000000000000000e+00 1.000000000000000000e+00 5.044361132992152275e-01 5.003888715239650509e-01
3.712000000000000000e+03 8.794094629813988817e-01 9.790436274150671192e-01 9.973107720635583373e-01 5.044361132992152275e-01 5.003888715239650509e-01
3.713000000000000000e+03 1.000000000000000000e+00 1.000000000000000000e+00 1.000000000000000000e+00 3.361751141254732955e-01 4.856390428430442108e-01
3.713000000000000000e+03 7.588189259627976524e-01 9.580872548301343494e-01 9.946215441271166746e-01 3.361751141254732955e-01 4.856390428430442108e-01
3.714000000000000000e+03 1.000000000000000000e+00 1.000000000000000000e+00 1.000000000000000000e+00 5.213469999734512417e-01 2.564807278378175570e-01
3.714000000000000000e+03 6.382283889441964231e-01 9.371308822452015797e-01 9.919323161906750119e-01 5.213469999734512417e-01 2.564807278378175570e-01
3.715000000000000000e+03 1.000000000000000000e+00 1.000000000000000000e+00 1.000000000000000000e+00 4.926250856595395522e-01 5.841304995868710215e-01
3.715000000000000000e+03 5.176378519255953048e-01 9.161745096602686989e-01 9.892430882542333492e-01 4.926250856595395522e-01 5.841304995868710215e-01
3.716000000000000000e+03 1.000000000000000000e+00 1.000000000000000000e+00 1.000000000000000000e+00 4.046497416888495402e-01 5.799806761803281141e-01
3.716000000000000000e+03 8.794094629813988817e-01 9.790436274150671192e-01 9.973107720635583373e-01 4.046497416888495402e-01 5.799806761803281141e-01
3.717000000000000000e+03 1.000000000000000000e+00 1.000000000000000000e+00 1.000000000000000000e+00 7.179348967425606132e-01 3.171941983850756763e-01
3.717000000000000000e+03 7.588189259627976524e-01 9.580872548301343494e-01 9.946215441271166746e-01 7.179348967425606132e-01 3.171941983850756763e-01
3.718000000000000000e+03 1.000000000000000000e+00 1.000000000000000000e+00 1.000000000000000000e+00 3.686067611023737811e-01 3.433574224731444358e-01
3.718000000000000000e+03 6.382283889441964231e-01 9.371308822452015797e-01 9.919323161906750119e-01 3.686067611023737811e-01 3.433574224731444358e-01
3.719000000000000000e+03 1.000000000000000000e+00 1.000000000000000000e+00 1.000000000000000000e+00 5.285681134630298983e-01 5.340579390954455219e-01
3.719000000000000000e+03 5.176378519255953048e-01 9.161745096602686989e-01 9.892430882542333492e-01 5.285681134630298983e-01 5.340579390954455219e-01
