5.140000000000000000e+03 1.000000000000000000e+00 1.000000000000000000e+00 1.000000000000000000e+00 3.519793227913443623e-01 5.276767716947785569e-01
5.140000000000000000e+03 9.978231785991029668e-01 9.360504173244494908e-01 1.010691484331940559e+00 3.519793227913443623e-01 5.276767716947785569e-01
5.141000000000000000e+03 1.000000000000000000e+00 1.000000000000000000e+00 1.000000000000000000e+00 8.052950465592789708e-01 4.429162096640247848e-01
5.141000000000000000e+03 9.956463571982059335e-01 8.721008346488989815e-01 1.021382968663881119e+00 8.052950465592789708e-01 4.429162096640247848e-01
5.142000000000000000e+03 1.000000000000000000e+00 1.000000000000000000e+00 1.000000000000000000e+00 4.576197189846231139e-01 2.733421381160326957e-01
5.142000000000000000e+03 9.934695357973087892e-01 8.081512519733485833e-01 1.032074452995821678e+00 4.576197189846231139e-01 2.733421381160326957e-01
5.143000000000000000e+03 1.000000000000000000e+00 1.000000000000000000e+00 1.000000000000000000e+00 5.129732623741801723e-01 5.693834925333438601e-01
5.143000000000000000e+03 9.912927143964117560e-01 7.442016692977980741e-01 1.042765937327762238e+00 5.129732623741801723e-01 5.693834925333438601e-01
5.144000000000000000e+03 1.000000000000000000e+00 1.000000000000000000e+00 1.000000000000000000e+00 5.276182898844251623e-01 5.423812120710789220e-01
5.144000000000000000e+03 9.978231785991029668e-01 9.360504173244494908e-01 1.010691484331940559e+00 5.276182898844251623e-01 5.423812120710789220e-01
5.145000000000000000e+03 1.000000000000000000e+00 1.000000000000000000e+00 1.000000000000000000e+00 3.850268719946440266e-01 3.235697959264969281e-01
5.145000000000000000e+03 9.956463571982059335e-01 8.721008346488989815e-01 1.021382968663881119e+00 3.850268719946440266e-01 3.235697959264969281e-01
5.146000000000000000e+03 1.000000000000000000e+00 1.000000000000000000e+00 1.000000000000000000e+00 7.434547000747151468e-01 3.413494529341786210e-01
5.146000000000000000e+03 9.934695357973087892e-01 8.081512519733485833e-01 1.032074452995821678e+00 7.434547000747151468e-01 3.413494529341786210e-01
5.147000000000000000e+03 1.000000000000000000e+00 1.000000000000000000e+00 1.000000000000000000e+00 3.905942919277090031e-01 5.712957089448905679e-01
5.147000000000000000e+03 9.912927143964117560e-01 7.442016692977980741e-01 1.042765937327762238e+00 3.905942919277090031e-01 5.712957089448905679e-01
5.148000000000000000e+03 1.000000000000000000e+00 1.000000000000000000e+00 1.000000000000000000e+00 4.813065993988447366e-01 5.886361599276426215e-01
5.148000000000000000e+03 9.978231785991029668e-01 9.360504173244494908e-01 1.010691484331940559e+00 4.813065993988447366e-01 5.886361599276426215e-01
5.149000000000000000e+03 1.000000000000000000e+00 1.000000000000000000e+00 1.000000000000000000e+00 5.517111534525273031e-01 2.548076904114586760e-01
5.149000000000000000e+03 9.956463571982059335e-01 8.721008346488989815e-01 1.021382968663881119e+00 5.517111534525273031e-01 2.548076904114586760e-01
5.150000000000000000e+03 1.000000000000000000e+00 1.000000000000000000e+00 1.000000000000000000e+00 3.330857652419080273e-01 4.647977229731587445e-01
5.150000000000000000e+03 9.934695357973087892e-01 8.081512519733485833e-01 1.032074452995821678e+00 3.330857652419080273e-01 4.647977229731587445e-01
5.151000000000000000e+03 1.000000000000000000e+00 1.000000000000000000e+00 1.000000000000000000e+00 5.103580850971932703e-01 5.021845241754692157e-01
5.151000000000000000e+03 9.912927143964117560e-01 7.442016692977980741e-01 1.042765937327762238e+00 5.103580850971932703e-01 5.021845241754692157e-01
5.152000000000000000e+03 1.000000000000000000e+00 1.000000000000000000e+00 1.000000000000000000e+00 5.148617742515915197e-01 5.046956483949118777e-01
5.152000000000000000e+03 9.978231785991029668e-01 9.360504173244494908e-01 1.010691484331940559e+00 5.148617742515915197e-01 5.046956483949118777e-01
5.153000000000000000e+03 1.000000000000000000e+00 1.000000000000000000e+00 1.000000000000000000e+00 3.325722424538751776e-01 4.471004021675972773e-01
5.153000000000000000e+03 9.956463571982059335e-01 8.721008346488989815e-01 1.021382968663881119e+00 3.325722424538751776e-01 4.471004021675972773e-01
5.154000000000000000e+03 1.000000000000000000e+00 1.000000000000000000e+00 1.000000000000000000e+00 5.770015725511480342e-01 2.562892508066084707e-01
5.154000000000000000e+03 9.934695357973087892e-01 8.081512519733485833e-01 1.032074452995821678e+00 5.770015725511480342e-01 2.562892508066084707e-01
5.155000000000000000e+03 1.000000000000000000e+00 1.000000000000000000e+00 1.000000000000000000e+00 4.712023768863427553e-01 5.911447658988582265e-01
5.155000000000000000e+03 9.912927143964117560e-01 7.442016692977980741e-01 1.042765937327762238e+00 4.712023768863427553e-01 5.911447658988582265e-01
5.156000000000000000e+03 1.000000000000000000e+00 1.000000000000000000e+00 1.000000000000000000e+00 3.796964781542401246e-01 5.625348629107052023e-01
5.156000000000000000e+03 9.978231785991029668e-01 9.360504173244494908e-01 1.010691484331940559e+00 3.796964781542401246e-01 5.625348629107052023e-01
5.157000000000000000e+03 1.000000000000000000e+00 1.000000000000000000e+00 1.000000000000000000e+00 7.622693027389411125e-01 3.636700352505599088e-01
5.157000000000000000e+03 9.956463571982059335e-01 8.721008346488989815e-01 1.021382968663881119e+00 7.622693027389411125e-01 3.636700352505599088e-01
5.158000000000000000e+03 1.000000000000000000e+00 1.000000000000000000e+00 1.000000000000000000e+00 4.005675861699273810e-01 3.087135877076495616e-01
5.158000000000000000e+03 9.934695357973087892e-01 8.081512519733485833e-01 1.032074452995821678e+00 4.005675861699273810e-01 3.087135877076495616e-01
5.159000000000000000e+03 1.000000000000000000e+00 1.000000000000000000e+00 1.000000000000000000e+00 5.256373119913377856e-01 5.493206313991692014e-01
5.159000000000000000e+03 9.912927143964117560e-01 7.442016692977980741e-01 1.042765937327762238e+00 5.256373119913377856e-01 5.493206313991692014e-01
