1.860000000000000000e+03 1.000000000000000000e+00 1.000000000000000000e+00 1.000000000000000000e+00 3.943809837401003882e-01 5.739015878946694960e-01
1.860000000000000000e+03 9.961267859531958146e-01 1.024390632341019680e+00 8.964408592383568131e-01 3.943809837401003882e-01 5.739015878946694960e-01
1.861000000000000000e+03 1.000000000000000000e+00 1.000000000000000000e+00 1.000000000000000000e+00 7.367146194721870822e-01 3.343708654336435826e-01
1.861000000000000000e+03 9.922535719063916293e-01 1.048781264682039360e+00 7.928817184767136261e-01 7.367146194721870822e-01 3.343708654336435826e-01
1.862000000000000000e+03 1.000000000000000000e+00 1.000000000000000000e+00 1.000000000000000000e+00 3.802346387694870433e-01 3.288331821339566807e-01
1.862000000000000000e+03 9.883803578595875550e-01 1.073171897023059040e+00 6.893225777150703282e-01 3.802346387694870433e-01 3.288331821339566807e-01
1.863000000000000000e+03 1.000000000000000000e+00 1.000000000000000000e+00 1.000000000000000000e+00 5.280378145588261463e-01 5.400712146537558489e-01
1.863000000000000000e+03 9.845071438127833696e-01 1.097562529364078721e+00 5.857634369534271412e-01 5.280378145588261463e-01 5.400712146537558489e-01
1.864000000000000000e+03 1.000000000000000000e+00 1.000000000000000000e+00 1.000000000000000000e+00 5.148911089860332968e-01 5.672779767994592381e-01
1.864000000000000000e+03 9.961267859531958146e-01 1.024390632341019680e+00 8.964408592383568131e-01 5.148911089860332968e-01 5.672779767994592381e-01
1.865000000000000000e+03 1.000000000000000000e+00 1.000000000000000000e+00 1.000000000000000000e+00 4.505318034817716311e-01 2.765028661877373395e-01
1.865000000000000000e+03 9.922535719063916293e-01 1.048781264682039360e+00 7.928817184767136261e-01 4.505318034817716311e-01 2.765028661877373395e-01
1.866000000000000000e+03 1.000000000000000000e+00 1.000000000000000000e+00 1.000000000000000000e+00 8.016067123186643162e-01 4.332432597156740672e-01
1.866000000000000000e+03 9.883803578595875550e-01 1.073171897023059040e+00 6.893225777150703282e-01 8.016067123186643162e-01 4.332432597156740672e-01
1.867000000000000000e+03 1.000000000000000000e+00 1.000000000000000000e+00 1.000000000000000000e+00 3.546124446941390507e-01 5.321796527521307496e-01
1.867000000000000000e+03 9.845071438127833696e-01 1.097562529364078721e+00 5.857634369534271412e-01 3.546124446941390507e-01 5.321796527521307496e-01
1.868000000000000000e+03 1.000000000000000000e+00 1.000000000000000000e+00 1.000000000000000000e+00 4.414534074721773171e-01 5.918306473484946650e-01
1.868000000000000000e+03 9.961267859531958146e-01 1.024390632341019680e+00 8.964408592383568131e-01 4.414534074721773171e-01 5.918306473484946650e-01
1.869000000000000000e+03 1.000000000000000000e+00 1.000000000000000000e+00 1.000000000000000000e+00 6.445605247351259282e-01 2.732560343088099586e-01
1.869000000000000000e+03 9.922535719063916293e-01 1.048781264682039360e+00 7.928817184767136261e-01 6.445605247351259282e-01 2.732560343088099586e-01
1.870000000000000000e+03 1.000000000000000000e+00 1.000000000000000000e+00 1.000000000000000000e+00 3.407126934801576468e-01 3.984464413685256945e-01
1.870000000000000000e+03 9.883803578595875550e-01 1.073171897023059040e+00 6.893225777150703282e-01 3.407126934801576468e-01 3.984464413685256945e-01
1.871000000000000000e+03 1.000000000000000000e+00 1.000000000000000000e+00 1.000000000000000000e+00 5.243739881771470879e-01 5.155396264241709492e-01
1.871000000000000000e+03 9.845071438127833696e-01 1.097562529364078721e+00 5.857634369534271412e-01 5.243739881771470879e-01 5.155396264241709492e-01
1.872000000000000000e+03 1.000000000000000000e+00 1.000000000000000000e+00 1.000000000000000000e+00 5.280953000450585577e-01 5.269137586457305344e-01
1.872000000000000000e+03 9.961267859531958146e-01 1.024390632341019680e+00 8.964408592383568131e-01 5.280953000450585577e-01 5.269137586457305344e-01
1.873000000000000000e+03 1.000000000000000000e+00 1.000000000000000000e+00 1.000000000000000000e+00 3.563641889262669782e-01 3.624047600160043014e-01
1.873000000000000000e+03 9.922535719063916293e-01 1.048781264682039360e+00 7.928817184767136261e-01 3.563641889262669782e-01 3.624047600160043014e-01
1.874000000000000000e+03 1.000000000000000000e+00 1.000000000000000000e+00 1.000000000000000000e+00 6.929359806531284471e-01 2.985939334119298016e-01
1.874000000000000000e+03 9.883803578595875550e-01 1.073171897023059040e+00 6.893225777150703282e-01 6.929359806531284471e-01 2.985939334119298016e-01
1.875000000000000000e+03 1.000000000000000000e+00 1.000000000000000000e+00 1.000000000000000000e+00 4.177455006851368835e-01 5.858655555593957898e-01
1.875000000000000000e+03 9.845071438127833696e-01 1.097562529364078721e+00 5.857634369534271412e-01 4.177455006851368835e-01 5.858655555593957898e-01
1.876000000000000000e+03 1.000000000000000000e+00 1.000000000000000000e+00 1.000000000000000000e+00 3.411303929309084104e-01 5.034123655687738896e-01
1.876000000000000000e+03 9.961267859531958146e-01 1.024390632341019680e+00 8.964408592383568131e-01 3.411303929309084104e-01 5.034123655687738896e-01
1.877000000000000000e+03 1.000000000000000000e+00 1.000000000000000000e+00 1.000000000000000000e+00 8.188327119252860609e-01 4.931517815871511168e-01
1.877000000000000000e+03 9.922535719063916293e-01 1.048781264682039360e+00 7.928817184767136261e-01 8.188327119252860609e-01 4.931517815871511168e-01
1.878000000000000000e+03 1.000000000000000000e+00 1.000000000000000000e+00 1.000000000000000000e+00 4.948697080091886691e-01 2.611488405028111748e-01
1.878000000000000000e+03 9.883803578595875550e-01 1.073171897023059040e+00 6.893225777150703282e-01 4.948697080091886691e-01 2.611488405028111748e-01
1.879000000000000000e+03 1.000000000000000000e+00 1.000000000000000000e+00 1.000000000000000000e+00 5.016944391467362818e-01 5.788880546409943539e-01
1.879000000000000000e+03 9.845071438127833696e-01 1.097562529364078721e+00 5.857634369534271412e-01 5.016944391467362818e-01 5.788880546409943539e-01
