2.320000000000000000e+03 1.000000000000000000e+00 1.000000000000000000e+00 1.000000000000000000e+00 5.259364381380987608e-01 5.189291610907403873e-01
2.320000000000000000e+03 9.975088413416538513e-01 8.884800733727271638e-01 9.996338100933683801e-01 5.259364381380987608e-01 5.189291610907403873e-01
2.321000000000000000e+03 1.000000000000000000e+00 1.000000000000000000e+00 1.000000000000000000e+00 3.448231109937107686e-01 3.867474279266893689e-01
2.321000000000000000e+03 9.950176826833077026e-01 7.769601467454542165e-01 9.992676201867367602e-01 3.448231109937107686e-01 3.867474279266893689e-01
2.322000000000000000e+03 1.000000000000000000e+00 1.000000000000000000e+00 1.000000000000000000e+00 6.604142775645955865e-01 2.802028855596154777e-01
2.322000000000000000e+03 9.925265240249614429e-01 6.654402201181812693e-01 9.989014302801051404e-01 6.604142775645955865e-01 2.802028855596154777e-01
2.323000000000000000e+03 1.000000000000000000e+00 1.000000000000000000e+00 1.000000000000000000e+00 4.339091334179744908e-01 5.905566635721939406e-01
2.323000000000000000e+03 9.900353653666152942e-01 5.539202934909084330e-01 9.985352403734735205e-01 4.339091334179744908e-01 5.905566635721939406e-01
2.324000000000000000e+03 1.000000000000000000e+00 1.000000000000000000e+00 1.000000000000000000e+00 3.497125884860958767e-01 5.234724498794023351e-01
2.324000000000000000e+03 9.975088413416538513e-01 8.884800733727271638e-01 9.996338100933683801e-01 3.497125884860958767e-01 5.234724498794023351e-01
2.325000000000000000e+03 1.000000000000000000e+00 1.000000000000000000e+00 1.000000000000000000e+00 8.083709342568294876e-01 4.518374744385142416e-01
2.325000000000000000e+03 9.950176826833077026e-01 7.769601467454542165e-01 9.992676201867367602e-01 8.083709342568294876e-01 4.518374744385142416e-01
2.326000000000000000e+03 1.000000000000000000e+00 1.000000000000000000e+00 1.000000000000000000e+00 4.641825122795559255e-01 2.706708271146331946e-01
2.326000000000000000e+03 9.925265240249614429e-01 6.654402201181812693e-01 9.989014302801051404e-01 4.641825122795559255e-01 2.706708271146331946e-01
2.327000000000000000e+03 1.000000000000000000e+00 1.000000000000000000e+00 1.000000000000000000e+00 5.111274120383607622e-01 5.712456501424414412e-01
2.327000000000000000e+03 9.900353653666152942e-01 5.539202934909084330e-01 9.985352403734735205e-01 5.111274120383607622e-01 5.712456501424414412e-01
2.328000000000000000e+03 1.000000000000000000e+00 1.000000000000000000e+00 1.000000000000000000e+00 5.271315930868456512e-01 5.444889156921187690e-01
2.328000000000000000e+03 9.975088413416538513e-01 8.884800733727271638e-01 9.996338100933683801e-01 5.271315930868456512e-01 5.444889156921187690e-01
2.329000000000000000e+03 1.000000000000000000e+00 1.000000000000000000e+00 1.000000000000000000e+00 3.895618062506955859e-01 3.189094361257833743e-01
2.329000000000000000e+03 9.950176826833077026e-01 7.769601467454542165e-01 9.992676201867367602e-01 3.895618062506955859e-01 3.189094361257833743e-01
2.330000000000000000e+03 1.000000000000000000e+00 1.000000000000000000e+00 1.000000000000000000e+00 7.493913879652654986e-01 3.479085059194661489e-01
2.330000000000000000e+03 9.925265240249614429e-01 6.654402201181812693e-01 9.989014302801051404e-01 7.493913879652654986e-01 3.479085059194661489e-01
2.331000000000000000e+03 1.000000000000000000e+00 1.000000000000000000e+00 1.000000000000000000e+00 3.872102602168323027e-01 5.687848934180750327e-01
2.331000000000000000e+03 9.900353653666152942e-01 5.539202934909084330e-01 9.985352403734735205e-01 3.872102602168323027e-01 5.687848934180750327e-01
2.332000000000000000e+03 1.000000000000000000e+00 1.000000000000000000e+00 1.000000000000000000e+00 4.783051971063698726e-01 5.895180009288476519e-01
2.332000000000000000e+03 9.975088413416538513e-01 8.884800733727271638e-01 9.996338100933683801e-01 4.783051971063698726e-01 5.895180009288476519e-01
2.333000000000000000e+03 1.000000000000000000e+00 1.000000000000000000e+00 1.000000000000000000e+00 5.593800923984262319e-01 2.549833850743076225e-01
2.333000000000000000e+03 9.950176826833077026e-01 7.769601467454542165e-01 9.992676201867367602e-01 5.593800923984262319e-01 2.549833850743076225e-01
2.334000000000000000e+03 1.000000000000000000e+00 1.000000000000000000e+00 1.000000000000000000e+00 3.327326920727300408e-01 4.594625523539718204e-01
2.334000000000000000e+03 9.925265240249614429e-01 6.654402201181812693e-01 9.989014302801051404e-01 3.327326920727300408e-01 4.594625523539718204e-01
2.335000000000000000e+03 1.000000000000000000e+00 1.000000000000000000e+00 1.000000000000000000e+00 5.117686939304252336e-01 5.028521581412320751e-01
2.335000000000000000e+03 9.900353653666152942e-01 5.539202934909084330e-01 9.985352403734735205e-01 5.117686939304252336e-01 5.028521581412320751e-01
2.336000000000000000e+03 1.000000000000000000e+00 1.000000000000000000e+00 1.000000000000000000e+00 5.161529653601241163e-01 5.056402502573250635e-01
2.336000000000000000e+03 9.975088413416538513e-01 8.884800733727271638e-01 9.996338100933683801e-01 5.161529653601241163e-01 5.056402502573250635e-01
2.337000000000000000e+03 1.000000000000000000e+00 1.000000000000000000e+00 1.000000000000000000e+00 3.327909932812722626e-01 4.416143957381010177e-01
2.337000000000000000e+03 9.950176826833077026e-01 7.769601467454542165e-01 9.992676201867367602e-01 3.327909932812722626e-01 4.416143957381010177e-01
2.338000000000000000e+03 1.000000000000000000e+00 1.000000000000000000e+00 1.000000000000000000e+00 5.847582812641859418e-01 2.572629726019703966e-01
2.338000000000000000e+03 9.925265240249614429e-01 6.654402201181812693e-01 9.989014302801051404e-01 5.847582812641859418e-01 2.572629726019703966e-01
2.339000000000000000e+03 1.000000000000000000e+00 1.000000000000000000e+00 1.000000000000000000e+00 4.679870727403879771e-01 5.916809860394258713e-01
2.339000000000000000e+03 9.900353653666152942e-01 5.539202934909084330e-01 9.985352403734735205e-01 4.679870727403879771e-01 5.916809860394258713e-01
