3.760000000000000000e+03 1.000000000000000000e+00 1.000000000000000000e+00 1.000000000000000000e+00 5.246636699225862843e-01 5.160993775722957366e-01
3.760000000000000000e+03 1.015585141144169201e+00 9.934788952191415667e-01 9.119762825048114419e-01 5.246636699225862843e-01 5.160993775722957366e-01
3.761000000000000000e+03 1.000000000000000000e+00 1.000000000000000000e+00 1.000000000000000000e+00 3.413543778189077615e-01 3.964429957219707257e-01
3.761000000000000000e+03 1.031170282288338402e+00 9.869577904382830225e-01 8.239525650096229947e-01 3.413543778189077615e-01 3.964429957219707257e-01
3.762000000000000000e+03 1.000000000000000000e+00 1.000000000000000000e+00 1.000000000000000000e+00 6.472858176308960987e-01 2.743634016896548955e-01
3.762000000000000000e+03 1.046755423432507381e+00 9.804366856574244782e-01 7.359288475144345476e-01 6.472858176308960987e-01 2.743634016896548955e-01
3.763000000000000000e+03 1.000000000000000000e+00 1.000000000000000000e+00 1.000000000000000000e+00 4.401718090748375500e-01 5.916546460518392614e-01
3.763000000000000000e+03 1.062340564576676583e+00 9.739155808765660449e-01 6.479051300192459895e-01 4.401718090748375500e-01 5.916546460518392614e-01
3.764000000000000000e+03 1.000000000000000000e+00 1.000000000000000000e+00 1.000000000000000000e+00 3.537401017630088518e-01 5.307291187633265128e-01
3.764000000000000000e+03 1.015585141144169201e+00 9.934788952191415667e-01 9.119762825048114419e-01 3.537401017630088518e-01 5.307291187633265128e-01
3.765000000000000000e+03 1.000000000000000000e+00 1.000000000000000000e+00 1.000000000000000000e+00 8.028413261456988081e-01 4.363732151481777288e-01
3.765000000000000000e+03 1.031170282288338402e+00 9.869577904382830225e-01 8.239525650096229947e-01 8.028413261456988081e-01 4.363732151481777288e-01
3.766000000000000000e+03 1.000000000000000000e+00 1.000000000000000000e+00 1.000000000000000000e+00 4.528220481924256635e-01 2.754493878086550218e-01
3.766000000000000000e+03 1.046755423432507381e+00 9.804366856574244782e-01 7.359288475144345476e-01 4.528220481924256635e-01 2.754493878086550218e-01
3.767000000000000000e+03 1.000000000000000000e+00 1.000000000000000000e+00 1.000000000000000000e+00 5.142802857190785781e-01 5.679691842826373183e-01
3.767000000000000000e+03 1.062340564576676583e+00 9.739155808765660449e-01 6.479051300192459895e-01 5.142802857190785781e-01 5.679691842826373183e-01
3.768000000000000000e+03 1.000000000000000000e+00 1.000000000000000000e+00 1.000000000000000000e+00 5.279146196001944791e-01 5.408213863659977472e-01
3.768000000000000000e+03 1.015585141144169201e+00 9.934788952191415667e-01 9.119762825048114419e-01 5.279146196001944791e-01 5.408213863659977472e-01
3.769000000000000000e+03 1.000000000000000000e+00 1.000000000000000000e+00 1.000000000000000000e+00 3.817707817565224038e-01 3.271056289933018668e-01
3.769000000000000000e+03 1.031170282288338402e+00 9.869577904382830225e-01 8.239525650096229947e-01 3.817707817565224038e-01 3.271056289933018668e-01
3.770000000000000000e+03 1.000000000000000000e+00 1.000000000000000000e+00 1.000000000000000000e+00 7.389308633270482707e-01 3.366134824348808174e-01
3.770000000000000000e+03 1.046755423432507381e+00 9.804366856574244782e-01 7.359288475144345476e-01 7.389308633270482707e-01 3.366134824348808174e-01
3.771000000000000000e+03 1.000000000000000000e+00 1.000000000000000000e+00 1.000000000000000000e+00 3.931421213136520598e-01 5.730719189218359544e-01
3.771000000000000000e+03 1.062340564576676583e+00 9.739155808765660449e-01 6.479051300192459895e-01 3.931421213136520598e-01 5.730719189218359544e-01
3.772000000000000000e+03 1.000000000000000000e+00 1.000000000000000000e+00 1.000000000000000000e+00 4.834916282191625281e-01 5.879166379783217211e-01
3.772000000000000000e+03 1.015585141144169201e+00 9.934788952191415667e-01 9.119762825048114419e-01 4.834916282191625281e-01 5.879166379783217211e-01
3.773000000000000000e+03 1.000000000000000000e+00 1.000000000000000000e+00 1.000000000000000000e+00 5.460360096910165106e-01 2.548315938298854610e-01
3.773000000000000000e+03 1.031170282288338402e+00 9.869577904382830225e-01 8.239525650096229947e-01 5.460360096910165106e-01 2.548315938298854610e-01
3.774000000000000000e+03 1.000000000000000000e+00 1.000000000000000000e+00 1.000000000000000000e+00 3.334574779257818422e-01 4.687278092640729810e-01
3.774000000000000000e+03 1.046755423432507381e+00 9.804366856574244782e-01 7.359288475144345476e-01 3.334574779257818422e-01 4.687278092640729810e-01
3.775000000000000000e+03 1.000000000000000000e+00 1.000000000000000000e+00 1.000000000000000000e+00 5.092907538824252844e-01 5.017445528257479248e-01
3.775000000000000000e+03 1.062340564576676583e+00 9.739155808765660449e-01 6.479051300192459895e-01 5.092907538824252844e-01 5.017445528257479248e-01
3.776000000000000000e+03 1.000000000000000000e+00 1.000000000000000000e+00 1.000000000000000000e+00 5.068884263487810626e-01 5.009463243117685538e-01
3.776000000000000000e+03 1.015585141144169201e+00 9.934788952191415667e-01 9.119762825048114419e-01 5.068884263487810626e-01 5.009463243117685538e-01
3.777000000000000000e+03 1.000000000000000000e+00 1.000000000000000000e+00 1.000000000000000000e+00 3.346003695803926314e-01 4.772775836601184096e-01
3.777000000000000000e+03 1.031170282288338402e+00 9.869577904382830225e-01 8.239525650096229947e-01 3.346003695803926314e-01 4.772775836601184096e-01
3.778000000000000000e+03 1.000000000000000000e+00 1.000000000000000000e+00 1.000000000000000000e+00 5.336104623539380531e-01 2.553447675449794785e-01
3.778000000000000000e+03 1.046755423432507381e+00 9.804366856574244782e-01 7.359288475144345476e-01 5.336104623539380531e-01 2.553447675449794785e-01
3.779000000000000000e+03 1.000000000000000000e+00 1.000000000000000000e+00 1.000000000000000000e+00 4.881656296741749279e-01 5.861440283841942156e-01
3.779000000000000000e+03 1.062340564576676583e+00 9.739155808765660449e-01 6.479051300192459895e-01 4.881656296741749279e-01 5.861440283841942156e-01
