3.040000000000000000e+03 1.000000000000000000e+00 1.000000000000000000e+00 1.000000000000000000e+00 5.103215296717166227e-01 5.021685473251693566e-01
3.040000000000000000e+03 1.004598992641283051e+00 9.949225846763780634e-01 8.998184783984347623e-01 5.103215296717166227e-01 5.021685473251693566e-01
3.041000000000000000e+03 1.000000000000000000e+00 1.000000000000000000e+00 1.000000000000000000e+00 3.330970424195757174e-01 4.649337865863347186e-01
3.041000000000000000e+03 1.009197985282566101e+00 9.898451693527561268e-01 7.996369567968695247e-01 3.330970424195757174e-01 4.649337865863347186e-01
3.042000000000000000e+03 1.000000000000000000e+00 1.000000000000000000e+00 1.000000000000000000e+00 5.515150464579130496e-01 2.548063284652218319e-01
3.042000000000000000e+03 1.013796977923849152e+00 9.847677540291343012e-01 6.994554351953042870e-01 5.515150464579130496e-01 2.548063284652218319e-01
3.043000000000000000e+03 1.000000000000000000e+00 1.000000000000000000e+00 1.000000000000000000e+00 4.813826196305826532e-01 5.886122436260704527e-01
3.043000000000000000e+03 1.018395970565132203e+00 9.796903387055123646e-01 5.992739135937390493e-01 4.813826196305826532e-01 5.886122436260704527e-01
3.044000000000000000e+03 1.000000000000000000e+00 1.000000000000000000e+00 1.000000000000000000e+00 3.906817176640803857e-01 5.713582491334379121e-01
3.044000000000000000e+03 1.004598992641283051e+00 9.949225846763780634e-01 8.998184783984347623e-01 3.906817176640803857e-01 5.713582491334379121e-01
3.045000000000000000e+03 1.000000000000000000e+00 1.000000000000000000e+00 1.000000000000000000e+00 7.433002345944254019e-01 3.411841241608283837e-01
3.045000000000000000e+03 1.009197985282566101e+00 9.898451693527561268e-01 7.996369567968695247e-01 7.433002345944254019e-01 3.411841241608283837e-01
3.046000000000000000e+03 1.000000000000000000e+00 1.000000000000000000e+00 1.000000000000000000e+00 3.849129375136952080e-01 3.236907415348274641e-01
3.046000000000000000e+03 1.013796977923849152e+00 9.847677540291343012e-01 6.994554351953042870e-01 3.849129375136952080e-01 3.236907415348274641e-01
3.047000000000000000e+03 1.000000000000000000e+00 1.000000000000000000e+00 1.000000000000000000e+00 5.276294357805710877e-01 5.423273062066666927e-01
3.047000000000000000e+03 1.018395970565132203e+00 9.796903387055123646e-01 5.992739135937390493e-01 5.276294357805710877e-01 5.423273062066666927e-01
3.048000000000000000e+03 1.000000000000000000e+00 1.000000000000000000e+00 1.000000000000000000e+00 5.130192661293416778e-01 5.693351302134711522e-01
3.048000000000000000e+03 1.004598992641283051e+00 9.949225846763780634e-01 8.998184783984347623e-01 5.130192661293416778e-01 5.693351302134711522e-01
3.049000000000000000e+03 1.000000000000000000e+00 1.000000000000000000e+00 1.000000000000000000e+00 4.574530959604791169e-01 2.734131015947359744e-01
3.049000000000000000e+03 1.009197985282566101e+00 9.898451693527561268e-01 7.996369567968695247e-01 4.574530959604791169e-01 2.734131015947359744e-01
3.050000000000000000e+03 1.000000000000000000e+00 1.000000000000000000e+00 1.000000000000000000e+00 8.052127825011603512e-01 4.426892770053895143e-01
3.050000000000000000e+03 1.013796977923849152e+00 9.847677540291343012e-01 6.994554351953042870e-01 8.052127825011603512e-01 4.426892770053895143e-01
3.051000000000000000e+03 1.000000000000000000e+00 1.000000000000000000e+00 1.000000000000000000e+00 3.520389856906324111e-01 5.277830850844312804e-01
3.051000000000000000e+03 1.018395970565132203e+00 9.796903387055123646e-01 5.992739135937390493e-01 3.520389856906324111e-01 5.277830850844312804e-01
3.052000000000000000e+03 1.000000000000000000e+00 1.000000000000000000e+00 1.000000000000000000e+00 4.376000209569113064e-01 5.912515982747026388e-01
3.052000000000000000e+03 1.004598992641283051e+00 9.949225846763780634e-01 8.998184783984347623e-01 4.376000209569113064e-01 5.912515982747026388e-01
3.053000000000000000e+03 1.000000000000000000e+00 1.000000000000000000e+00 1.000000000000000000e+00 6.527145776863717552e-01 2.766754170845968641e-01
3.053000000000000000e+03 1.009197985282566101e+00 9.898451693527561268e-01 7.996369567968695247e-01 6.527145776863717552e-01 2.766754170845968641e-01
3.054000000000000000e+03 1.000000000000000000e+00 1.000000000000000000e+00 1.000000000000000000e+00 3.427119094049471126e-01 3.924427216352697756e-01
3.054000000000000000e+03 1.013796977923849152e+00 9.847677540291343012e-01 6.994554351953042870e-01 3.427119094049471126e-01 3.924427216352697756e-01
3.055000000000000000e+03 1.000000000000000000e+00 1.000000000000000000e+00 1.000000000000000000e+00 5.252151059543525013e-01 5.172426797214471073e-01
3.055000000000000000e+03 1.018395970565132203e+00 9.796903387055123646e-01 5.992739135937390493e-01 5.252151059543525013e-01 5.172426797214471073e-01
3.056000000000000000e+03 1.000000000000000000e+00 1.000000000000000000e+00 1.000000000000000000e+00 5.188973132402026067e-01 5.080663265844677090e-01
3.056000000000000000e+03 1.004598992641283051e+00 9.949225846763780634e-01 8.998184783984347623e-01 5.188973132402026067e-01 5.080663265844677090e-01
3.057000000000000000e+03 1.000000000000000000e+00 1.000000000000000000e+00 1.000000000000000000e+00 3.339479433532010488e-01 4.291206055638601136e-01
3.057000000000000000e+03 1.009197985282566101e+00 9.898451693527561268e-01 7.996369567968695247e-01 3.339479433532010488e-01 4.291206055638601136e-01
3.058000000000000000e+03 1.000000000000000000e+00 1.000000000000000000e+00 1.000000000000000000e+00 6.022859283619759196e-01 2.603705716499028489e-01
3.058000000000000000e+03 1.013796977923849152e+00 9.847677540291343012e-01 6.994554351953042870e-01 6.022859283619759196e-01 2.603705716499028489e-01
3.059000000000000000e+03 1.000000000000000000e+00 1.000000000000000000e+00 1.000000000000000000e+00 4.605271394896962023e-01 5.924746849435007512e-01
3.059000000000000000e+03 1.018395970565132203e+00 9.796903387055123646e-01 5.992739135937390493e-01 4.605271394896962023e-01 5.924746849435007512e-01
