1.340000000000000000e+03 1.000000000000000000e+00 1.000000000000000000e+00 1.000000000000000000e+00 4.874491369482789604e-01 5.864372980878014285e-01
1.340000000000000000e+03 9.930689087735692366e-01 9.921262846554864678e-01 9.141892595807185051e-01 4.874491369482789604e-01 5.864372980878014285e-01
1.341000000000000000e+03 1.000000000000000000e+00 1.000000000000000000e+00 1.000000000000000000e+00 5.355420683557681194e-01 2.552231791180863962e-01
1.341000000000000000e+03 9.861378175471384733e-01 9.842525693109729357e-01 8.283785191614370103e-01 5.355420683557681194e-01 2.552231791180863962e-01
1.342000000000000000e+03 1.000000000000000000e+00 1.000000000000000000e+00 1.000000000000000000e+00 3.343929405151424561e-01 4.759535342962554205e-01
1.342000000000000000e+03 9.792067263207075989e-01 9.763788539664595145e-01 7.425677787421556264e-01 3.343929405151424561e-01 4.759535342962554205e-01
1.343000000000000000e+03 1.000000000000000000e+00 1.000000000000000000e+00 1.000000000000000000e+00 5.072675366907454242e-01 5.010552603996974996e-01
1.343000000000000000e+03 9.722756350942768355e-01 9.685051386219459824e-01 6.567570383228741315e-01 5.072675366907454242e-01 5.010552603996974996e-01
1.344000000000000000e+03 1.000000000000000000e+00 1.000000000000000000e+00 1.000000000000000000e+00 5.096604514341822600e-01 5.018907914084598243e-01
1.344000000000000000e+03 9.930689087735692366e-01 9.921262846554864678e-01 9.141892595807185051e-01 5.096604514341822600e-01 5.018907914084598243e-01
1.345000000000000000e+03 1.000000000000000000e+00 1.000000000000000000e+00 1.000000000000000000e+00 3.333188776356169614e-01 4.673763450635573524e-01
1.345000000000000000e+03 9.861378175471384733e-01 9.842525693109729357e-01 8.283785191614370103e-01 3.333188776356169614e-01 4.673763450635573524e-01
1.346000000000000000e+03 1.000000000000000000e+00 1.000000000000000000e+00 1.000000000000000000e+00 5.479900867004340315e-01 2.548085421705166276e-01
1.346000000000000000e+03 9.792067263207075989e-01 9.763788539664595145e-01 7.425677787421556264e-01 5.479900867004340315e-01 2.548085421705166276e-01
1.347000000000000000e+03 1.000000000000000000e+00 1.000000000000000000e+00 1.000000000000000000e+00 4.827427768275487363e-01 5.881707868992825938e-01
1.347000000000000000e+03 9.722756350942768355e-01 9.685051386219459824e-01 6.567570383228741315e-01 4.827427768275487363e-01 5.881707868992825938e-01
1.348000000000000000e+03 1.000000000000000000e+00 1.000000000000000000e+00 1.000000000000000000e+00 3.922606897994924124e-01 5.724682030381691433e-01
1.348000000000000000e+03 9.930689087735692366e-01 9.921262846554864678e-01 9.141892595807185051e-01 3.922606897994924124e-01 5.724682030381691433e-01
1.349000000000000000e+03 1.000000000000000000e+00 1.000000000000000000e+00 1.000000000000000000e+00 7.405011076076312149e-01 3.382328319665418581e-01
1.349000000000000000e+03 9.861378175471384733e-01 9.842525693109729357e-01 8.283785191614370103e-01 7.405011076076312149e-01 3.382328319665418581e-01
1.350000000000000000e+03 1.000000000000000000e+00 1.000000000000000000e+00 1.000000000000000000e+00 3.828823144641864129e-01 3.258797910959305710e-01
1.350000000000000000e+03 9.792067263207075989e-01 9.763788539664595145e-01 7.425677787421556264e-01 3.828823144641864129e-01 3.258797910959305710e-01
1.351000000000000000e+03 1.000000000000000000e+00 1.000000000000000000e+00 1.000000000000000000e+00 5.278187205405245885e-01 5.413584114969457461e-01
1.351000000000000000e+03 9.722756350942768355e-01 9.685051386219459824e-01 6.567570383228741315e-01 5.278187205405245885e-01 5.413584114969457461e-01
1.352000000000000000e+03 1.000000000000000000e+00 1.000000000000000000e+00 1.000000000000000000e+00 5.138359358735821170e-01 5.684595960590231867e-01
1.352000000000000000e+03 9.930689087735692366e-01 9.921262846554864678e-01 9.141892595807185051e-01 5.138359358735821170e-01 5.684595960590231867e-01
1.353000000000000000e+03 1.000000000000000000e+00 1.000000000000000000e+00 1.000000000000000000e+00 4.544683184115453911e-01 2.747112621860779980e-01
1.353000000000000000e+03 9.861378175471384733e-01 9.842525693109729357e-01 8.283785191614370103e-01 4.544683184115453911e-01 2.747112621860779980e-01
1.354000000000000000e+03 1.000000000000000000e+00 1.000000000000000000e+00 1.000000000000000000e+00 8.037033086913714097e-01 4.386204455541091174e-01
1.354000000000000000e+03 9.792067263207075989e-01 9.763788539664595145e-01 7.425677787421556264e-01 8.037033086913714097e-01 4.386204455541091174e-01
1.355000000000000000e+03 1.000000000000000000e+00 1.000000000000000000e+00 1.000000000000000000e+00 3.531258330635274056e-01 5.296838087310183907e-01
1.355000000000000000e+03 9.722756350942768355e-01 9.685051386219459824e-01 6.567570383228741315e-01 3.531258330635274056e-01 5.296838087310183907e-01
1.356000000000000000e+03 1.000000000000000000e+00 1.000000000000000000e+00 1.000000000000000000e+00 4.392545712464438479e-01 5.915185352789757989e-01
1.356000000000000000e+03 9.930689087735692366e-01 9.921262846554864678e-01 9.141892595807185051e-01 4.392545712464438479e-01 5.915185352789757989e-01
1.357000000000000000e+03 1.000000000000000000e+00 1.000000000000000000e+00 1.000000000000000000e+00 6.492281016463605781e-01 2.751742383687181270e-01
1.357000000000000000e+03 9.861378175471384733e-01 9.842525693109729357e-01 8.283785191614370103e-01 6.492281016463605781e-01 2.751742383687181270e-01
1.358000000000000000e+03 1.000000000000000000e+00 1.000000000000000000e+00 1.000000000000000000e+00 3.418278515448711641e-01 3.950132348000416904e-01
1.358000000000000000e+03 9.792067263207075989e-01 9.763788539664595145e-01 7.425677787421556264e-01 3.418278515448711641e-01 3.950132348000416904e-01
1.359000000000000000e+03 1.000000000000000000e+00 1.000000000000000000e+00 1.000000000000000000e+00 5.248649221028227618e-01 5.165040923071539947e-01
1.359000000000000000e+03 9.722756350942768355e-01 9.685051386219459824e-01 6.567570383228741315e-01 5.248649221028227618e-01 5.165040923071539947e-01
