4.700000000000000000e+03 1.000000000000000000e+00 1.000000000000000000e+00 1.000000000000000000e+00 4.648835440523313434e-01 5.920861604688679725e-01
4.700000000000000000e+03 9.371268494693467677e-01 1.012851770908958171e+00 1.005545513235726718e+00 4.648835440523313434e-01 5.920861604688679725e-01
4.701000000000000000e+03 1.000000000000000000e+00 1.000000000000000000e+00 1.000000000000000000e+00 5.921267625515729272e-01 2.584152611401358546e-01
4.701000000000000000e+03 8.742536989386936463e-01 1.025703541817916342e+00 1.011091026471453436e+00 5.921267625515729272e-01 2.584152611401358546e-01
4.702000000000000000e+03 1.000000000000000000e+00 1.000000000000000000e+00 1.000000000000000000e+00 3.331645503356339688e-01 4.363783907503791526e-01
4.702000000000000000e+03 8.113805484080405250e-01 1.038555312726874291e+00 1.016636539707180376e+00 3.331645503356339688e-01 4.363783907503791526e-01
4.703000000000000000e+03 1.000000000000000000e+00 1.000000000000000000e+00 1.000000000000000000e+00 5.173368712733699137e-01 5.066113026457164104e-01
4.703000000000000000e+03 7.485073978773872927e-01 1.051407083635832462e+00 1.022182052942907093e+00 5.173368712733699137e-01 5.066113026457164104e-01
4.704000000000000000e+03 1.000000000000000000e+00 1.000000000000000000e+00 1.000000000000000000e+00 5.130774514444588208e-01 5.035650830201381378e-01
4.704000000000000000e+03 9.371268494693467677e-01 1.012851770908958171e+00 1.005545513235726718e+00 5.130774514444588208e-01 5.035650830201381378e-01
4.705000000000000000e+03 1.000000000000000000e+00 1.000000000000000000e+00 1.000000000000000000e+00 3.325558594589894668e-01 4.543525537219771926e-01
4.705000000000000000e+03 8.742536989386936463e-01 1.025703541817916342e+00 1.011091026471453436e+00 3.325558594589894668e-01 4.543525537219771926e-01
4.706000000000000000e+03 1.000000000000000000e+00 1.000000000000000000e+00 1.000000000000000000e+00 5.666886279069650589e-01 2.553725149107136660e-01
4.706000000000000000e+03 8.113805484080405250e-01 1.038555312726874291e+00 1.016636539707180376e+00 5.666886279069650589e-01 2.553725149107136660e-01
4.707000000000000000e+03 1.000000000000000000e+00 1.000000000000000000e+00 1.000000000000000000e+00 4.753937353509194996e-01 5.902607959927346215e-01
4.707000000000000000e+03 7.485073978773872927e-01 1.051407083635832462e+00 1.022182052942907093e+00 4.753937353509194996e-01 5.902607959927346215e-01
4.708000000000000000e+03 1.000000000000000000e+00 1.000000000000000000e+00 1.000000000000000000e+00 3.840491082158328795e-01 5.662740163840929153e-01
4.708000000000000000e+03 9.371268494693467677e-01 1.012851770908958171e+00 1.005545513235726718e+00 3.840491082158328795e-01 5.662740163840929153e-01
4.709000000000000000e+03 1.000000000000000000e+00 1.000000000000000000e+00 1.000000000000000000e+00 7.548613488616601197e-01 3.543289753944256493e-01
4.709000000000000000e+03 8.742536989386936463e-01 1.025703541817916342e+00 1.011091026471453436e+00 7.548613488616601197e-01 3.543289753944256493e-01
4.710000000000000000e+03 1.000000000000000000e+00 1.000000000000000000e+00 1.000000000000000000e+00 3.940274795051663670e-01 3.145938796770864077e-01
4.710000000000000000e+03 8.113805484080405250e-01 1.038555312726874291e+00 1.016636539707180376e+00 3.940274795051663670e-01 3.145938796770864077e-01
4.711000000000000000e+03 1.000000000000000000e+00 1.000000000000000000e+00 1.000000000000000000e+00 5.265755122733523086e-01 5.464956632454206487e-01
4.711000000000000000e+03 7.485073978773872927e-01 1.051407083635832462e+00 1.022182052942907093e+00 5.265755122733523086e-01 5.464956632454206487e-01
4.712000000000000000e+03 1.000000000000000000e+00 1.000000000000000000e+00 1.000000000000000000e+00 5.092837693960835521e-01 5.729664558480332959e-01
4.712000000000000000e+03 9.371268494693467677e-01 1.012851770908958171e+00 1.005545513235726718e+00 5.092837693960835521e-01 5.729664558480332959e-01
4.713000000000000000e+03 1.000000000000000000e+00 1.000000000000000000e+00 1.000000000000000000e+00 4.705216902712778815e-01 2.683130963805675506e-01
4.713000000000000000e+03 8.742536989386936463e-01 1.025703541817916342e+00 1.011091026471453436e+00 4.705216902712778815e-01 2.683130963805675506e-01
4.714000000000000000e+03 1.000000000000000000e+00 1.000000000000000000e+00 1.000000000000000000e+00 8.110471275051320816e-01 4.604244201049585428e-01
4.714000000000000000e+03 8.113805484080405250e-01 1.038555312726874291e+00 1.016636539707180376e+00 8.110471275051320816e-01 4.604244201049585428e-01
4.715000000000000000e+03 1.000000000000000000e+00 1.000000000000000000e+00 1.000000000000000000e+00 3.476733202662670719e-01 5.193810395624027798e-01
4.715000000000000000e+03 7.485073978773872927e-01 1.051407083635832462e+00 1.022182052942907093e+00 3.476733202662670719e-01 5.193810395624027798e-01
4.716000000000000000e+03 1.000000000000000000e+00 1.000000000000000000e+00 1.000000000000000000e+00 4.304813884356576970e-01 5.897876923603049271e-01
4.716000000000000000e+03 9.371268494693467677e-01 1.012851770908958171e+00 1.005545513235726718e+00 4.304813884356576970e-01 5.897876923603049271e-01
4.717000000000000000e+03 1.000000000000000000e+00 1.000000000000000000e+00 1.000000000000000000e+00 6.674712200843098131e-01 2.837003062954195354e-01
4.717000000000000000e+03 8.742536989386936463e-01 1.025703541817916342e+00 1.011091026471453436e+00 6.674712200843098131e-01 2.837003062954195354e-01
4.718000000000000000e+03 1.000000000000000000e+00 1.000000000000000000e+00 1.000000000000000000e+00 3.469563069675573597e-01 3.815050841756738587e-01
4.718000000000000000e+03 8.113805484080405250e-01 1.038555312726874291e+00 1.016636539707180376e+00 3.469563069675573597e-01 3.815050841756738587e-01
4.719000000000000000e+03 1.000000000000000000e+00 1.000000000000000000e+00 1.000000000000000000e+00 5.265316916881671583e-01 5.205423073043584647e-01
4.719000000000000000e+03 7.485073978773872927e-01 1.051407083635832462e+00 1.022182052942907093e+00 5.265316916881671583e-01 5.205423073043584647e-01
