1.080000000000000000e+03 1.000000000000000000e+00 1.000000000000000000e+00 1.000000000000000000e+00 5.285203559857948319e-01 5.354118132973452182e-01
1.080000000000000000e+03 1.009062519332125873e+00 1.017643270053135485e+00 9.044158144658840381e-01 5.285203559857948319e-01 5.354118132973452182e-01
1.081000000000000000e+03 1.000000000000000000e+00 1.000000000000000000e+00 1.000000000000000000e+00 3.711193535349820438e-01 3.399775447216186741e-01
1.081000000000000000e+03 1.018125038664251747e+00 1.035286540106270969e+00 8.088316289317680763e-01 3.711193535349820438e-01 3.399775447216186741e-01
1.082000000000000000e+03 1.000000000000000000e+00 1.000000000000000000e+00 1.000000000000000000e+00 7.223277762688993242e-01 3.209392082953704817e-01
1.082000000000000000e+03 1.027187557996377620e+00 1.052929810159406676e+00 7.132474433976521144e-01 7.223277762688993242e-01 3.209392082953704817e-01
1.083000000000000000e+03 1.000000000000000000e+00 1.000000000000000000e+00 1.000000000000000000e+00 4.022828657121366724e-01 5.787005012254063940e-01
1.083000000000000000e+03 1.036250077328503494e+00 1.070573080212542161e+00 6.176632578635361526e-01 4.022828657121366724e-01 5.787005012254063940e-01
1.084000000000000000e+03 1.000000000000000000e+00 1.000000000000000000e+00 1.000000000000000000e+00 4.908401068044727644e-01 5.849764884142021337e-01
1.084000000000000000e+03 1.009062519332125873e+00 1.017643270053135485e+00 9.044158144658840381e-01 4.908401068044727644e-01 5.849764884142021337e-01
1.085000000000000000e+03 1.000000000000000000e+00 1.000000000000000000e+00 1.000000000000000000e+00 5.263074811886165882e-01 2.559450396732877442e-01
1.085000000000000000e+03 1.018125038664251747e+00 1.035286540106270969e+00 8.088316289317680763e-01 5.263074811886165882e-01 2.559450396732877442e-01
1.086000000000000000e+03 1.000000000000000000e+00 1.000000000000000000e+00 1.000000000000000000e+00 3.354842756295428052e-01 4.822663128079280326e-01
1.086000000000000000e+03 1.027187557996377620e+00 1.052929810159406676e+00 7.132474433976521144e-01 3.354842756295428052e-01 4.822663128079280326e-01
1.087000000000000000e+03 1.000000000000000000e+00 1.000000000000000000e+00 1.000000000000000000e+00 5.054372524579471282e-01 5.005860991989825592e-01
1.087000000000000000e+03 1.036250077328503494e+00 1.070573080212542161e+00 6.176632578635361526e-01 5.054372524579471282e-01 5.005860991989825592e-01
1.088000000000000000e+03 1.000000000000000000e+00 1.000000000000000000e+00 1.000000000000000000e+00 5.078714048787301705e-01 5.012417575438073980e-01
1.088000000000000000e+03 1.009062519332125873e+00 1.017643270053135485e+00 9.044158144658840381e-01 5.078714048787301705e-01 5.012417575438073980e-01
1.089000000000000000e+03 1.000000000000000000e+00 1.000000000000000000e+00 1.000000000000000000e+00 3.340831324581382544e-01 4.738256988315101559e-01
1.089000000000000000e+03 1.018125038664251747e+00 1.035286540106270969e+00 8.088316289317680763e-01 3.340831324581382544e-01 4.738256988315101559e-01
1.090000000000000000e+03 1.000000000000000000e+00 1.000000000000000000e+00 1.000000000000000000e+00 5.386405729808309006e-01 2.550604011265724669e-01
1.090000000000000000e+03 1.027187557996377620e+00 1.052929810159406676e+00 7.132474433976521144e-01 5.386405729808309006e-01 2.550604011265724669e-01
1.091000000000000000e+03 1.000000000000000000e+00 1.000000000000000000e+00 1.000000000000000000e+00 4.862919706438513789e-01 5.868941362102959580e-01
1.091000000000000000e+03 1.036250077328503494e+00 1.070573080212542161e+00 6.176632578635361526e-01 4.862919706438513789e-01 5.868941362102959580e-01
1.092000000000000000e+03 1.000000000000000000e+00 1.000000000000000000e+00 1.000000000000000000e+00 3.965172792623882225e-01 5.752816543741166022e-01
1.092000000000000000e+03 1.009062519332125873e+00 1.017643270053135485e+00 9.044158144658840381e-01 3.965172792623882225e-01 5.752816543741166022e-01
1.093000000000000000e+03 1.000000000000000000e+00 1.000000000000000000e+00 1.000000000000000000e+00 7.328677097917196681e-01 3.305932979102599867e-01
1.093000000000000000e+03 1.018125038664251747e+00 1.035286540106270969e+00 8.088316289317680763e-01 7.328677097917196681e-01 3.305932979102599867e-01
1.094000000000000000e+03 1.000000000000000000e+00 1.000000000000000000e+00 1.000000000000000000e+00 3.776558217680716645e-01 3.318247847353342772e-01
1.094000000000000000e+03 1.027187557996377620e+00 1.052929810159406676e+00 7.132474433976521144e-01 3.776558217680716645e-01 3.318247847353342772e-01
1.095000000000000000e+03 1.000000000000000000e+00 1.000000000000000000e+00 1.000000000000000000e+00 5.282191305163049799e-01 5.387902262105577211e-01
1.095000000000000000e+03 1.036250077328503494e+00 1.070573080212542161e+00 6.176632578635361526e-01 5.282191305163049799e-01 5.387902262105577211e-01
1.096000000000000000e+03 1.000000000000000000e+00 1.000000000000000000e+00 1.000000000000000000e+00 5.159075393724752434e-01 5.660810197233339114e-01
1.096000000000000000e+03 1.009062519332125873e+00 1.017643270053135485e+00 9.044158144658840381e-01 5.159075393724752434e-01 5.660810197233339114e-01
1.097000000000000000e+03 1.000000000000000000e+00 1.000000000000000000e+00 1.000000000000000000e+00 4.466457472541577878e-01 2.783627407440362189e-01
1.097000000000000000e+03 1.018125038664251747e+00 1.035286540106270969e+00 8.088316289317680763e-01 4.466457472541577878e-01 2.783627407440362189e-01
1.098000000000000000e+03 1.000000000000000000e+00 1.000000000000000000e+00 1.000000000000000000e+00 7.994153790222786604e-01 4.279223905674742756e-01
1.098000000000000000e+03 1.027187557996377620e+00 1.052929810159406676e+00 7.132474433976521144e-01 7.994153790222786604e-01 4.279223905674742756e-01
1.099000000000000000e+03 1.000000000000000000e+00 1.000000000000000000e+00 1.000000000000000000e+00 3.561408605103510983e-01 5.346308960591587001e-01
1.099000000000000000e+03 1.036250077328503494e+00 1.070573080212542161e+00 6.176632578635361526e-01 3.561408605103510983e-01 5.346308960591587001e-01
