4.240000000000000000e+03 1.000000000000000000e+00 1.000000000000000000e+00 1.000000000000000000e+00 5.266510622309529266e-01 5.208975422268273814e-01
4.240000000000000000e+03 9.937029199057163531e-01 9.937856425418443163e-01 8.913246490069182126e-01 5.266510622309529266e-01 5.208975422268273814e-01
4.241000000000000000e+03 1.000000000000000000e+00 1.000000000000000000e+00 1.000000000000000000e+00 3.474403438844068104e-01 3.803754301363966861e-01
4.241000000000000000e+03 9.874058398114325952e-01 9.875712850836886325e-01 7.826492980138365363e-01 3.474403438844068104e-01 3.803754301363966861e-01
4.242000000000000000e+03 1.000000000000000000e+00 1.000000000000000000e+00 1.000000000000000000e+00 6.689880836819912524e-01 2.844860469420866789e-01
4.242000000000000000e+03 9.811087597171488373e-01 9.813569276255329488e-01 6.739739470207548599e-01 6.689880836819912524e-01 2.844860469420866789e-01
4.243000000000000000e+03 1.000000000000000000e+00 1.000000000000000000e+00 1.000000000000000000e+00 4.297389439547846801e-01 5.896053591732730581e-01
4.243000000000000000e+03 9.748116796228651904e-01 9.751425701673772650e-01 5.652985960276730726e-01 4.297389439547846801e-01 5.896053591732730581e-01
4.244000000000000000e+03 1.000000000000000000e+00 1.000000000000000000e+00 1.000000000000000000e+00 3.472470308965605601e-01 5.184835553734618019e-01
4.244000000000000000e+03 9.937029199057163531e-01 9.937856425418443163e-01 8.913246490069182126e-01 3.472470308965605601e-01 5.184835553734618019e-01
4.245000000000000000e+03 1.000000000000000000e+00 1.000000000000000000e+00 1.000000000000000000e+00 8.115943403772876152e-01 4.622961748094019385e-01
4.245000000000000000e+03 9.874058398114325952e-01 9.875712850836886325e-01 7.826492980138365363e-01 8.115943403772876152e-01 4.622961748094019385e-01
4.246000000000000000e+03 1.000000000000000000e+00 1.000000000000000000e+00 1.000000000000000000e+00 4.719063097179700406e-01 2.678263452596364447e-01
4.246000000000000000e+03 9.811087597171488373e-01 9.813569276255329488e-01 6.739739470207548599e-01 4.719063097179700406e-01 2.678263452596364447e-01
4.247000000000000000e+03 1.000000000000000000e+00 1.000000000000000000e+00 1.000000000000000000e+00 5.088734204648936998e-01 5.733322834665153245e-01
4.247000000000000000e+03 9.748116796228651904e-01 9.751425701673772650e-01 5.652985960276730726e-01 5.088734204648936998e-01 5.733322834665153245e-01
4.248000000000000000e+03 1.000000000000000000e+00 1.000000000000000000e+00 1.000000000000000000e+00 5.264431246092615702e-01 5.469301081402889730e-01
4.248000000000000000e+03 9.937029199057163531e-01 9.937856425418443163e-01 8.913246490069182126e-01 5.264431246092615702e-01 5.469301081402889730e-01
4.249000000000000000e+03 1.000000000000000000e+00 1.000000000000000000e+00 1.000000000000000000e+00 3.950137003366879229e-01 3.136748788483813000e-01
4.249000000000000000e+03 9.874058398114325952e-01 9.875712850836886325e-01 7.826492980138365363e-01 3.950137003366879229e-01 3.136748788483813000e-01
4.250000000000000000e+03 1.000000000000000000e+00 1.000000000000000000e+00 1.000000000000000000e+00 7.560226276572836746e-01 3.557421128096626139e-01
4.250000000000000000e+03 9.811087597171488373e-01 9.813569276255329488e-01 6.739739470207548599e-01 7.560226276572836746e-01 3.557421128096626139e-01
4.251000000000000000e+03 1.000000000000000000e+00 1.000000000000000000e+00 1.000000000000000000e+00 3.833723853540461080e-01 5.657147121362867681e-01
4.251000000000000000e+03 9.748116796228651904e-01 9.751425701673772650e-01 5.652985960276730726e-01 3.833723853540461080e-01 5.657147121362867681e-01
4.252000000000000000e+03 1.000000000000000000e+00 1.000000000000000000e+00 1.000000000000000000e+00 4.747563282023391507e-01 5.904091030999210066e-01
4.252000000000000000e+03 9.937029199057163531e-01 9.937856425418443163e-01 8.913246490069182126e-01 4.747563282023391507e-01 5.904091030999210066e-01
4.253000000000000000e+03 1.000000000000000000e+00 1.000000000000000000e+00 1.000000000000000000e+00 5.682724190649179885e-01 2.554853262395396230e-01
4.253000000000000000e+03 9.874058398114325952e-01 9.875712850836886325e-01 7.826492980138365363e-01 5.682724190649179885e-01 2.554853262395396230e-01
4.254000000000000000e+03 1.000000000000000000e+00 1.000000000000000000e+00 1.000000000000000000e+00 3.325381115698093359e-01 4.532419545687105256e-01
4.254000000000000000e+03 9.811087597171488373e-01 9.813569276255329488e-01 6.739739470207548599e-01 3.325381115698093359e-01 4.532419545687105256e-01
4.255000000000000000e+03 1.000000000000000000e+00 1.000000000000000000e+00 1.000000000000000000e+00 5.133563177696512936e-01 5.037292981640323353e-01
4.255000000000000000e+03 9.748116796228651904e-01 9.751425701673772650e-01 5.652985960276730726e-01 5.133563177696512936e-01 5.037292981640323353e-01
4.256000000000000000e+03 1.000000000000000000e+00 1.000000000000000000e+00 1.000000000000000000e+00 5.175872794155055301e-01 5.068306930044536029e-01
4.256000000000000000e+03 9.937029199057163531e-01 9.937856425418443163e-01 8.913246490069182126e-01 5.175872794155055301e-01 5.068306930044536029e-01
4.257000000000000000e+03 1.000000000000000000e+00 1.000000000000000000e+00 1.000000000000000000e+00 3.332667651271225551e-01 4.352427675623329328e-01
4.257000000000000000e+03 9.874058398114325952e-01 9.875712850836886325e-01 7.826492980138365363e-01 3.332667651271225551e-01 4.352427675623329328e-01
4.258000000000000000e+03 1.000000000000000000e+00 1.000000000000000000e+00 1.000000000000000000e+00 5.937205021542738548e-01 2.586937873984366254e-01
4.258000000000000000e+03 9.811087597171488373e-01 9.813569276255329488e-01 6.739739470207548599e-01 5.937205021542738548e-01 2.586937873984366254e-01
4.259000000000000000e+03 1.000000000000000000e+00 1.000000000000000000e+00 1.000000000000000000e+00 4.642060372789396094e-01 5.921602571441915153e-01
4.259000000000000000e+03 9.748116796228651904e-01 9.751425701673772650e-01 5.652985960276730726e-01 4.642060372789396094e-01 5.921602571441915153e-01
