3.300000000000000000e+03 1.000000000000000000e+00 1.000000000000000000e+00 1.000000000000000000e+00 3.882460536694052333e-01 5.695723337967699695e-01
3.300000000000000000e+03 1.003847529827317064e+00 1.006568961925154548e+00 9.350103351637193416e-01 3.882460536694052333e-01 5.695723337967699695e-01
3.301000000000000000e+03 1.000000000000000000e+00 1.000000000000000000e+00 1.000000000000000000e+00 7.475830751644569894e-01 3.458673459564735042e-01
3.301000000000000000e+03 1.007695059654634351e+00 1.013137923850309097e+00 8.700206703274386832e-01 7.475830751644569894e-01 3.458673459564735042e-01
3.302000000000000000e+03 1.000000000000000000e+00 1.000000000000000000e+00 1.000000000000000000e+00 3.881475060798517673e-01 3.203314892524741220e-01
3.302000000000000000e+03 1.011542589481951637e+00 1.019706885775463645e+00 8.050310054911579138e-01 3.881475060798517673e-01 3.203314892524741220e-01
3.303000000000000000e+03 1.000000000000000000e+00 1.000000000000000000e+00 1.000000000000000000e+00 5.272921736733916509e-01 5.438393819136635443e-01
3.303000000000000000e+03 1.015390119309268702e+00 1.026275847700618193e+00 7.400413406548772555e-01 5.272921736733916509e-01 5.438393819136635443e-01
3.304000000000000000e+03 1.000000000000000000e+00 1.000000000000000000e+00 1.000000000000000000e+00 5.117060744987645959e-01 5.706777685713124715e-01
3.304000000000000000e+03 1.003847529827317064e+00 1.006568961925154548e+00 9.350103351637193416e-01 5.117060744987645959e-01 5.706777685713124715e-01
3.305000000000000000e+03 1.000000000000000000e+00 1.000000000000000000e+00 1.000000000000000000e+00 4.621499335999595948e-01 2.714726457863234632e-01
3.305000000000000000e+03 1.007695059654634351e+00 1.013137923850309097e+00 8.700206703274386832e-01 4.621499335999595948e-01 2.714726457863234632e-01
3.306000000000000000e+03 1.000000000000000000e+00 1.000000000000000000e+00 1.000000000000000000e+00 8.074521470348585694e-01 4.490779376493216901e-01
3.306000000000000000e+03 1.011542589481951637e+00 1.019706885775463645e+00 8.050310054911579138e-01 8.074521470348585694e-01 4.490779376493216901e-01
3.307000000000000000e+03 1.000000000000000000e+00 1.000000000000000000e+00 1.000000000000000000e+00 3.503974386075055514e-01 5.247780704494023896e-01
3.307000000000000000e+03 1.015390119309268702e+00 1.026275847700618193e+00 7.400413406548772555e-01 3.503974386075055514e-01 5.247780704494023896e-01
3.308000000000000000e+03 1.000000000000000000e+00 1.000000000000000000e+00 1.000000000000000000e+00 4.350182356096118363e-01 5.907799506890299979e-01
3.308000000000000000e+03 1.003847529827317064e+00 1.006568961925154548e+00 9.350103351637193416e-01 4.350182356096118363e-01 5.907799506890299979e-01
3.309000000000000000e+03 1.000000000000000000e+00 1.000000000000000000e+00 1.000000000000000000e+00 6.581116828449120604e-01 2.791169429350893738e-01
3.309000000000000000e+03 1.007695059654634351e+00 1.013137923850309097e+00 8.700206703274386832e-01 6.581116828449120604e-01 2.791169429350893738e-01
3.310000000000000000e+03 1.000000000000000000e+00 1.000000000000000000e+00 1.000000000000000000e+00 3.441684961230297435e-01 3.884532763823498325e-01
3.310000000000000000e+03 1.011542589481951637e+00 1.019706885775463645e+00 8.050310054911579138e-01 3.441684961230297435e-01 3.884532763823498325e-01
3.311000000000000000e+03 1.000000000000000000e+00 1.000000000000000000e+00 1.000000000000000000e+00 5.257283975010896837e-01 5.184168051631260488e-01
3.311000000000000000e+03 1.015390119309268702e+00 1.026275847700618193e+00 7.400413406548772555e-01 5.257283975010896837e-01 5.184168051631260488e-01
3.312000000000000000e+03 1.000000000000000000e+00 1.000000000000000000e+00 1.000000000000000000e+00 5.197162266666628394e-01 5.089211577959029675e-01
3.312000000000000000e+03 1.003847529827317064e+00 1.006568961925154548e+00 9.350103351637193416e-01 5.197162266666628394e-01 5.089211577959029675e-01
3.313000000000000000e+03 1.000000000000000000e+00 1.000000000000000000e+00 1.000000000000000000e+00 3.345118158845089562e-01 4.251202459369158859e-01
3.313000000000000000e+03 1.007695059654634351e+00 1.013137923850309097e+00 8.700206703274386832e-01 3.345118158845089562e-01 4.251202459369158859e-01
3.314000000000000000e+03 1.000000000000000000e+00 1.000000000000000000e+00 1.000000000000000000e+00 6.078590521966749094e-01 2.616258371600949095e-01
3.314000000000000000e+03 1.011542589481951637e+00 1.019706885775463645e+00 8.050310054911579138e-01 6.078590521966749094e-01 2.616258371600949095e-01
3.315000000000000000e+03 1.000000000000000000e+00 1.000000000000000000e+00 1.000000000000000000e+00 4.580995440705064592e-01 5.926022053910768861e-01
3.315000000000000000e+03 1.015390119309268702e+00 1.026275847700618193e+00 7.400413406548772555e-01 4.580995440705064592e-01 5.926022053910768861e-01
3.316000000000000000e+03 1.000000000000000000e+00 1.000000000000000000e+00 1.000000000000000000e+00 3.674632285133438980e-01 5.499606930925153847e-01
3.316000000000000000e+03 1.003847529827317064e+00 1.006568961925154548e+00 9.350103351637193416e-01 3.674632285133438980e-01 5.499606930925153847e-01
3.317000000000000000e+03 1.000000000000000000e+00 1.000000000000000000e+00 1.000000000000000000e+00 7.822528818036289522e-01 3.936027379866509079e-01
3.317000000000000000e+03 1.007695059654634351e+00 1.013137923850309097e+00 8.700206703274386832e-01 7.822528818036289522e-01 3.936027379866509079e-01
3.318000000000000000e+03 1.000000000000000000e+00 1.000000000000000000e+00 1.000000000000000000e+00 4.218210224470677616e-01 2.926051733548574174e-01
3.318000000000000000e+03 1.011542589481951637e+00 1.019706885775463645e+00 8.050310054911579138e-01 4.218210224470677616e-01 2.926051733548574174e-01
3.319000000000000000e+03 1.000000000000000000e+00 1.000000000000000000e+00 1.000000000000000000e+00 5.217424086320985310e-01 5.576787163281696769e-01
3.319000000000000000e+03 1.015390119309268702e+00 1.026275847700618193e+00 7.400413406548772555e-01 5.217424086320985310e-01 5.576787163281696769e-01
