3.060000000000000000e+03 1.000000000000000000e+00 1.000000000000000000e+00 1.000000000000000000e+00 3.695815800557898934e-01 5.523875921523531130e-01
3.060000000000000000e+03 8.991280172577553742e-01 9.967874402234691011e-01 1.005572327208104744e+00 3.695815800557898934e-01 5.523875921523531130e-01
3.061000000000000000e+03 1.000000000000000000e+00 1.000000000000000000e+00 1.000000000000000000e+00 7.788880831158289109e-01 3.879738371261243213e-01
3.061000000000000000e+03 7.982560345155106374e-01 9.935748804469382023e-01 1.011144654416209487e+00 7.788880831158289109e-01 3.879738371261243213e-01
3.062000000000000000e+03 1.000000000000000000e+00 1.000000000000000000e+00 1.000000000000000000e+00 4.177931224868856042e-01 2.953467484699804912e-01
3.062000000000000000e+03 6.973840517732659006e-01 9.903623206704073034e-01 1.016716981624314231e+00 4.177931224868856042e-01 2.953467484699804912e-01
3.063000000000000000e+03 1.000000000000000000e+00 1.000000000000000000e+00 1.000000000000000000e+00 5.225683067915918301e-01 5.561835883584006490e-01
3.063000000000000000e+03 5.965120690310212748e-01 9.871497608938764046e-01 1.022289308832418975e+00 5.225683067915918301e-01 5.561835883584006490e-01
3.064000000000000000e+03 1.000000000000000000e+00 1.000000000000000000e+00 1.000000000000000000e+00 5.283614582709614815e-01 5.289771764844357627e-01
3.064000000000000000e+03 8.991280172577553742e-01 9.967874402234691011e-01 1.005572327208104744e+00 5.283614582709614815e-01 5.289771764844357627e-01
3.065000000000000000e+03 1.000000000000000000e+00 1.000000000000000000e+00 1.000000000000000000e+00 3.597228065865930025e-01 3.566774334575212868e-01
3.065000000000000000e+03 7.982560345155106374e-01 9.935748804469382023e-01 1.011144654416209487e+00 3.597228065865930025e-01 3.566774334575212868e-01
3.066000000000000000e+03 1.000000000000000000e+00 1.000000000000000000e+00 1.000000000000000000e+00 7.004952615715003272e-01 3.037649390153703832e-01
3.066000000000000000e+03 6.973840517732659006e-01 9.903623206704073034e-01 1.016716981624314231e+00 7.004952615715003272e-01 3.037649390153703832e-01
3.067000000000000000e+03 1.000000000000000000e+00 1.000000000000000000e+00 1.000000000000000000e+00 4.138501284865427898e-01 5.843193258421842673e-01
3.067000000000000000e+03 5.965120690310212748e-01 9.871497608938764046e-01 1.022289308832418975e+00 4.138501284865427898e-01 5.843193258421842673e-01
3.068000000000000000e+03 1.000000000000000000e+00 1.000000000000000000e+00 1.000000000000000000e+00 4.991351151092617289e-01 5.805422314465610301e-01
3.068000000000000000e+03 8.991280172577553742e-01 9.967874402234691011e-01 1.005572327208104744e+00 4.991351151092617289e-01 5.805422314465610301e-01
3.069000000000000000e+03 1.000000000000000000e+00 1.000000000000000000e+00 1.000000000000000000e+00 5.025829103575005785e-01 2.594669926052751707e-01
3.069000000000000000e+03 7.982560345155106374e-01 9.935748804469382023e-01 1.011144654416209487e+00 5.025829103575005785e-01 2.594669926052751707e-01
3.070000000000000000e+03 1.000000000000000000e+00 1.000000000000000000e+00 1.000000000000000000e+00 3.394623805793570703e-01 4.982761023758806584e-01
3.070000000000000000e+03 6.973840517732659006e-01 9.903623206704073034e-01 1.016716981624314231e+00 3.394623805793570703e-01 4.982761023758806584e-01
3.071000000000000000e+03 1.000000000000000000e+00 1.000000000000000000e+00 1.000000000000000000e+00 5.005468434724791305e-01 5.000058721573571452e-01
3.071000000000000000e+03 5.965120690310212748e-01 9.871497608938764046e-01 1.022289308832418975e+00 5.005468434724791305e-01 5.000058721573571452e-01
3.072000000000000000e+03 1.000000000000000000e+00 1.000000000000000000e+00 1.000000000000000000e+00 5.003906135103245445e-01 5.000029960268513873e-01
3.072000000000000000e+03 8.991280172577553742e-01 9.967874402234691011e-01 1.005572327208104744e+00 5.003906135103245445e-01 5.000029960268513873e-01
3.073000000000000000e+03 1.000000000000000000e+00 1.000000000000000000e+00 1.000000000000000000e+00 3.396140926607195132e-01 4.987698313748236689e-01
3.073000000000000000e+03 7.982560345155106374e-01 9.935748804469382023e-01 1.011144654416209487e+00 3.396140926607195132e-01 4.987698313748236689e-01
3.074000000000000000e+03 1.000000000000000000e+00 1.000000000000000000e+00 1.000000000000000000e+00 5.018437549243387474e-01 2.596164457462415975e-01
3.074000000000000000e+03 6.973840517732659006e-01 9.903623206704073034e-01 1.016716981624314231e+00 5.018437549243387474e-01 2.596164457462415975e-01
3.075000000000000000e+03 1.000000000000000000e+00 1.000000000000000000e+00 1.000000000000000000e+00 4.993834176739861408e-01 5.803882604248025157e-01
3.075000000000000000e+03 5.965120690310212748e-01 9.871497608938764046e-01 1.022289308832418975e+00 4.993834176739861408e-01 5.803882604248025157e-01
3.076000000000000000e+03 1.000000000000000000e+00 1.000000000000000000e+00 1.000000000000000000e+00 4.142205515593601062e-01 5.844735983198906526e-01
3.076000000000000000e+03 8.991280172577553742e-01 9.967874402234691011e-01 1.005572327208104744e+00 4.142205515593601062e-01 5.844735983198906526e-01
3.077000000000000000e+03 1.000000000000000000e+00 1.000000000000000000e+00 1.000000000000000000e+00 6.997809477309906434e-01 3.032603865216824124e-01
3.077000000000000000e+03 7.982560345155106374e-01 9.935748804469382023e-01 1.011144654416209487e+00 6.997809477309906434e-01 3.032603865216824124e-01
3.078000000000000000e+03 1.000000000000000000e+00 1.000000000000000000e+00 1.000000000000000000e+00 3.593933941008958799e-01 3.572198019141846759e-01
3.078000000000000000e+03 6.973840517732659006e-01 9.903623206704073034e-01 1.016716981624314231e+00 3.593933941008958799e-01 3.572198019141846759e-01
3.079000000000000000e+03 1.000000000000000000e+00 1.000000000000000000e+00 1.000000000000000000e+00 5.283405907406770741e-01 5.287786987954645745e-01
3.079000000000000000e+03 5.965120690310212748e-01 9.871497608938764046e-01 1.022289308832418975e+00 5.283405907406770741e-01 5.287786987954645745e-01
