9.000000000000000000e+02 1.000000000000000000e+00 1.000000000000000000e+00 1.000000000000000000e+00 4.084975907254699834e-01 5.819159279579154687e-01
9.000000000000000000e+02 1.003032494800328633e+00 9.902857027108212806e-01 9.195238903049416379e-01 4.084975907254699834e-01 5.819159279579154687e-01
9.010000000000000000e+02 1.000000000000000000e+00 1.000000000000000000e+00 1.000000000000000000e+00 7.107116549451644172e-01 3.113640844735023894e-01
9.010000000000000000e+02 1.006064989600657267e+00 9.805714054216425613e-01 8.390477806098832758e-01 7.107116549451644172e-01 3.113640844735023894e-01
9.020000000000000000e+02 1.000000000000000000e+00 1.000000000000000000e+00 1.000000000000000000e+00 3.647240782577935159e-01 3.488929678901526721e-01
9.020000000000000000e+02 1.009097484400985900e+00 9.708571081324638419e-01 7.585716709148249137e-01 3.647240782577935159e-01 3.488929678901526721e-01
9.030000000000000000e+02 1.000000000000000000e+00 1.000000000000000000e+00 1.000000000000000000e+00 5.285559341736244532e-01 5.318977864392127053e-01
9.030000000000000000e+02 1.012129979201314534e+00 9.611428108432851225e-01 6.780955612197665516e-01 5.285559341736244532e-01 5.318977864392127053e-01
9.040000000000000000e+02 1.000000000000000000e+00 1.000000000000000000e+00 1.000000000000000000e+00 5.207976148305422104e-01 5.592694640907981407e-01
9.040000000000000000e+02 1.003032494800328633e+00 9.902857027108212806e-01 9.195238903049416379e-01 5.207976148305422104e-01 5.592694640907981407e-01
9.050000000000000000e+02 1.000000000000000000e+00 1.000000000000000000e+00 1.000000000000000000e+00 4.262253762478774854e-01 2.897555826032882642e-01
9.050000000000000000e+02 1.006064989600657267e+00 9.805714054216425613e-01 8.390477806098832758e-01 4.262253762478774854e-01 2.897555826032882642e-01
9.060000000000000000e+02 1.000000000000000000e+00 1.000000000000000000e+00 1.000000000000000000e+00 7.857318940496685888e-01 3.997368717870873889e-01
9.060000000000000000e+02 1.009097484400985900e+00 9.708571081324638419e-01 7.585716709148249137e-01 7.857318940496685888e-01 3.997368717870873889e-01
9.070000000000000000e+02 1.000000000000000000e+00 1.000000000000000000e+00 1.000000000000000000e+00 3.652430592562450062e-01 5.472861192913323070e-01
9.070000000000000000e+02 1.012129979201314534e+00 9.611428108432851225e-01 6.780955612197665516e-01 3.652430592562450062e-01 5.472861192913323070e-01
9.080000000000000000e+02 1.000000000000000000e+00 1.000000000000000000e+00 1.000000000000000000e+00 4.554725417491602979e-01 5.926699283369191162e-01
9.080000000000000000e+02 1.003032494800328633e+00 9.902857027108212806e-01 9.195238903049416379e-01 4.554725417491602979e-01 5.926699283369191162e-01
9.090000000000000000e+02 1.000000000000000000e+00 1.000000000000000000e+00 1.000000000000000000e+00 6.138224692673439620e-01 2.631142561357172616e-01
9.090000000000000000e+02 1.006064989600657267e+00 9.805714054216425613e-01 8.390477806098832758e-01 6.138224692673439620e-01 2.631142561357172616e-01
9.100000000000000000e+02 1.000000000000000000e+00 1.000000000000000000e+00 1.000000000000000000e+00 3.352221638993990727e-01 4.208250362409081680e-01
9.100000000000000000e+02 1.009097484400985900e+00 9.708571081324638419e-01 7.585716709148249137e-01 3.352221638993990727e-01 4.208250362409081680e-01
9.110000000000000000e+02 1.000000000000000000e+00 1.000000000000000000e+00 1.000000000000000000e+00 5.205620205732374162e-01 5.098799527425875722e-01
9.110000000000000000e+02 1.012129979201314534e+00 9.611428108432851225e-01 6.780955612197665516e-01 5.205620205732374162e-01 5.098799527425875722e-01
9.120000000000000000e+02 1.000000000000000000e+00 1.000000000000000000e+00 1.000000000000000000e+00 5.262348166426031870e-01 5.197077282297831724e-01
9.120000000000000000e+02 1.003032494800328633e+00 9.902857027108212806e-01 9.195238903049416379e-01 5.262348166426031870e-01 5.197077282297831724e-01
9.130000000000000000e+02 1.000000000000000000e+00 1.000000000000000000e+00 1.000000000000000000e+00 3.458392203001320331e-01 3.841936350687978341e-01
9.130000000000000000e+02 1.006064989600657267e+00 9.805714054216425613e-01 8.390477806098832758e-01 3.458392203001320331e-01 3.841936350687978341e-01
9.140000000000000000e+02 1.000000000000000000e+00 1.000000000000000000e+00 1.000000000000000000e+00 6.638556832819118014e-01 2.818762387714996431e-01
9.140000000000000000e+02 1.009097484400985900e+00 9.708571081324638419e-01 7.585716709148249137e-01 6.638556832819118014e-01 2.818762387714996431e-01
9.150000000000000000e+02 1.000000000000000000e+00 1.000000000000000000e+00 1.000000000000000000e+00 4.322429534195073031e-01 5.901977981712355215e-01
9.150000000000000000e+02 1.012129979201314534e+00 9.611428108432851225e-01 6.780955612197665516e-01 4.322429534195073031e-01 5.901977981712355215e-01
9.160000000000000000e+02 1.000000000000000000e+00 1.000000000000000000e+00 1.000000000000000000e+00 3.487067297442927316e-01 5.214943371980510500e-01
9.160000000000000000e+02 1.003032494800328633e+00 9.902857027108212806e-01 9.195238903049416379e-01 3.487067297442927316e-01 5.214943371980510500e-01
9.170000000000000000e+02 1.000000000000000000e+00 1.000000000000000000e+00 1.000000000000000000e+00 8.097025838976747991e-01 4.560003445086930896e-01
9.170000000000000000e+02 1.006064989600657267e+00 9.805714054216425613e-01 8.390477806098832758e-01 8.097025838976747991e-01 4.560003445086930896e-01
9.180000000000000000e+02 1.000000000000000000e+00 1.000000000000000000e+00 1.000000000000000000e+00 4.672530036553210753e-01 2.695020729233089662e-01
9.180000000000000000e+02 1.009097484400985900e+00 9.708571081324638419e-01 7.585716709148249137e-01 4.672530036553210753e-01 2.695020729233089662e-01
9.190000000000000000e+02 1.000000000000000000e+00 1.000000000000000000e+00 1.000000000000000000e+00 5.102416780514230643e-01 5.720886134347235030e-01
9.190000000000000000e+02 1.012129979201314534e+00 9.611428108432851225e-01 6.780955612197665516e-01 5.102416780514230643e-01 5.720886134347235030e-01
