1.640000000000000000e+03 1.000000000000000000e+00 1.000000000000000000e+00 1.000000000000000000e+00 5.096394177283831706e-01 5.726444989480981018e-01
1.640000000000000000e+03 1.001891730100842315e+00 9.026323754062387517e-01 9.988888038450707274e-01 5.096394177283831706e-01 5.726444989480981018e-01
1.641000000000000000e+03 1.000000000000000000e+00 1.000000000000000000e+00 1.000000000000000000e+00 4.693141776791555642e-01 2.687457634765233472e-01
1.641000000000000000e+03 1.003783460201684630e+00 8.052647508124775033e-01 9.977776076901414548e-01 4.693141776791555642e-01 2.687457634765233472e-01
1.642000000000000000e+03 1.000000000000000000e+00 1.000000000000000000e+00 1.000000000000000000e+00 8.105591053111658173e-01 4.587909753829249038e-01
1.642000000000000000e+03 1.005675190302526723e+00 7.078971262187162550e-01 9.966664115352120712e-01 8.105591053111658173e-01 4.587909753829249038e-01
1.643000000000000000e+03 1.000000000000000000e+00 1.000000000000000000e+00 1.000000000000000000e+00 3.480506322642126227e-01 5.201626200246138865e-01
1.643000000000000000e+03 1.007566920403369037e+00 6.105295016249550066e-01 9.955552153802827986e-01 3.480506322642126227e-01 5.201626200246138865e-01
1.644000000000000000e+03 1.000000000000000000e+00 1.000000000000000000e+00 1.000000000000000000e+00 4.311306884216193902e-01 5.899425345667023146e-01
1.644000000000000000e+03 1.001891730100842315e+00 9.026323754062387517e-01 9.988888038450707274e-01 4.311306884216193902e-01 5.899425345667023146e-01
1.645000000000000000e+03 1.000000000000000000e+00 1.000000000000000000e+00 1.000000000000000000e+00 6.661412771732244664e-01 2.830213890246038311e-01
1.645000000000000000e+03 1.003783460201684630e+00 8.052647508124775033e-01 9.977776076901414548e-01 6.661412771732244664e-01 2.830213890246038311e-01
1.646000000000000000e+03 1.000000000000000000e+00 1.000000000000000000e+00 1.000000000000000000e+00 3.465394272289507027e-01 3.824947056241975174e-01
1.646000000000000000e+03 1.005675190302526723e+00 7.078971262187162550e-01 9.966664115352120712e-01 3.465394272289507027e-01 3.824947056241975174e-01
1.647000000000000000e+03 1.000000000000000000e+00 1.000000000000000000e+00 1.000000000000000000e+00 5.264244963623553319e-01 5.202333287809587370e-01
1.647000000000000000e+03 1.007566920403369037e+00 6.105295016249550066e-01 9.955552153802827986e-01 5.264244963623553319e-01 5.202333287809587370e-01
1.648000000000000000e+03 1.000000000000000000e+00 1.000000000000000000e+00 1.000000000000000000e+00 5.208908378945480422e-01 5.102756748501602324e-01
1.648000000000000000e+03 1.001891730100842315e+00 9.026323754062387517e-01 9.988888038450707274e-01 5.208908378945480422e-01 5.102756748501602324e-01
1.649000000000000000e+03 1.000000000000000000e+00 1.000000000000000000e+00 1.000000000000000000e+00 3.355372291925850514e-01 4.191049221527650692e-01
1.649000000000000000e+03 1.003783460201684630e+00 8.052647508124775033e-01 9.977776076901414548e-01 3.355372291925850514e-01 4.191049221527650692e-01
1.650000000000000000e+03 1.000000000000000000e+00 1.000000000000000000e+00 1.000000000000000000e+00 6.162047793457723355e-01 2.637512627361515705e-01
1.650000000000000000e+03 1.005675190302526723e+00 7.078971262187162550e-01 9.966664115352120712e-01 6.162047793457723355e-01 2.637512627361515705e-01
1.651000000000000000e+03 1.000000000000000000e+00 1.000000000000000000e+00 1.000000000000000000e+00 4.544146236513023629e-01 5.926768043509814676e-01
1.651000000000000000e+03 1.007566920403369037e+00 6.105295016249550066e-01 9.955552153802827986e-01 4.544146236513023629e-01 5.926768043509814676e-01
1.652000000000000000e+03 1.000000000000000000e+00 1.000000000000000000e+00 1.000000000000000000e+00 3.643698379222857775e-01 5.461949752282158066e-01
1.652000000000000000e+03 1.001891730100842315e+00 9.026323754062387517e-01 9.988888038450707274e-01 3.643698379222857775e-01 5.461949752282158066e-01
1.653000000000000000e+03 1.000000000000000000e+00 1.000000000000000000e+00 1.000000000000000000e+00 7.870863081710395281e-01 4.022197961636130303e-01
1.653000000000000000e+03 1.003783460201684630e+00 8.052647508124775033e-01 9.977776076901414548e-01 7.870863081710395281e-01 4.022197961636130303e-01
1.654000000000000000e+03 1.000000000000000000e+00 1.000000000000000000e+00 1.000000000000000000e+00 4.280124104676986119e-01 2.886417648756230969e-01
1.654000000000000000e+03 1.005675190302526723e+00 7.078971262187162550e-01 9.966664115352120712e-01 4.280124104676986119e-01 2.886417648756230969e-01
1.655000000000000000e+03 1.000000000000000000e+00 1.000000000000000000e+00 1.000000000000000000e+00 5.204023609241301696e-01 5.599020890310515419e-01
1.655000000000000000e+03 1.007566920403369037e+00 6.105295016249550066e-01 9.955552153802827986e-01 5.204023609241301696e-01 5.599020890310515419e-01
1.656000000000000000e+03 1.000000000000000000e+00 1.000000000000000000e+00 1.000000000000000000e+00 5.285705738676055310e-01 5.325113658654661020e-01
1.656000000000000000e+03 1.001891730100842315e+00 9.026323754062387517e-01 9.988888038450707274e-01 5.285705738676055310e-01 5.325113658654661020e-01
1.657000000000000000e+03 1.000000000000000000e+00 1.000000000000000000e+00 1.000000000000000000e+00 3.658111314016071480e-01 3.473022130289840637e-01
1.657000000000000000e+03 1.003783460201684630e+00 8.052647508124775033e-01 9.977776076901414548e-01 3.658111314016071480e-01 3.473022130289840637e-01
1.658000000000000000e+03 1.000000000000000000e+00 1.000000000000000000e+00 1.000000000000000000e+00 7.127909975237907148e-01 3.130019840362134320e-01
1.658000000000000000e+03 1.005675190302526723e+00 7.078971262187162550e-01 9.966664115352120712e-01 7.127909975237907148e-01 3.130019840362134320e-01
1.659000000000000000e+03 1.000000000000000000e+00 1.000000000000000000e+00 1.000000000000000000e+00 4.073954235817589531e-01 5.813797212329991915e-01
1.659000000000000000e+03 1.007566920403369037e+00 6.105295016249550066e-01 9.955552153802827986e-01 4.073954235817589531e-01 5.813797212329991915e-01
