2.280000000000000000e+03 1.000000000000000000e+00 1.000000000000000000e+00 1.000000000000000000e+00 5.118968516984003791e-01 5.704874512860756974e-01
2.280000000000000000e+03 1.018065251208002842e+00 9.925929996300933977e-01 9.135450918627107120e-01 5.118968516984003791e-01 5.704874512860756974e-01
2.281000000000000000e+03 1.000000000000000000e+00 1.000000000000000000e+00 1.000000000000000000e+00 4.614750037351253997e-01 2.717439145785330856e-01
2.281000000000000000e+03 1.036130502416005683e+00 9.851859992601867955e-01 8.270901837254214239e-01 4.614750037351253997e-01 2.717439145785330856e-01
2.282000000000000000e+03 1.000000000000000000e+00 1.000000000000000000e+00 1.000000000000000000e+00 8.071404024891626339e-01 4.481609314518882337e-01
2.282000000000000000e+03 1.054195753624008525e+00 9.777789988902803042e-01 7.406352755881321359e-01 8.071404024891626339e-01 4.481609314518882337e-01
2.283000000000000000e+03 1.000000000000000000e+00 1.000000000000000000e+00 1.000000000000000000e+00 3.506282316462286941e-01 5.252109239816374897e-01
2.283000000000000000e+03 1.072261004832011366e+00 9.703719985203737020e-01 6.541803674508428479e-01 3.506282316462286941e-01 5.252109239816374897e-01
2.284000000000000000e+03 1.000000000000000000e+00 1.000000000000000000e+00 1.000000000000000000e+00 4.353876073521927847e-01 5.908515524659112561e-01
2.284000000000000000e+03 1.018065251208002842e+00 9.925929996300933977e-01 9.135450918627107120e-01 4.353876073521927847e-01 5.908515524659112561e-01
2.285000000000000000e+03 1.000000000000000000e+00 1.000000000000000000e+00 1.000000000000000000e+00 6.573427221101121321e-01 2.787602348850445333e-01
2.285000000000000000e+03 1.036130502416005683e+00 9.851859992601867955e-01 8.270901837254214239e-01 6.573427221101121321e-01 2.787602348850445333e-01
2.286000000000000000e+03 1.000000000000000000e+00 1.000000000000000000e+00 1.000000000000000000e+00 3.439543412095666386e-01 3.890224426210403541e-01
2.286000000000000000e+03 1.054195753624008525e+00 9.777789988902803042e-01 7.406352755881321359e-01 3.439543412095666386e-01 3.890224426210403541e-01
2.287000000000000000e+03 1.000000000000000000e+00 1.000000000000000000e+00 1.000000000000000000e+00 5.256574461413890953e-01 5.182472279166546736e-01
2.287000000000000000e+03 1.072261004832011366e+00 9.703719985203737020e-01 6.541803674508428479e-01 5.256574461413890953e-01 5.182472279166546736e-01
2.288000000000000000e+03 1.000000000000000000e+00 1.000000000000000000e+00 1.000000000000000000e+00 5.196009512321416723e-01 5.087966516320602262e-01
2.288000000000000000e+03 1.018065251208002842e+00 9.925929996300933977e-01 9.135450918627107120e-01 5.196009512321416723e-01 5.087966516320602262e-01
2.289000000000000000e+03 1.000000000000000000e+00 1.000000000000000000e+00 1.000000000000000000e+00 3.344254192281266302e-01 4.256922845771785591e-01
2.289000000000000000e+03 1.036130502416005683e+00 9.851859992601867955e-01 8.270901837254214239e-01 3.344254192281266302e-01 4.256922845771785591e-01
2.290000000000000000e+03 1.000000000000000000e+00 1.000000000000000000e+00 1.000000000000000000e+00 6.070632473182019373e-01 2.614386044582608370e-01
2.290000000000000000e+03 1.054195753624008525e+00 9.777789988902803042e-01 7.406352755881321359e-01 6.070632473182019373e-01 2.614386044582608370e-01
2.291000000000000000e+03 1.000000000000000000e+00 1.000000000000000000e+00 1.000000000000000000e+00 4.584478164725591665e-01 5.925877660020075766e-01
2.291000000000000000e+03 1.072261004832011366e+00 9.703719985203737020e-01 6.541803674508428479e-01 4.584478164725591665e-01 5.925877660020075766e-01
2.292000000000000000e+03 1.000000000000000000e+00 1.000000000000000000e+00 1.000000000000000000e+00 3.677631668669186227e-01 5.503115129177628129e-01
2.292000000000000000e+03 1.018065251208002842e+00 9.925929996300933977e-01 9.135450918627107120e-01 3.677631668669186227e-01 5.503115129177628129e-01
2.293000000000000000e+03 1.000000000000000000e+00 1.000000000000000000e+00 1.000000000000000000e+00 7.817790939042303933e-01 3.927928612094717109e-01
2.293000000000000000e+03 1.036130502416005683e+00 9.851859992601867955e-01 8.270901837254214239e-01 7.817790939042303933e-01 3.927928612094717109e-01
2.294000000000000000e+03 1.000000000000000000e+00 1.000000000000000000e+00 1.000000000000000000e+00 4.212406741458544768e-01 2.929920364813441425e-01
2.294000000000000000e+03 1.054195753624008525e+00 9.777789988902803042e-01 7.406352755881321359e-01 4.212406741458544768e-01 2.929920364813441425e-01
2.295000000000000000e+03 1.000000000000000000e+00 1.000000000000000000e+00 1.000000000000000000e+00 5.218636999813800470e-01 5.574657027475069526e-01
2.295000000000000000e+03 1.072261004832011366e+00 9.703719985203737020e-01 6.541803674508428479e-01 5.218636999813800470e-01 5.574657027475069526e-01
2.296000000000000000e+03 1.000000000000000000e+00 1.000000000000000000e+00 1.000000000000000000e+00 5.284665910548516088e-01 5.301762582646767363e-01
2.296000000000000000e+03 1.018065251208002842e+00 9.925929996300933977e-01 9.135450918627107120e-01 5.284665910548516088e-01 5.301762582646767363e-01
2.297000000000000000e+03 1.000000000000000000e+00 1.000000000000000000e+00 1.000000000000000000e+00 3.617413590763421949e-01 3.534377211589432299e-01
2.297000000000000000e+03 1.036130502416005683e+00 9.851859992601867955e-01 8.270901837254214239e-01 3.617413590763421949e-01 3.534377211589432299e-01
2.298000000000000000e+03 1.000000000000000000e+00 1.000000000000000000e+00 1.000000000000000000e+00 7.047552891292468980e-01 3.068453341419391522e-01
2.298000000000000000e+03 1.054195753624008525e+00 9.777789988902803042e-01 7.406352755881321359e-01 7.047552891292468980e-01 3.068453341419391522e-01
2.299000000000000000e+03 1.000000000000000000e+00 1.000000000000000000e+00 1.000000000000000000e+00 4.116307314471332468e-01 5.833626159892546514e-01
2.299000000000000000e+03 1.072261004832011366e+00 9.703719985203737020e-01 6.541803674508428479e-01 4.116307314471332468e-01 5.833626159892546514e-01
