3.500000000000000000e+03 1.000000000000000000e+00 1.000000000000000000e+00 1.000000000000000000e+00 4.186745411860454125e-01 5.862097623117034084e-01
3.500000000000000000e+03 1.004697322208875532e+00 9.197075465939699157e-01 1.007035926194848940e+00 4.186745411860454125e-01 5.862097623117034084e-01
3.501000000000000000e+03 1.000000000000000000e+00 1.000000000000000000e+00 1.000000000000000000e+00 6.911175086827605618e-01 2.974042171119163358e-01
3.501000000000000000e+03 1.009394644417751064e+00 8.394150931879398314e-01 1.014071852389697881e+00 6.911175086827605618e-01 2.974042171119163358e-01
3.502000000000000000e+03 1.000000000000000000e+00 1.000000000000000000e+00 1.000000000000000000e+00 3.555972274001064637e-01 3.637785162516423698e-01
3.502000000000000000e+03 1.014091966626626817e+00 7.591226397819096361e-01 1.021107778584546821e+00 3.555972274001064637e-01 3.637785162516423698e-01
3.503000000000000000e+03 1.000000000000000000e+00 1.000000000000000000e+00 1.000000000000000000e+00 5.280167520235133916e-01 5.264294338795514339e-01
3.503000000000000000e+03 1.018789288835502349e+00 6.788301863758795518e-01 1.028143704779395762e+00 5.280167520235133916e-01 5.264294338795514339e-01
3.504000000000000000e+03 1.000000000000000000e+00 1.000000000000000000e+00 1.000000000000000000e+00 5.241614783687764678e-01 5.151447625328287039e-01
3.504000000000000000e+03 1.004697322208875532e+00 9.197075465939699157e-01 1.007035926194848940e+00 5.241614783687764678e-01 5.151447625328287039e-01
3.505000000000000000e+03 1.000000000000000000e+00 1.000000000000000000e+00 1.000000000000000000e+00 3.402694594414862328e-01 3.998785972829704827e-01
3.505000000000000000e+03 1.009394644417751064e+00 8.394150931879398314e-01 1.014071852389697881e+00 3.402694594414862328e-01 3.998785972829704827e-01
3.506000000000000000e+03 1.000000000000000000e+00 1.000000000000000000e+00 1.000000000000000000e+00 6.426097228091299796e-01 2.724849283466175831e-01
3.506000000000000000e+03 1.014091966626626817e+00 7.591226397819096361e-01 1.021107778584546821e+00 6.426097228091299796e-01 2.724849283466175831e-01
3.507000000000000000e+03 1.000000000000000000e+00 1.000000000000000000e+00 1.000000000000000000e+00 4.423669173750708894e-01 5.919460094636450620e-01
3.507000000000000000e+03 1.018789288835502349e+00 6.788301863758795518e-01 1.028143704779395762e+00 4.423669173750708894e-01 5.919460094636450620e-01
3.508000000000000000e+03 1.000000000000000000e+00 1.000000000000000000e+00 1.000000000000000000e+00 3.552442692329016438e-01 5.332064644192056058e-01
3.508000000000000000e+03 1.004697322208875532e+00 9.197075465939699157e-01 1.007035926194848940e+00 3.552442692329016438e-01 5.332064644192056058e-01
3.509000000000000000e+03 1.000000000000000000e+00 1.000000000000000000e+00 1.000000000000000000e+00 8.007050924772600720e-01 4.310192909040280740e-01
3.509000000000000000e+03 1.009394644417751064e+00 8.394150931879398314e-01 1.014071852389697881e+00 8.007050924772600720e-01 4.310192909040280740e-01
3.510000000000000000e+03 1.000000000000000000e+00 1.000000000000000000e+00 1.000000000000000000e+00 4.489064132424113174e-01 2.772695883778207859e-01
3.510000000000000000e+03 1.014091966626626817e+00 7.591226397819096361e-01 1.021107778584546821e+00 4.489064132424113174e-01 2.772695883778207859e-01
3.511000000000000000e+03 1.000000000000000000e+00 1.000000000000000000e+00 1.000000000000000000e+00 5.153193420808223069e-01 5.667810499120174983e-01
3.511000000000000000e+03 1.018789288835502349e+00 6.788301863758795518e-01 1.028143704779395762e+00 5.153193420808223069e-01 5.667810499120174983e-01
3.512000000000000000e+03 1.000000000000000000e+00 1.000000000000000000e+00 1.000000000000000000e+00 5.281179368144977015e-01 5.395366601831330655e-01
3.512000000000000000e+03 1.004697322208875532e+00 9.197075465939699157e-01 1.007035926194848940e+00 5.281179368144977015e-01 5.395366601831330655e-01
3.513000000000000000e+03 1.000000000000000000e+00 1.000000000000000000e+00 1.000000000000000000e+00 3.791517337231973261e-01 3.300751271678227239e-01
3.513000000000000000e+03 1.009394644417751064e+00 8.394150931879398314e-01 1.014071852389697881e+00 3.791517337231973261e-01 3.300751271678227239e-01
3.514000000000000000e+03 1.000000000000000000e+00 1.000000000000000000e+00 1.000000000000000000e+00 7.351189791566994369e-01 3.327865689920447845e-01
3.514000000000000000e+03 1.014091966626626817e+00 7.591226397819096361e-01 1.021107778584546821e+00 7.351189791566994369e-01 3.327865689920447845e-01
3.515000000000000000e+03 1.000000000000000000e+00 1.000000000000000000e+00 1.000000000000000000e+00 3.952692334923448847e-01 5.744831015456501877e-01
3.515000000000000000e+03 1.018789288835502349e+00 6.788301863758795518e-01 1.028143704779395762e+00 3.952692334923448847e-01 5.744831015456501877e-01
3.516000000000000000e+03 1.000000000000000000e+00 1.000000000000000000e+00 1.000000000000000000e+00 4.852687071319261025e-01 5.872811828493156305e-01
3.516000000000000000e+03 1.004697322208875532e+00 9.197075465939699157e-01 1.007035926194848940e+00 4.852687071319261025e-01 5.872811828493156305e-01
3.517000000000000000e+03 1.000000000000000000e+00 1.000000000000000000e+00 1.000000000000000000e+00 5.413594374345480631e-01 2.549501830152930970e-01
3.517000000000000000e+03 1.009394644417751064e+00 8.394150931879398314e-01 1.014071852389697881e+00 5.413594374345480631e-01 2.549501830152930970e-01
3.518000000000000000e+03 1.000000000000000000e+00 1.000000000000000000e+00 1.000000000000000000e+00 3.338345000829887610e-01 4.719546348486890475e-01
3.518000000000000000e+03 1.014091966626626817e+00 7.591226397819096361e-01 1.021107778584546821e+00 3.338345000829887610e-01 4.719546348486890475e-01
3.519000000000000000e+03 1.000000000000000000e+00 1.000000000000000000e+00 1.000000000000000000e+00 5.083968657816199110e-01 5.014172205848367314e-01
3.519000000000000000e+03 1.018789288835502349e+00 6.788301863758795518e-01 1.028143704779395762e+00 5.083968657816199110e-01 5.014172205848367314e-01
