1.240000000000000000e+03 1.000000000000000000e+00 1.000000000000000000e+00 1.000000000000000000e+00 5.250340266483770613e-01 5.508951285618854943e-01
1.240000000000000000e+03 1.009771851795415287e+00 9.263334513101664225e-01 1.002199597281849375e+00 5.250340266483770613e-01 5.508951285618854943e-01
1.241000000000000000e+03 1.000000000000000000e+00 1.000000000000000000e+00 1.000000000000000000e+00 4.043465703545482404e-01 3.055329385252476548e-01
1.241000000000000000e+03 1.019543703590830797e+00 8.526669026203328450e-01 1.004399194563698750e+00 4.043465703545482404e-01 3.055329385252476548e-01
1.242000000000000000e+03 1.000000000000000000e+00 1.000000000000000000e+00 1.000000000000000000e+00 7.662530279311858816e-01 3.690368688560108357e-01
1.242000000000000000e+03 1.029315555386246306e+00 7.790003539304992675e-01 1.006598791845548124e+00 7.662530279311858816e-01 3.690368688560108357e-01
1.243000000000000000e+03 1.000000000000000000e+00 1.000000000000000000e+00 1.000000000000000000e+00 3.773189049816810803e-01 5.603437281469144660e-01
1.243000000000000000e+03 1.039087407181661593e+00 7.053338052406656900e-01 1.008798389127397499e+00 3.773189049816810803e-01 5.603437281469144660e-01
1.244000000000000000e+03 1.000000000000000000e+00 1.000000000000000000e+00 1.000000000000000000e+00 4.688171323159590065e-01 5.915540570622738192e-01
1.244000000000000000e+03 1.009771851795415287e+00 9.263334513101664225e-01 1.002199597281849375e+00 4.688171323159590065e-01 5.915540570622738192e-01
1.245000000000000000e+03 1.000000000000000000e+00 1.000000000000000000e+00 1.000000000000000000e+00 5.827680962922120456e-01 2.569897968444008196e-01
1.245000000000000000e+03 1.019543703590830797e+00 8.526669026203328450e-01 1.004399194563698750e+00 5.827680962922120456e-01 2.569897968444008196e-01
1.246000000000000000e+03 1.000000000000000000e+00 1.000000000000000000e+00 1.000000000000000000e+00 3.327178698910634447e-01 4.430245180118734805e-01
1.246000000000000000e+03 1.029315555386246306e+00 7.790003539304992675e-01 1.006598791845548124e+00 3.327178698910634447e-01 4.430245180118734805e-01
1.247000000000000000e+03 1.000000000000000000e+00 1.000000000000000000e+00 1.000000000000000000e+00 5.158259840156111942e-01 5.053902533799553565e-01
1.247000000000000000e+03 1.039087407181661593e+00 7.053338052406656900e-01 1.008798389127397499e+00 5.158259840156111942e-01 5.053902533799553565e-01
1.248000000000000000e+03 1.000000000000000000e+00 1.000000000000000000e+00 1.000000000000000000e+00 5.114098935505954069e-01 5.026727197246587675e-01
1.248000000000000000e+03 1.009771851795415287e+00 9.263334513101664225e-01 1.002199597281849375e+00 5.114098935505954069e-01 5.026727197246587675e-01
1.249000000000000000e+03 1.000000000000000000e+00 1.000000000000000000e+00 1.000000000000000000e+00 3.328070265052746057e-01 4.608357469679994489e-01
1.249000000000000000e+03 1.019543703590830797e+00 8.526669026203328450e-01 1.004399194563698750e+00 3.328070265052746057e-01 4.608357469679994489e-01
1.250000000000000000e+03 1.000000000000000000e+00 1.000000000000000000e+00 1.000000000000000000e+00 5.574100196856713874e-01 2.549154865332097231e-01
1.250000000000000000e+03 1.029315555386246306e+00 7.790003539304992675e-01 1.006598791845548124e+00 5.574100196856713874e-01 2.549154865332097231e-01
1.251000000000000000e+03 1.000000000000000000e+00 1.000000000000000000e+00 1.000000000000000000e+00 4.790815136216703407e-01 5.893014335226604006e-01
1.251000000000000000e+03 1.039087407181661593e+00 7.053338052406656900e-01 1.008798389127397499e+00 4.790815136216703407e-01 5.893014335226604006e-01
1.252000000000000000e+03 1.000000000000000000e+00 1.000000000000000000e+00 1.000000000000000000e+00 3.880730764961377033e-01 5.694420110345534969e-01
1.252000000000000000e+03 1.009771851795415287e+00 9.263334513101664225e-01 1.002199597281849375e+00 3.880730764961377033e-01 5.694420110345534969e-01
1.253000000000000000e+03 1.000000000000000000e+00 1.000000000000000000e+00 1.000000000000000000e+00 7.478856063839987023e-01 3.462061274003421785e-01
1.253000000000000000e+03 1.019543703590830797e+00 8.526669026203328450e-01 1.004399194563698750e+00 7.478856063839987023e-01 3.462061274003421785e-01
1.254000000000000000e+03 1.000000000000000000e+00 1.000000000000000000e+00 1.000000000000000000e+00 3.883820581828943408e-01 3.200937350560695283e-01
1.254000000000000000e+03 1.029315555386246306e+00 7.790003539304992675e-01 1.006598791845548124e+00 3.883820581828943408e-01 3.200937350560695283e-01
1.255000000000000000e+03 1.000000000000000000e+00 1.000000000000000000e+00 1.000000000000000000e+00 5.272660802520015011e-01 5.439475820637941217e-01
1.255000000000000000e+03 1.039087407181661593e+00 7.053338052406656900e-01 1.008798389127397499e+00 5.272660802520015011e-01 5.439475820637941217e-01
1.256000000000000000e+03 1.000000000000000000e+00 1.000000000000000000e+00 1.000000000000000000e+00 5.116102898039174285e-01 5.707727367863610901e-01
1.256000000000000000e+03 1.009771851795415287e+00 9.263334513101664225e-01 1.002199597281849375e+00 5.116102898039174285e-01 5.707727367863610901e-01
1.257000000000000000e+03 1.000000000000000000e+00 1.000000000000000000e+00 1.000000000000000000e+00 4.624878871912646017e-01 2.713377589233691989e-01
1.257000000000000000e+03 1.019543703590830797e+00 8.526669026203328450e-01 1.004399194563698750e+00 4.624878871912646017e-01 2.713377589233691989e-01
1.258000000000000000e+03 1.000000000000000000e+00 1.000000000000000000e+00 1.000000000000000000e+00 8.076069932217655456e-01 4.495369756888556445e-01
1.258000000000000000e+03 1.029315555386246306e+00 7.790003539304992675e-01 1.006598791845548124e+00 8.076069932217655456e-01 4.495369756888556445e-01
1.259000000000000000e+03 1.000000000000000000e+00 1.000000000000000000e+00 1.000000000000000000e+00 3.502825110685040544e-01 5.245612013063263301e-01
1.259000000000000000e+03 1.039087407181661593e+00 7.053338052406656900e-01 1.008798389127397499e+00 3.502825110685040544e-01 5.245612013063263301e-01
