2.900000000000000000e+03 1.000000000000000000e+00 1.000000000000000000e+00 1.000000000000000000e+00 3.407183058196924241e-01 5.021991552506809287e-01
2.900000000000000000e+03 9.944786428635323805e-01 1.000031523346817552e+00 9.020161549309124727e-01 3.407183058196924241e-01 5.021991552506809287e-01
2.901000000000000000e+03 1.000000000000000000e+00 1.000000000000000000e+00 1.000000000000000000e+00 8.192664463535640484e-01 4.955919825848295046e-01
2.901000000000000000e+03 9.889572857270648720e-01 1.000063046693635105e+00 8.040323098618249453e-01 8.192664463535640484e-01 4.955919825848295046e-01
2.902000000000000000e+03 1.000000000000000000e+00 1.000000000000000000e+00 1.000000000000000000e+00 4.966964136670743435e-01 2.607259297330641878e-01
2.902000000000000000e+03 9.834359285905973636e-01 1.000094570040452879e+00 7.060484647927374180e-01 4.966964136670743435e-01 2.607259297330641878e-01
2.903000000000000000e+03 1.000000000000000000e+00 1.000000000000000000e+00 1.000000000000000000e+00 5.010947241684360343e-01 5.792893180936793396e-01
2.903000000000000000e+03 9.779145714541297441e-01 1.000126093387270432e+00 6.080646197236498907e-01 5.010947241684360343e-01 5.792893180936793396e-01
2.904000000000000000e+03 1.000000000000000000e+00 1.000000000000000000e+00 1.000000000000000000e+00 5.234460720719837923e-01 5.544646774447528070e-01
2.904000000000000000e+03 9.944786428635323805e-01 1.000031523346817552e+00 9.020161549309124727e-01 5.234460720719837923e-01 5.544646774447528070e-01
2.905000000000000000e+03 1.000000000000000000e+00 1.000000000000000000e+00 1.000000000000000000e+00 4.132896912963655023e-01 2.985739794632132349e-01
2.905000000000000000e+03 9.889572857270648720e-01 1.000063046693635105e+00 8.040323098618249453e-01 4.132896912963655023e-01 2.985739794632132349e-01
2.906000000000000000e+03 1.000000000000000000e+00 1.000000000000000000e+00 1.000000000000000000e+00 7.749066920828037164e-01 3.816575729805402051e-01
2.906000000000000000e+03 9.834359285905973636e-01 1.000094570040452879e+00 7.060484647927374180e-01 7.749066920828037164e-01 3.816575729805402051e-01
2.907000000000000000e+03 1.000000000000000000e+00 1.000000000000000000e+00 1.000000000000000000e+00 3.720546510092301862e-01 5.550781903878091450e-01
2.907000000000000000e+03 9.779145714541297441e-01 1.000126093387270432e+00 6.080646197236498907e-01 3.720546510092301862e-01 5.550781903878091450e-01
2.908000000000000000e+03 1.000000000000000000e+00 1.000000000000000000e+00 1.000000000000000000e+00 4.632708359120081831e-01 5.922542025609836003e-01
2.908000000000000000e+03 9.944786428635323805e-01 1.000031523346817552e+00 9.020161549309124727e-01 4.632708359120081831e-01 5.922542025609836003e-01
2.909000000000000000e+03 1.000000000000000000e+00 1.000000000000000000e+00 1.000000000000000000e+00 5.959119556318211997e-01 2.590938644375258004e-01
2.909000000000000000e+03 9.889572857270648720e-01 1.000063046693635105e+00 8.040323098618249453e-01 5.959119556318211997e-01 2.590938644375258004e-01
2.910000000000000000e+03 1.000000000000000000e+00 1.000000000000000000e+00 1.000000000000000000e+00 3.334198309382711001e-01 4.336794401400935195e-01
2.910000000000000000e+03 9.834359285905973636e-01 1.000094570040452879e+00 7.060484647927374180e-01 3.334198309382711001e-01 4.336794401400935195e-01
2.911000000000000000e+03 1.000000000000000000e+00 1.000000000000000000e+00 1.000000000000000000e+00 5.179282360602384117e-01 5.071377683160770422e-01
2.911000000000000000e+03 9.779145714541297441e-01 1.000126093387270432e+00 6.080646197236498907e-01 5.179282360602384117e-01 5.071377683160770422e-01
2.912000000000000000e+03 1.000000000000000000e+00 1.000000000000000000e+00 1.000000000000000000e+00 5.137372471764614090e-01 5.039608931793763125e-01
2.912000000000000000e+03 9.944786428635323805e-01 1.000031523346817552e+00 9.020161549309124727e-01 5.137372471764614090e-01 5.039608931793763125e-01
2.913000000000000000e+03 1.000000000000000000e+00 1.000000000000000000e+00 1.000000000000000000e+00 3.325256915263099522e-01 4.517117339716477109e-01
2.913000000000000000e+03 9.889572857270648720e-01 1.000063046693635105e+00 8.040323098618249453e-01 3.325256915263099522e-01 4.517117339716477109e-01
2.914000000000000000e+03 1.000000000000000000e+00 1.000000000000000000e+00 1.000000000000000000e+00 5.704519524528401941e-01 2.556571608776955218e-01
2.914000000000000000e+03 9.834359285905973636e-01 1.000094570040452879e+00 7.060484647927374180e-01 5.704519524528401941e-01 2.556571608776955218e-01
2.915000000000000000e+03 1.000000000000000000e+00 1.000000000000000000e+00 1.000000000000000000e+00 4.738754203961357270e-01 5.906057778250757284e-01
2.915000000000000000e+03 9.779145714541297441e-01 1.000126093387270432e+00 6.080646197236498907e-01 4.738754203961357270e-01 5.906057778250757284e-01
2.916000000000000000e+03 1.000000000000000000e+00 1.000000000000000000e+00 1.000000000000000000e+00 3.824459965675026107e-01 5.649361756785693522e-01
2.916000000000000000e+03 9.944786428635323805e-01 1.000031523346817552e+00 9.020161549309124727e-01 3.824459965675026107e-01 5.649361756785693522e-01
2.917000000000000000e+03 1.000000000000000000e+00 1.000000000000000000e+00 1.000000000000000000e+00 7.576067079291550765e-01 3.576994916921636403e-01
2.917000000000000000e+03 9.889572857270648720e-01 1.000063046693635105e+00 8.040323098618249453e-01 7.576067079291550765e-01 3.576994916921636403e-01
2.918000000000000000e+03 1.000000000000000000e+00 1.000000000000000000e+00 1.000000000000000000e+00 3.963816580067971995e-01 3.124196443191737393e-01
2.918000000000000000e+03 9.834359285905973636e-01 1.000094570040452879e+00 7.060484647927374180e-01 3.963816580067971995e-01 3.124196443191737393e-01
2.919000000000000000e+03 1.000000000000000000e+00 1.000000000000000000e+00 1.000000000000000000e+00 5.262540093639358485e-01 5.475276511841684624e-01
2.919000000000000000e+03 9.779145714541297441e-01 1.000126093387270432e+00 6.080646197236498907e-01 5.262540093639358485e-01 5.475276511841684624e-01
