3.600000000000000000e+02 1.000000000000000000e+00 1.000000000000000000e+00 1.000000000000000000e+00 5.081977766674825592e-01 5.739218308939252333e-01
3.600000000000000000e+02 9.979441396794498376e-01 9.092298847708071285e-01 9.962585317752671310e-01 5.081977766674825592e-01 5.739218308939252333e-01
3.610000000000000000e+02 1.000000000000000000e+00 1.000000000000000000e+00 1.000000000000000000e+00 4.741666701654960736e-01 2.670530539056977792e-01
3.610000000000000000e+02 9.958882793588996751e-01 8.184597695416142571e-01 9.925170635505342620e-01 4.741666701654960736e-01 2.670530539056977792e-01
3.620000000000000000e+02 1.000000000000000000e+00 1.000000000000000000e+00 1.000000000000000000e+00 8.124595036944907145e-01 4.653488935819853900e-01
3.620000000000000000e+02 9.938324190383494017e-01 7.276896543124214967e-01 9.887755953258012820e-01 8.124595036944907145e-01 4.653488935819853900e-01
3.630000000000000000e+02 1.000000000000000000e+00 1.000000000000000000e+00 1.000000000000000000e+00 3.465656115058862730e-01 5.170155532509932428e-01
3.630000000000000000e+02 9.917765587177992392e-01 6.369195390832286252e-01 9.850341271010684130e-01 3.465656115058862730e-01 5.170155532509932428e-01
3.640000000000000000e+02 1.000000000000000000e+00 1.000000000000000000e+00 1.000000000000000000e+00 4.285316960437145495e-01 5.892968205179333063e-01
3.640000000000000000e+02 9.979441396794498376e-01 9.092298847708071285e-01 9.962585317752671310e-01 4.285316960437145495e-01 5.892968205179333063e-01
3.650000000000000000e+02 1.000000000000000000e+00 1.000000000000000000e+00 1.000000000000000000e+00 6.714458220590672211e-01 2.857852229105315445e-01
3.650000000000000000e+02 9.958882793588996751e-01 8.184597695416142571e-01 9.925170635505342620e-01 6.714458220590672211e-01 2.857852229105315445e-01
3.660000000000000000e+02 1.000000000000000000e+00 1.000000000000000000e+00 1.000000000000000000e+00 3.482442011962991191e-01 3.785429369923236642e-01
3.660000000000000000e+02 9.938324190383494017e-01 7.276896543124214967e-01 9.887755953258012820e-01 3.482442011962991191e-01 3.785429369923236642e-01
3.670000000000000000e+02 1.000000000000000000e+00 1.000000000000000000e+00 1.000000000000000000e+00 5.268378422321657872e-01 5.214795449048945652e-01
3.670000000000000000e+02 9.917765587177992392e-01 6.369195390832286252e-01 9.850341271010684130e-01 5.268378422321657872e-01 5.214795449048945652e-01
3.680000000000000000e+02 1.000000000000000000e+00 1.000000000000000000e+00 1.000000000000000000e+00 5.216362157473195538e-01 5.112256310796070569e-01
3.680000000000000000e+02 9.979441396794498376e-01 9.092298847708071285e-01 9.962585317752671310e-01 5.216362157473195538e-01 5.112256310796070569e-01
3.690000000000000000e+02 1.000000000000000000e+00 1.000000000000000000e+00 1.000000000000000000e+00 3.363414449882238255e-01 4.150881751670744690e-01
3.690000000000000000e+02 9.958882793588996751e-01 8.184597695416142571e-01 9.925170635505342620e-01 3.363414449882238255e-01 4.150881751670744690e-01
3.700000000000000000e+02 1.000000000000000000e+00 1.000000000000000000e+00 1.000000000000000000e+00 6.217549217095845737e-01 2.653302753559954041e-01
3.700000000000000000e+02 9.938324190383494017e-01 7.276896543124214967e-01 9.887755953258012820e-01 6.217549217095845737e-01 2.653302753559954041e-01
3.710000000000000000e+02 1.000000000000000000e+00 1.000000000000000000e+00 1.000000000000000000e+00 4.519312720437336783e-01 5.926473853795478641e-01
3.710000000000000000e+02 9.917765587177992392e-01 6.369195390832286252e-01 9.850341271010684130e-01 4.519312720437336783e-01 5.926473853795478641e-01
3.720000000000000000e+02 1.000000000000000000e+00 1.000000000000000000e+00 1.000000000000000000e+00 3.623664404238632342e-01 5.436021089329635680e-01
3.720000000000000000e+02 9.979441396794498376e-01 9.092298847708071285e-01 9.962585317752671310e-01 3.623664404238632342e-01 5.436021089329635680e-01
3.730000000000000000e+02 1.000000000000000000e+00 1.000000000000000000e+00 1.000000000000000000e+00 7.901625260328076772e-01 4.080769391759597742e-01
3.730000000000000000e+02 9.958882793588996751e-01 8.184597695416142571e-01 9.925170635505342620e-01 7.901625260328076772e-01 4.080769391759597742e-01
3.740000000000000000e+02 1.000000000000000000e+00 1.000000000000000000e+00 1.000000000000000000e+00 4.322374151214981031e-01 2.861019571955277785e-01
3.740000000000000000e+02 9.938324190383494017e-01 7.276896543124214967e-01 9.887755953258012820e-01 4.322374151214981031e-01 2.861019571955277785e-01
3.750000000000000000e+02 1.000000000000000000e+00 1.000000000000000000e+00 1.000000000000000000e+00 5.194416329874252947e-01 5.613690763478011991e-01
3.750000000000000000e+02 9.917765587177992392e-01 6.369195390832286252e-01 9.850341271010684130e-01 5.194416329874252947e-01 5.613690763478011991e-01
3.760000000000000000e+02 1.000000000000000000e+00 1.000000000000000000e+00 1.000000000000000000e+00 5.285700247157344434e-01 5.339542974119966257e-01
3.760000000000000000e+02 9.979441396794498376e-01 9.092298847708071285e-01 9.962585317752671310e-01 5.285700247157344434e-01 5.339542974119966257e-01
3.770000000000000000e+02 1.000000000000000000e+00 1.000000000000000000e+00 1.000000000000000000e+00 3.684169284218988816e-01 3.436189400884099854e-01
3.770000000000000000e+02 9.958882793588996751e-01 8.184597695416142571e-01 9.925170635505342620e-01 3.684169284218988816e-01 3.436189400884099854e-01
3.780000000000000000e+02 1.000000000000000000e+00 1.000000000000000000e+00 1.000000000000000000e+00 7.175944411613867091e-01 3.169104049907155440e-01
3.780000000000000000e+02 9.938324190383494017e-01 7.276896543124214967e-01 9.887755953258012820e-01 7.175944411613867091e-01 3.169104049907155440e-01
3.790000000000000000e+02 1.000000000000000000e+00 1.000000000000000000e+00 1.000000000000000000e+00 4.048323213382066799e-01 5.800765481469177809e-01
3.790000000000000000e+02 9.917765587177992392e-01 6.369195390832286252e-01 9.850341271010684130e-01 4.048323213382066799e-01 5.800765481469177809e-01
