3.220000000000000000e+03 1.000000000000000000e+00 1.000000000000000000e+00 1.000000000000000000e+00 3.468783661253778683e-01 5.176945617339566708e-01
3.220000000000000000e+03 9.999687061479154426e-01 9.146562745162966079e-01 9.974835178210528230e-01 3.468783661253778683e-01 5.176945617339566708e-01
3.221000000000000000e+03 1.000000000000000000e+00 1.000000000000000000e+00 1.000000000000000000e+00 8.120639076583150429e-01 4.639382500090017958e-01
3.221000000000000000e+03 9.999374122958307742e-01 8.293125490325932159e-01 9.949670356421056461e-01 8.120639076583150429e-01 4.639382500090017958e-01
3.222000000000000000e+03 1.000000000000000000e+00 1.000000000000000000e+00 1.000000000000000000e+00 4.731218441375226180e-01 2.674072292335314405e-01
3.222000000000000000e+03 9.999061184437461058e-01 7.439688235488897128e-01 9.924505534631585801e-01 4.731218441375226180e-01 2.674072292335314405e-01
3.223000000000000000e+03 1.000000000000000000e+00 1.000000000000000000e+00 1.000000000000000000e+00 5.085109676054357930e-01 5.736504969827757039e-01
3.223000000000000000e+03 9.998748245916615485e-01 6.586250980651863207e-01 9.899340712842114032e-01 5.085109676054357930e-01 5.736504969827757039e-01
3.224000000000000000e+03 1.000000000000000000e+00 1.000000000000000000e+00 1.000000000000000000e+00 5.263237282308023124e-01 5.473103435563670960e-01
3.224000000000000000e+03 9.999687061479154426e-01 9.146562745162966079e-01 9.974835178210528230e-01 5.263237282308023124e-01 5.473103435563670960e-01
3.225000000000000000e+03 1.000000000000000000e+00 1.000000000000000000e+00 1.000000000000000000e+00 3.958826275892798341e-01 3.128749614891742081e-01
3.225000000000000000e+03 9.999374122958307742e-01 8.293125490325932159e-01 9.949670356421056461e-01 3.958826275892798341e-01 3.128749614891742081e-01
3.226000000000000000e+03 1.000000000000000000e+00 1.000000000000000000e+00 1.000000000000000000e+00 7.570323859880551121e-01 3.569858054993209073e-01
3.226000000000000000e+03 9.999061184437461058e-01 7.439688235488897128e-01 9.924505534631585801e-01 7.570323859880551121e-01 3.569858054993209073e-01
3.227000000000000000e+03 1.000000000000000000e+00 1.000000000000000000e+00 1.000000000000000000e+00 3.827823089664035283e-01 5.652205503207612391e-01
3.227000000000000000e+03 9.998748245916615485e-01 6.586250980651863207e-01 9.899340712842114032e-01 3.827823089664035283e-01 5.652205503207612391e-01
3.228000000000000000e+03 1.000000000000000000e+00 1.000000000000000000e+00 1.000000000000000000e+00 4.741963455943913330e-01 5.905352345482494103e-01
3.228000000000000000e+03 9.999687061479154426e-01 9.146562745162966079e-01 9.974835178210528230e-01 4.741963455943913330e-01 5.905352345482494103e-01
3.229000000000000000e+03 1.000000000000000000e+00 1.000000000000000000e+00 1.000000000000000000e+00 5.696591599846015930e-01 2.555924332070909077e-01
3.229000000000000000e+03 9.999374122958307742e-01 8.293125490325932159e-01 9.949670356421056461e-01 5.696591599846015930e-01 2.555924332070909077e-01
3.230000000000000000e+03 1.000000000000000000e+00 1.000000000000000000e+00 1.000000000000000000e+00 3.325285993294208042e-01 4.522685928048948423e-01
3.230000000000000000e+03 9.999061184437461058e-01 7.439688235488897128e-01 9.924505534631585801e-01 3.325285993294208042e-01 4.522685928048948423e-01
3.231000000000000000e+03 1.000000000000000000e+00 1.000000000000000000e+00 1.000000000000000000e+00 5.135990684259196248e-01 5.038759016161121762e-01
3.231000000000000000e+03 9.998748245916615485e-01 6.586250980651863207e-01 9.899340712842114032e-01 5.135990684259196248e-01 5.038759016161121762e-01
3.232000000000000000e+03 1.000000000000000000e+00 1.000000000000000000e+00 1.000000000000000000e+00 5.178047055162964263e-01 5.070253816172923811e-01
3.232000000000000000e+03 9.999687061479154426e-01 9.146562745162966079e-01 9.974835178210528230e-01 5.178047055162964263e-01 5.070253816172923811e-01
3.233000000000000000e+03 1.000000000000000000e+00 1.000000000000000000e+00 1.000000000000000000e+00 3.333624908209485982e-01 4.342481630675448789e-01
3.233000000000000000e+03 9.999374122958307742e-01 8.293125490325932159e-01 9.949670356421056461e-01 3.333624908209485982e-01 4.342481630675448789e-01
3.234000000000000000e+03 1.000000000000000000e+00 1.000000000000000000e+00 1.000000000000000000e+00 5.951150645900363800e-01 2.589460889895709439e-01
3.234000000000000000e+03 9.999061184437461058e-01 7.439688235488897128e-01 9.924505534631585801e-01 5.951150645900363800e-01 2.589460889895709439e-01
3.235000000000000000e+03 1.000000000000000000e+00 1.000000000000000000e+00 1.000000000000000000e+00 4.636113907251261934e-01 5.922211073476738585e-01
3.235000000000000000e+03 9.998748245916615485e-01 6.586250980651863207e-01 9.899340712842114032e-01 4.636113907251261934e-01 5.922211073476738585e-01
3.236000000000000000e+03 1.000000000000000000e+00 1.000000000000000000e+00 1.000000000000000000e+00 3.723675573693812080e-01 5.554082404839967291e-01
3.236000000000000000e+03 9.999687061479154426e-01 9.146562745162966079e-01 9.974835178210528230e-01 3.723675573693812080e-01 5.554082404839967291e-01
3.237000000000000000e+03 1.000000000000000000e+00 1.000000000000000000e+00 1.000000000000000000e+00 7.743990021519592259e-01 3.808769495714632858e-01
3.237000000000000000e+03 9.999374122958307742e-01 8.293125490325932159e-01 9.949670356421056461e-01 7.743990021519592259e-01 3.808769495714632858e-01
3.238000000000000000e+03 1.000000000000000000e+00 1.000000000000000000e+00 1.000000000000000000e+00 4.127343545437332506e-01 2.989842776087109910e-01
3.238000000000000000e+03 9.999061184437461058e-01 7.439688235488897128e-01 9.924505534631585801e-01 4.127343545437332506e-01 2.989842776087109910e-01
3.239000000000000000e+03 1.000000000000000000e+00 1.000000000000000000e+00 1.000000000000000000e+00 5.235508355117268753e-01 5.542491628699486306e-01
3.239000000000000000e+03 9.998748245916615485e-01 6.586250980651863207e-01 9.899340712842114032e-01 5.235508355117268753e-01 5.542491628699486306e-01
