1.780000000000000000e+03 1.000000000000000000e+00 1.000000000000000000e+00 1.000000000000000000e+00 3.667173730525991604e-01 5.490776663112915124e-01
1.780000000000000000e+03 9.256541533069323480e-01 1.005419307737150936e+00 9.927416494501365429e-01 3.667173730525991604e-01 5.490776663112915124e-01
1.781000000000000000e+03 1.000000000000000000e+00 1.000000000000000000e+00 1.000000000000000000e+00 7.834271923974981400e-01 3.956357216944701438e-01
1.781000000000000000e+03 8.513083066138646959e-01 1.010838615474301871e+00 9.854832989002730859e-01 7.834271923974981400e-01 3.956357216944701438e-01
1.782000000000000000e+03 1.000000000000000000e+00 1.000000000000000000e+00 1.000000000000000000e+00 4.232790276915893157e-01 2.916450903275504825e-01
1.782000000000000000e+03 7.769624599207970439e-01 1.016257923211452807e+00 9.782249483504096288e-01 4.232790276915893157e-01 2.916450903275504825e-01
1.783000000000000000e+03 1.000000000000000000e+00 1.000000000000000000e+00 1.000000000000000000e+00 5.214343603141724515e-01 5.582103442223521617e-01
1.783000000000000000e+03 7.026166132277293919e-01 1.021677230948603743e+00 9.709665978005461717e-01 5.214343603141724515e-01 5.582103442223521617e-01
1.784000000000000000e+03 1.000000000000000000e+00 1.000000000000000000e+00 1.000000000000000000e+00 5.285119002503020358e-01 5.308819934699710030e-01
1.784000000000000000e+03 9.256541533069323480e-01 1.005419307737150936e+00 9.927416494501365429e-01 5.285119002503020358e-01 5.308819934699710030e-01
1.785000000000000000e+03 1.000000000000000000e+00 1.000000000000000000e+00 1.000000000000000000e+00 3.629520928489201603e-01 3.515597860346748593e-01
1.785000000000000000e+03 8.513083066138646959e-01 1.010838615474301871e+00 9.854832989002730859e-01 3.629520928489201603e-01 3.515597860346748593e-01
1.786000000000000000e+03 1.000000000000000000e+00 1.000000000000000000e+00 1.000000000000000000e+00 7.072193242130021540e-01 3.086840893985311474e-01
1.786000000000000000e+03 7.769624599207970439e-01 1.016257923211452807e+00 9.782249483504096288e-01 7.072193242130021540e-01 3.086840893985311474e-01
1.787000000000000000e+03 1.000000000000000000e+00 1.000000000000000000e+00 1.000000000000000000e+00 4.103388962823519281e-01 5.827799037006908822e-01
1.787000000000000000e+03 7.026166132277293919e-01 1.021677230948603743e+00 9.709665978005461717e-01 4.103388962823519281e-01 5.827799037006908822e-01
1.788000000000000000e+03 1.000000000000000000e+00 1.000000000000000000e+00 1.000000000000000000e+00 4.967291739088182112e-01 5.819660153554127024e-01
1.788000000000000000e+03 9.256541533069323480e-01 1.005419307737150936e+00 9.927416494501365429e-01 4.967291739088182112e-01 5.819660153554127024e-01
1.789000000000000000e+03 1.000000000000000000e+00 1.000000000000000000e+00 1.000000000000000000e+00 5.096504945052200419e-01 2.581612232656491090e-01
1.789000000000000000e+03 8.513083066138646959e-01 1.010838615474301871e+00 9.854832989002730859e-01 5.096504945052200419e-01 2.581612232656491090e-01
1.790000000000000000e+03 1.000000000000000000e+00 1.000000000000000000e+00 1.000000000000000000e+00 3.380976039551182311e-01 4.935393397017990291e-01
1.790000000000000000e+03 7.769624599207970439e-01 1.016257923211452807e+00 9.782249483504096288e-01 3.380976039551182311e-01 4.935393397017990291e-01
1.791000000000000000e+03 1.000000000000000000e+00 1.000000000000000000e+00 1.000000000000000000e+00 5.020296346659435249e-01 5.000809918841625512e-01
1.791000000000000000e+03 7.026166132277293919e-01 1.021677230948603743e+00 9.709665978005461717e-01 5.020296346659435249e-01 5.000809918841625512e-01
1.792000000000000000e+03 1.000000000000000000e+00 1.000000000000000000e+00 1.000000000000000000e+00 5.014057139691338039e-01 5.000388239550016545e-01
1.792000000000000000e+03 9.256541533069323480e-01 1.005419307737150936e+00 9.927416494501365429e-01 5.014057139691338039e-01 5.000388239550016545e-01
1.793000000000000000e+03 1.000000000000000000e+00 1.000000000000000000e+00 1.000000000000000000e+00 3.386552744316375652e-01 4.955438727203638760e-01
1.793000000000000000e+03 8.513083066138646959e-01 1.010838615474301871e+00 9.854832989002730859e-01 3.386552744316375652e-01 4.955438727203638760e-01
1.794000000000000000e+03 1.000000000000000000e+00 1.000000000000000000e+00 1.000000000000000000e+00 5.066647789419534975e-01 2.586857686320233052e-01
1.794000000000000000e+03 7.769624599207970439e-01 1.016257923211452807e+00 9.782249483504096288e-01 5.066647789419534975e-01 2.586857686320233052e-01
1.795000000000000000e+03 1.000000000000000000e+00 1.000000000000000000e+00 1.000000000000000000e+00 4.977525243826810830e-01 5.813752197687481749e-01
1.795000000000000000e+03 7.026166132277293919e-01 1.021677230948603743e+00 9.709665978005461717e-01 4.977525243826810830e-01 5.813752197687481749e-01
1.796000000000000000e+03 1.000000000000000000e+00 1.000000000000000000e+00 1.000000000000000000e+00 4.118154588280411588e-01 5.834443781051401601e-01
1.796000000000000000e+03 9.256541533069323480e-01 1.005419307737150936e+00 9.927416494501365429e-01 4.118154588280411588e-01 5.834443781051401601e-01
1.797000000000000000e+03 1.000000000000000000e+00 1.000000000000000000e+00 1.000000000000000000e+00 7.044020059854543270e-01 3.065851673521784448e-01
1.797000000000000000e+03 8.513083066138646959e-01 1.010838615474301871e+00 9.854832989002730859e-01 7.044020059854543270e-01 3.065851673521784448e-01
1.798000000000000000e+03 1.000000000000000000e+00 1.000000000000000000e+00 1.000000000000000000e+00 3.615703946235190869e-01 3.537067264212935269e-01
1.798000000000000000e+03 7.769624599207970439e-01 1.016257923211452807e+00 9.782249483504096288e-01 3.615703946235190869e-01 3.537067264212935269e-01
1.799000000000000000e+03 1.000000000000000000e+00 1.000000000000000000e+00 1.000000000000000000e+00 5.284591508337993515e-01 5.300758087652112094e-01
1.799000000000000000e+03 7.026166132277293919e-01 1.021677230948603743e+00 9.709665978005461717e-01 5.284591508337993515e-01 5.300758087652112094e-01
