1.600000000000000000e+03 1.000000000000000000e+00 1.000000000000000000e+00 1.000000000000000000e+00 5.081720153587737654e-01 5.013406216984915842e-01
1.600000000000000000e+03 9.847729189067415678e-01 9.946499139890205843e-01 8.859456354942727430e-01 5.081720153587737654e-01 5.013406216984915842e-01
1.601000000000000000e+03 1.000000000000000000e+00 1.000000000000000000e+00 1.000000000000000000e+00 3.339384803509566346e-01 4.727575552966906125e-01
1.601000000000000000e+03 9.695458378134831356e-01 9.892998279780411686e-01 7.718912709885454859e-01 3.339384803509566346e-01 4.727575552966906125e-01
1.602000000000000000e+03 1.000000000000000000e+00 1.000000000000000000e+00 1.000000000000000000e+00 5.401933562057184002e-01 2.549937282058217791e-01
1.602000000000000000e+03 9.543187567202245924e-01 9.839497419670617528e-01 6.578369064828183399e-01 5.401933562057184002e-01 2.549937282058217791e-01
1.603000000000000000e+03 1.000000000000000000e+00 1.000000000000000000e+00 1.000000000000000000e+00 4.857084667990995142e-01 5.871167675039086209e-01
1.603000000000000000e+03 9.390916756269661603e-01 9.785996559560823371e-01 5.437825419770910829e-01 4.857084667990995142e-01 5.871167675039086209e-01
1.604000000000000000e+03 1.000000000000000000e+00 1.000000000000000000e+00 1.000000000000000000e+00 3.958034794396168010e-01 5.748275631346640990e-01
1.604000000000000000e+03 9.847729189067415678e-01 9.946499139890205843e-01 8.859456354942727430e-01 3.958034794396168010e-01 5.748275631346640990e-01
1.605000000000000000e+03 1.000000000000000000e+00 1.000000000000000000e+00 1.000000000000000000e+00 7.341566144140158068e-01 3.318430523953042055e-01
1.605000000000000000e+03 9.695458378134831356e-01 9.892998279780411686e-01 7.718912709885454859e-01 7.341566144140158068e-01 3.318430523953042055e-01
1.606000000000000000e+03 1.000000000000000000e+00 1.000000000000000000e+00 1.000000000000000000e+00 3.785077446303199977e-01 3.308234325128004416e-01
1.606000000000000000e+03 9.543187567202245924e-01 9.839497419670617528e-01 6.578369064828183399e-01 3.785077446303199977e-01 3.308234325128004416e-01
1.607000000000000000e+03 1.000000000000000000e+00 1.000000000000000000e+00 1.000000000000000000e+00 5.281628708996481958e-01 5.392164736335668396e-01
1.607000000000000000e+03 9.390916756269661603e-01 9.785996559560823371e-01 5.437825419770910829e-01 5.281628708996481958e-01 5.392164736335668396e-01
1.608000000000000000e+03 1.000000000000000000e+00 1.000000000000000000e+00 1.000000000000000000e+00 5.155730469290120688e-01 5.664816464214694758e-01
1.608000000000000000e+03 9.847729189067415678e-01 9.946499139890205843e-01 8.859456354942727430e-01 5.155730469290120688e-01 5.664816464214694758e-01
1.609000000000000000e+03 1.000000000000000000e+00 1.000000000000000000e+00 1.000000000000000000e+00 4.479354197636461477e-01 2.777352736344006479e-01
1.609000000000000000e+03 9.695458378134831356e-01 9.892998279780411686e-01 7.718912709885454859e-01 4.479354197636461477e-01 2.777352736344006479e-01
1.610000000000000000e+03 1.000000000000000000e+00 1.000000000000000000e+00 1.000000000000000000e+00 8.001562663376643458e-01 4.296896531099752559e-01
1.610000000000000000e+03 9.543187567202245924e-01 9.839497419670617528e-01 6.578369064828183399e-01 8.001562663376643458e-01 4.296896531099752559e-01
1.611000000000000000e+03 1.000000000000000000e+00 1.000000000000000000e+00 1.000000000000000000e+00 3.556268136064655305e-01 5.338188135826829051e-01
1.611000000000000000e+03 9.390916756269661603e-01 9.785996559560823371e-01 5.437825419770910829e-01 3.556268136064655305e-01 5.338188135826829051e-01
1.612000000000000000e+03 1.000000000000000000e+00 1.000000000000000000e+00 1.000000000000000000e+00 4.429142186868972875e-01 5.920111008163423394e-01
1.612000000000000000e+03 9.847729189067415678e-01 9.946499139890205843e-01 8.859456354942727430e-01 4.429142186868972875e-01 5.920111008163423394e-01
1.613000000000000000e+03 1.000000000000000000e+00 1.000000000000000000e+00 1.000000000000000000e+00 6.414376428782069262e-01 2.720302163035211995e-01
1.613000000000000000e+03 9.695458378134831356e-01 9.892998279780411686e-01 7.718912709885454859e-01 6.414376428782069262e-01 2.720302163035211995e-01
1.614000000000000000e+03 1.000000000000000000e+00 1.000000000000000000e+00 1.000000000000000000e+00 3.400095577435894301e-01 4.007382879043451807e-01
1.614000000000000000e+03 9.543187567202245924e-01 9.839497419670617528e-01 6.578369064828183399e-01 3.400095577435894301e-01 4.007382879043451807e-01
1.615000000000000000e+03 1.000000000000000000e+00 1.000000000000000000e+00 1.000000000000000000e+00 5.240317593762741089e-01 5.149098505305506057e-01
1.615000000000000000e+03 9.390916756269661603e-01 9.785996559560823371e-01 5.437825419770910829e-01 5.240317593762741089e-01 5.149098505305506057e-01
1.616000000000000000e+03 1.000000000000000000e+00 1.000000000000000000e+00 1.000000000000000000e+00 5.279668560095027718e-01 5.261401810725603312e-01
1.616000000000000000e+03 9.847729189067415678e-01 9.946499139890205843e-01 8.859456354942727430e-01 5.279668560095027718e-01 5.261401810725603312e-01
1.617000000000000000e+03 1.000000000000000000e+00 1.000000000000000000e+00 1.000000000000000000e+00 3.551431009140447737e-01 3.646045315058000780e-01
1.617000000000000000e+03 9.695458378134831356e-01 9.892998279780411686e-01 7.718912709885454859e-01 3.551431009140447737e-01 3.646045315058000780e-01
1.618000000000000000e+03 1.000000000000000000e+00 1.000000000000000000e+00 1.000000000000000000e+00 6.900231122050197730e-01 2.966980793758186019e-01
1.618000000000000000e+03 9.543187567202245924e-01 9.839497419670617528e-01 6.578369064828183399e-01 6.900231122050197730e-01 2.966980793758186019e-01
1.619000000000000000e+03 1.000000000000000000e+00 1.000000000000000000e+00 1.000000000000000000e+00 4.192321752166198734e-01 5.864118775477289436e-01
1.619000000000000000e+03 9.390916756269661603e-01 9.785996559560823371e-01 5.437825419770910829e-01 4.192321752166198734e-01 5.864118775477289436e-01
