1.200000000000000000e+03 1.000000000000000000e+00 1.000000000000000000e+00 1.000000000000000000e+00 5.245406467991643451e-01 5.158584994952600811e-01
1.200000000000000000e+03 9.851199138628383700e-01 9.990722883256335507e-01 9.384649897831598420e-01 5.245406467991643451e-01 5.158584994952600811e-01
1.201000000000000000e+03 1.000000000000000000e+00 1.000000000000000000e+00 1.000000000000000000e+00 3.410763461294756826e-01 3.973013749264174277e-01
1.201000000000000000e+03 9.702398277256768511e-01 9.981445766512671014e-01 8.769299795663196839e-01 3.410763461294756826e-01 3.973013749264174277e-01
1.202000000000000000e+03 1.000000000000000000e+00 1.000000000000000000e+00 1.000000000000000000e+00 6.461186878627438457e-01 2.738848425937957520e-01
1.202000000000000000e+03 9.553597415885153321e-01 9.972168649769007631e-01 8.153949693494795259e-01 6.461186878627438457e-01 2.738848425937957520e-01
1.203000000000000000e+03 1.000000000000000000e+00 1.000000000000000000e+00 1.000000000000000000e+00 4.407214377155786456e-01 5.917321503348442757e-01
1.203000000000000000e+03 9.404796554513537021e-01 9.962891533025343138e-01 7.538599591326393679e-01 4.407214377155786456e-01 5.917321503348442757e-01
1.204000000000000000e+03 1.000000000000000000e+00 1.000000000000000000e+00 1.000000000000000000e+00 3.541122067621239045e-01 5.313526256595075825e-01
1.204000000000000000e+03 9.851199138628383700e-01 9.990722883256335507e-01 9.384649897831598420e-01 3.541122067621239045e-01 5.313526256595075825e-01
1.205000000000000000e+03 1.000000000000000000e+00 1.000000000000000000e+00 1.000000000000000000e+00 8.023161704897976421e-01 4.350294804396171999e-01
1.205000000000000000e+03 9.702398277256768511e-01 9.981445766512671014e-01 8.769299795663196839e-01 8.023161704897976421e-01 4.350294804396171999e-01
1.206000000000000000e+03 1.000000000000000000e+00 1.000000000000000000e+00 1.000000000000000000e+00 4.518384273900548087e-01 2.758980181361631034e-01
1.206000000000000000e+03 9.553597415885153321e-01 9.972168649769007631e-01 8.153949693494795259e-01 4.518384273900548087e-01 2.758980181361631034e-01
1.207000000000000000e+03 1.000000000000000000e+00 1.000000000000000000e+00 1.000000000000000000e+00 5.145436787090700292e-01 5.676736046119152945e-01
1.207000000000000000e+03 9.404796554513537021e-01 9.962891533025343138e-01 7.538599591326393679e-01 5.145436787090700292e-01 5.676736046119152945e-01
1.208000000000000000e+03 1.000000000000000000e+00 1.000000000000000000e+00 1.000000000000000000e+00 5.279689953267330260e-01 5.404996376770914157e-01
1.208000000000000000e+03 9.851199138628383700e-01 9.990722883256335507e-01 9.384649897831598420e-01 5.279689953267330260e-01 5.404996376770914157e-01
1.209000000000000000e+03 1.000000000000000000e+00 1.000000000000000000e+00 1.000000000000000000e+00 3.811095722460459134e-01 3.278443973027763136e-01
1.209000000000000000e+03 9.702398277256768511e-01 9.981445766512671014e-01 8.769299795663196839e-01 3.811095722460459134e-01 3.278443973027763136e-01
1.210000000000000000e+03 1.000000000000000000e+00 1.000000000000000000e+00 1.000000000000000000e+00 7.379835852072897939e-01 3.356488560324354387e-01
1.210000000000000000e+03 9.553597415885153321e-01 9.972168649769007631e-01 8.153949693494795259e-01 7.379835852072897939e-01 3.356488560324354387e-01
1.211000000000000000e+03 1.000000000000000000e+00 1.000000000000000000e+00 1.000000000000000000e+00 3.936723798128424767e-01 5.734297115403436118e-01
1.211000000000000000e+03 9.404796554513537021e-01 9.962891533025343138e-01 7.538599591326393679e-01 3.936723798128424767e-01 5.734297115403436118e-01
1.212000000000000000e+03 1.000000000000000000e+00 1.000000000000000000e+00 1.000000000000000000e+00 4.839385817652102628e-01 5.877611314640465157e-01
1.212000000000000000e+03 9.851199138628383700e-01 9.990722883256335507e-01 9.384649897831598420e-01 4.839385817652102628e-01 5.877611314640465157e-01
1.213000000000000000e+03 1.000000000000000000e+00 1.000000000000000000e+00 1.000000000000000000e+00 5.448650824597017772e-01 2.548528814620765748e-01
1.213000000000000000e+03 9.702398277256768511e-01 9.981445766512671014e-01 8.769299795663196839e-01 5.448650824597017772e-01 2.548528814620765748e-01
1.214000000000000000e+03 1.000000000000000000e+00 1.000000000000000000e+00 1.000000000000000000e+00 3.335458749990150018e-01 4.695367496527543261e-01
1.214000000000000000e+03 9.553597415885153321e-01 9.972168649769007631e-01 8.153949693494795259e-01 3.335458749990150018e-01 4.695367496527543261e-01
1.215000000000000000e+03 1.000000000000000000e+00 1.000000000000000000e+00 1.000000000000000000e+00 5.090681379271081441e-01 5.016595861223337449e-01
1.215000000000000000e+03 9.404796554513537021e-01 9.962891533025343138e-01 7.538599591326393679e-01 5.090681379271081441e-01 5.016595861223337449e-01
1.216000000000000000e+03 1.000000000000000000e+00 1.000000000000000000e+00 1.000000000000000000e+00 5.066603698395910627e-01 5.008837845678475453e-01
1.216000000000000000e+03 9.851199138628383700e-01 9.990722883256335507e-01 9.384649897831598420e-01 5.066603698395910627e-01 5.008837845678475453e-01
1.217000000000000000e+03 1.000000000000000000e+00 1.000000000000000000e+00 1.000000000000000000e+00 3.347298925850304419e-01 4.780698108396911894e-01
1.217000000000000000e+03 9.702398277256768511e-01 9.981445766512671014e-01 8.769299795663196839e-01 3.347298925850304419e-01 4.780698108396911894e-01
1.218000000000000000e+03 1.000000000000000000e+00 1.000000000000000000e+00 1.000000000000000000e+00 5.324533914565393600e-01 2.554250237973412219e-01
1.218000000000000000e+03 9.553597415885153321e-01 9.972168649769007631e-01 8.153949693494795259e-01 5.324533914565393600e-01 2.554250237973412219e-01
1.219000000000000000e+03 1.000000000000000000e+00 1.000000000000000000e+00 1.000000000000000000e+00 4.885930131359218498e-01 5.859652386272803382e-01
1.219000000000000000e+03 9.404796554513537021e-01 9.962891533025343138e-01 7.538599591326393679e-01 4.885930131359218498e-01 5.859652386272803382e-01
