4.860000000000000000e+03 1.000000000000000000e+00 1.000000000000000000e+00 1.000000000000000000e+00 4.962767836500163732e-01 5.822204308215657154e-01
4.860000000000000000e+03 9.896324759333963161e-01 1.003741826663685499e+00 9.211913051829290211e-01 4.962767836500163732e-01 5.822204308215657154e-01
4.861000000000000000e+03 1.000000000000000000e+00 1.000000000000000000e+00 1.000000000000000000e+00 5.109611347977922602e-01 2.579433638413991536e-01
4.861000000000000000e+03 9.792649518667925213e-01 1.007483653327370998e+00 8.423826103658580422e-01 5.109611347977922602e-01 2.579433638413991536e-01
4.862000000000000000e+03 1.000000000000000000e+00 1.000000000000000000e+00 1.000000000000000000e+00 3.378614665099166636e-01 4.926578244261120565e-01
4.862000000000000000e+03 9.688974278001887264e-01 1.011225479991056275e+00 7.635739155487869523e-01 3.378614665099166636e-01 4.926578244261120565e-01
4.863000000000000000e+03 1.000000000000000000e+00 1.000000000000000000e+00 1.000000000000000000e+00 5.023023281530480944e-01 5.001042571260793101e-01
4.863000000000000000e+03 9.585299037335850425e-01 1.014967306654741774e+00 6.847652207317159734e-01 5.023023281530480944e-01 5.001042571260793101e-01
4.864000000000000000e+03 1.000000000000000000e+00 1.000000000000000000e+00 1.000000000000000000e+00 5.016787740687005392e-01 5.000553870374274679e-01
4.864000000000000000e+03 9.896324759333963161e-01 1.003741826663685499e+00 9.211913051829290211e-01 5.016787740687005392e-01 5.000553870374274679e-01
4.865000000000000000e+03 1.000000000000000000e+00 1.000000000000000000e+00 1.000000000000000000e+00 3.384082355732230818e-01 4.946686756299490395e-01
4.865000000000000000e+03 9.792649518667925213e-01 1.007483653327370998e+00 8.423826103658580422e-01 3.384082355732230818e-01 4.946686756299490395e-01
4.866000000000000000e+03 1.000000000000000000e+00 1.000000000000000000e+00 1.000000000000000000e+00 5.079692930363628456e-01 2.584517403941849478e-01
4.866000000000000000e+03 9.688974278001887264e-01 1.011225479991056275e+00 7.635739155487869523e-01 5.079692930363628456e-01 2.584517403941849478e-01
4.867000000000000000e+03 1.000000000000000000e+00 1.000000000000000000e+00 1.000000000000000000e+00 4.973066442962607581e-01 5.816352692477386732e-01
4.867000000000000000e+03 9.585299037335850425e-01 1.014967306654741774e+00 6.847652207317159734e-01 4.973066442962607581e-01 5.816352692477386732e-01
4.868000000000000000e+03 1.000000000000000000e+00 1.000000000000000000e+00 1.000000000000000000e+00 4.111691047119158116e-01 5.831565895910545416e-01
4.868000000000000000e+03 9.896324759333963161e-01 1.003741826663685499e+00 9.211913051829290211e-01 4.111691047119158116e-01 5.831565895910545416e-01
4.869000000000000000e+03 1.000000000000000000e+00 1.000000000000000000e+00 1.000000000000000000e+00 7.056371062351123324e-01 3.074985015919440845e-01
4.869000000000000000e+03 9.792649518667925213e-01 1.007483653327370998e+00 8.423826103658580422e-01 7.056371062351123324e-01 3.074985015919440845e-01
4.870000000000000000e+03 1.000000000000000000e+00 1.000000000000000000e+00 1.000000000000000000e+00 3.621709560004447437e-01 3.527659992384017396e-01
4.870000000000000000e+03 9.688974278001887264e-01 1.011225479991056275e+00 7.635739155487869523e-01 3.621709560004447437e-01 3.527659992384017396e-01
4.871000000000000000e+03 1.000000000000000000e+00 1.000000000000000000e+00 1.000000000000000000e+00 5.284841351825538824e-01 5.304277898145700609e-01
4.871000000000000000e+03 9.585299037335850425e-01 1.014967306654741774e+00 6.847652207317159734e-01 5.284841351825538824e-01 5.304277898145700609e-01
4.872000000000000000e+03 1.000000000000000000e+00 1.000000000000000000e+00 1.000000000000000000e+00 5.217119136401193735e-01 5.577319379215842643e-01
4.872000000000000000e+03 9.896324759333963161e-01 1.003741826663685499e+00 9.211913051829290211e-01 5.217119136401193735e-01 5.577319379215842643e-01
4.873000000000000000e+03 1.000000000000000000e+00 1.000000000000000000e+00 1.000000000000000000e+00 4.219663648463095607e-01 2.925087094965227452e-01
4.873000000000000000e+03 9.792649518667925213e-01 1.007483653327370998e+00 8.423826103658580422e-01 4.219663648463095607e-01 2.925087094965227452e-01
4.874000000000000000e+03 1.000000000000000000e+00 1.000000000000000000e+00 1.000000000000000000e+00 7.823709667944237500e-01 3.938055040895239722e-01
4.874000000000000000e+03 9.688974278001887264e-01 1.011225479991056275e+00 7.635739155487869523e-01 7.823709667944237500e-01 3.938055040895239722e-01
4.875000000000000000e+03 1.000000000000000000e+00 1.000000000000000000e+00 1.000000000000000000e+00 3.673883857874692405e-01 5.498727743969048509e-01
4.875000000000000000e+03 9.585299037335850425e-01 1.014967306654741774e+00 6.847652207317159734e-01 3.673883857874692405e-01 5.498727743969048509e-01
4.876000000000000000e+03 1.000000000000000000e+00 1.000000000000000000e+00 1.000000000000000000e+00 4.580124009354677450e-01 5.926056174046355762e-01
4.876000000000000000e+03 9.896324759333963161e-01 1.003741826663685499e+00 9.211913051829290211e-01 4.580124009354677450e-01 5.926056174046355762e-01
4.877000000000000000e+03 1.000000000000000000e+00 1.000000000000000000e+00 1.000000000000000000e+00 6.080579816109494828e-01 2.616730576282543796e-01
4.877000000000000000e+03 9.792649518667925213e-01 1.007483653327370998e+00 8.423826103658580422e-01 6.080579816109494828e-01 2.616730576282543796e-01
4.878000000000000000e+03 1.000000000000000000e+00 1.000000000000000000e+00 1.000000000000000000e+00 3.345337201118093740e-01 4.249772096622591033e-01
4.878000000000000000e+03 9.688974278001887264e-01 1.011225479991056275e+00 7.635739155487869523e-01 3.345337201118093740e-01 4.249772096622591033e-01
4.879000000000000000e+03 1.000000000000000000e+00 1.000000000000000000e+00 1.000000000000000000e+00 5.197449549210805264e-01 5.089524077913236688e-01
4.879000000000000000e+03 9.585299037335850425e-01 1.014967306654741774e+00 6.847652207317159734e-01 5.197449549210805264e-01 5.089524077913236688e-01
