4.380000000000000000e+03 1.000000000000000000e+00 1.000000000000000000e+00 1.000000000000000000e+00 4.785385720948083788e-01 5.894537292308454912e-01
4.380000000000000000e+03 9.011586513679381572e-01 1.010203949397555645e+00 1.015178838030737829e+00 4.785385720948083788e-01 5.894537292308454912e-01
4.381000000000000000e+03 1.000000000000000000e+00 1.000000000000000000e+00 1.000000000000000000e+00 5.587888201343487182e-01 2.549613557247625284e-01
4.381000000000000000e+03 8.023173027358764253e-01 1.020407898795111290e+00 1.030357676061475436e+00 5.587888201343487182e-01 2.549613557247625284e-01
4.382000000000000000e+03 1.000000000000000000e+00 1.000000000000000000e+00 1.000000000000000000e+00 3.327538132469585186e-01 4.598748759802299135e-01
4.382000000000000000e+03 7.034759541038146935e-01 1.030611848192666935e+00 1.045536514092213043e+00 3.327538132469585186e-01 4.598748759802299135e-01
4.383000000000000000e+03 1.000000000000000000e+00 1.000000000000000000e+00 1.000000000000000000e+00 5.116612717086495010e-01 5.027977317906130450e-01
4.383000000000000000e+03 6.046346054717528506e-01 1.040815797590222580e+00 1.060715352122950872e+00 5.116612717086495010e-01 5.027977317906130450e-01
4.384000000000000000e+03 1.000000000000000000e+00 1.000000000000000000e+00 1.000000000000000000e+00 5.160551752944509962e-01 5.055646906742071733e-01
4.384000000000000000e+03 9.011586513679381572e-01 1.010203949397555645e+00 1.015178838030737829e+00 5.160551752944509962e-01 5.055646906742071733e-01
4.385000000000000000e+03 1.000000000000000000e+00 1.000000000000000000e+00 1.000000000000000000e+00 3.327678177950406657e-01 4.420376702417644355e-01
4.385000000000000000e+03 8.023173027358764253e-01 1.020407898795111290e+00 1.030357676061475436e+00 3.327678177950406657e-01 4.420376702417644355e-01
4.386000000000000000e+03 1.000000000000000000e+00 1.000000000000000000e+00 1.000000000000000000e+00 5.841611493002498712e-01 2.571793143397864689e-01
4.386000000000000000e+03 7.034759541038146935e-01 1.030611848192666935e+00 1.045536514092213043e+00 5.841611493002498712e-01 2.571793143397864689e-01
4.387000000000000000e+03 1.000000000000000000e+00 1.000000000000000000e+00 1.000000000000000000e+00 4.682364897837786311e-01 5.916436787497051375e-01
4.387000000000000000e+03 6.046346054717528506e-01 1.040815797590222580e+00 1.060715352122950872e+00 4.682364897837786311e-01 5.916436787497051375e-01
4.388000000000000000e+03 1.000000000000000000e+00 1.000000000000000000e+00 1.000000000000000000e+00 3.767506866699267265e-01 5.598035634364757485e-01
4.388000000000000000e+03 9.011586513679381572e-01 1.010203949397555645e+00 1.015178838030737829e+00 3.767506866699267265e-01 5.598035634364757485e-01
4.389000000000000000e+03 1.000000000000000000e+00 1.000000000000000000e+00 1.000000000000000000e+00 7.671983259904611163e-01 3.703488757320999580e-01
4.389000000000000000e+03 8.023173027358764253e-01 1.020407898795111290e+00 1.030357676061475436e+00 7.671983259904611163e-01 3.703488757320999580e-01
4.390000000000000000e+03 1.000000000000000000e+00 1.000000000000000000e+00 1.000000000000000000e+00 4.052726561478121048e-01 3.047761803397328051e-01
4.390000000000000000e+03 7.034759541038146935e-01 1.030611848192666935e+00 1.045536514092213043e+00 4.052726561478121048e-01 3.047761803397328051e-01
4.391000000000000000e+03 1.000000000000000000e+00 1.000000000000000000e+00 1.000000000000000000e+00 5.248797830207636572e-01 5.512748069998794076e-01
4.391000000000000000e+03 6.046346054717528506e-01 1.040815797590222580e+00 1.060715352122950872e+00 5.248797830207636572e-01 5.512748069998794076e-01
4.392000000000000000e+03 1.000000000000000000e+00 1.000000000000000000e+00 1.000000000000000000e+00 5.045443818693273741e-01 5.768579568389694545e-01
4.392000000000000000e+03 9.011586513679381572e-01 1.010203949397555645e+00 1.015178838030737829e+00 5.045443818693273741e-01 5.768579568389694545e-01
4.393000000000000000e+03 1.000000000000000000e+00 1.000000000000000000e+00 1.000000000000000000e+00 4.860117885331255994e-01 2.634209923175913626e-01
4.393000000000000000e+03 8.023173027358764253e-01 1.020407898795111290e+00 1.030357676061475436e+00 4.860117885331255994e-01 2.634209923175913626e-01
4.394000000000000000e+03 1.000000000000000000e+00 1.000000000000000000e+00 1.000000000000000000e+00 8.164395331041283121e-01 4.812898737343521138e-01
4.394000000000000000e+03 7.034759541038146935e-01 1.030611848192666935e+00 1.045536514092213043e+00 8.164395331041283121e-01 4.812898737343521138e-01
4.395000000000000000e+03 1.000000000000000000e+00 1.000000000000000000e+00 1.000000000000000000e+00 3.432815177393109818e-01 5.092662966681008596e-01
4.395000000000000000e+03 6.046346054717528506e-01 1.040815797590222580e+00 1.060715352122950872e+00 3.432815177393109818e-01 5.092662966681008596e-01
4.396000000000000000e+03 1.000000000000000000e+00 1.000000000000000000e+00 1.000000000000000000e+00 4.223010702169139319e-01 5.874645542296890177e-01
4.396000000000000000e+03 9.011586513679381572e-01 1.010203949397555645e+00 1.015178838030737829e+00 4.223010702169139319e-01 5.874645542296890177e-01
4.397000000000000000e+03 1.000000000000000000e+00 1.000000000000000000e+00 1.000000000000000000e+00 6.839609719839274682e-01 2.929178116718780256e-01
4.397000000000000000e+03 8.023173027358764253e-01 1.020407898795111290e+00 1.030357676061475436e+00 6.839609719839274682e-01 2.929178116718780256e-01
4.398000000000000000e+03 1.000000000000000000e+00 1.000000000000000000e+00 1.000000000000000000e+00 3.527266287210945039e-01 3.691700491164931486e-01
4.398000000000000000e+03 7.034759541038146935e-01 1.030611848192666935e+00 1.045536514092213043e+00 3.527266287210945039e-01 3.691700491164931486e-01
4.399000000000000000e+03 1.000000000000000000e+00 1.000000000000000000e+00 1.000000000000000000e+00 5.276557371804726504e-01 5.245679086826653403e-01
4.399000000000000000e+03 6.046346054717528506e-01 1.040815797590222580e+00 1.060715352122950872e+00 5.276557371804726504e-01 5.245679086826653403e-01
