2.000000000000000000e+01 1.000000000000000000e+00 1.000000000000000000e+00 1.000000000000000000e+00 3.528822079395154132e-01 5.292635483024192844e-01
2.000000000000000000e+01 1.000366052862791788e+00 1.000040894128350510e+00 8.856158728042822226e-01 3.528822079395154132e-01 5.292635483024192844e-01
2.100000000000000000e+01 1.000000000000000000e+00 1.000000000000000000e+00 1.000000000000000000e+00 8.040434369250013535e-01 4.395220001750000938e-01
2.100000000000000000e+01 1.000732105725583576e+00 1.000081788256701021e+00 7.712317456085643341e-01 8.040434369250013535e-01 4.395220001750000938e-01
2.200000000000000000e+01 1.000000000000000000e+00 1.000000000000000000e+00 1.000000000000000000e+00 4.551292259362904047e-01 2.744193855072570298e-01
2.200000000000000000e+01 1.001098158588375364e+00 1.000122682385051309e+00 6.568476184128464457e-01 4.551292259362904047e-01 2.744193855072570298e-01
2.300000000000000000e+01 1.000000000000000000e+00 1.000000000000000000e+00 1.000000000000000000e+00 5.136563225411290290e-01 5.686549696282261479e-01
2.300000000000000000e+01 1.001464211451167152e+00 1.000163576513401820e+00 5.424634912171286683e-01 5.136563225411290290e-01 5.686549696282261479e-01
2.400000000000000000e+01 1.000000000000000000e+00 1.000000000000000000e+00 1.000000000000000000e+00 5.277785116509801089e-01 5.415734806151272229e-01
2.400000000000000000e+01 1.000366052862791788e+00 1.000040894128350510e+00 8.856158728042822226e-01 5.277785116509801089e-01 5.415734806151272229e-01
2.500000000000000000e+01 1.000000000000000000e+00 1.000000000000000000e+00 1.000000000000000000e+00 3.833302510658835316e-01 3.253913814164655083e-01
2.500000000000000000e+01 1.000732105725583576e+00 1.000081788256701021e+00 7.712317456085643341e-01 3.833302510658835316e-01 3.253913814164655083e-01
2.600000000000000000e+01 1.000000000000000000e+00 1.000000000000000000e+00 1.000000000000000000e+00 7.411261875677380706e-01 3.388846324243153796e-01
2.600000000000000000e+01 1.001098158588375364e+00 1.000122682385051309e+00 6.568476184128464457e-01 7.411261875677380706e-01 3.388846324243153796e-01
2.700000000000000000e+01 1.000000000000000000e+00 1.000000000000000000e+00 1.000000000000000000e+00 3.919089504006690872e-01 5.722241302925482609e-01
2.700000000000000000e+01 1.001464211451167152e+00 1.000163576513401820e+00 5.424634912171286683e-01 3.919089504006690872e-01 5.722241302925482609e-01
2.800000000000000000e+01 1.000000000000000000e+00 1.000000000000000000e+00 1.000000000000000000e+00 4.824418710185484627e-01 5.882706752362907299e-01
2.800000000000000000e+01 1.000366052862791788e+00 1.000040894128350510e+00 8.856158728042822226e-01 4.824418710185484627e-01 5.882706752362907299e-01
2.900000000000000000e+01 1.000000000000000000e+00 1.000000000000000000e+00 1.000000000000000000e+00 5.487725805040321037e-01 2.548036798991923924e-01
2.900000000000000000e+01 1.000732105725583576e+00 1.000081788256701021e+00 7.712317456085643341e-01 5.487725805040321037e-01 2.548036798991923924e-01
3.000000000000000000e+01 1.000000000000000000e+00 1.000000000000000000e+00 1.000000000000000000e+00 3.332665023314508312e-01 4.668346452572581518e-01
3.000000000000000000e+01 1.001098158588375364e+00 1.000122682385051309e+00 6.568476184128464457e-01 3.332665023314508312e-01 4.668346452572581518e-01
3.100000000000000000e+01 1.000000000000000000e+00 1.000000000000000000e+00 1.000000000000000000e+00 5.098078528040322910e-01 5.019509032201613374e-01
3.100000000000000000e+01 1.001464211451167152e+00 1.000163576513401820e+00 5.424634912171286683e-01 5.098078528040322910e-01 5.019509032201613374e-01
3.200000000000000000e+01 1.000000000000000000e+00 1.000000000000000000e+00 1.000000000000000000e+00 5.143541050359831113e-01 5.043542701588169530e-01
3.200000000000000000e+01 1.000366052862791788e+00 1.000040894128350510e+00 8.856158728042822226e-01 5.143541050359831113e-01 5.043542701588169530e-01
3.300000000000000000e+01 1.000000000000000000e+00 1.000000000000000000e+00 1.000000000000000000e+00 3.325354412468634058e-01 4.492001814804691406e-01
3.300000000000000000e+01 1.000732105725583576e+00 1.000081788256701021e+00 7.712317456085643341e-01 3.325354412468634058e-01 4.492001814804691406e-01
3.400000000000000000e+01 1.000000000000000000e+00 1.000000000000000000e+00 1.000000000000000000e+00 5.740225926998878681e-01 2.559802143882867198e-01
3.400000000000000000e+01 1.001098158588375364e+00 1.000122682385051309e+00 6.568476184128464457e-01 5.740225926998878681e-01 2.559802143882867198e-01
3.500000000000000000e+01 1.000000000000000000e+00 1.000000000000000000e+00 1.000000000000000000e+00 4.724229556608260938e-01 5.909093318945598527e-01
3.500000000000000000e+01 1.001464211451167152e+00 1.000163576513401820e+00 5.424634912171286683e-01 4.724229556608260938e-01 5.909093318945598527e-01
3.600000000000000000e+01 1.000000000000000000e+00 1.000000000000000000e+00 1.000000000000000000e+00 3.809406293129720678e-01 5.636385594715097591e-01
3.600000000000000000e+01 1.000366052862791788e+00 1.000040894128350510e+00 8.856158728042822226e-01 3.809406293129720678e-01 5.636385594715097591e-01
3.700000000000000000e+01 1.000000000000000000e+00 1.000000000000000000e+00 1.000000000000000000e+00 7.601667729827645825e-01 3.609379626363306004e-01
3.700000000000000000e+01 1.000732105725583576e+00 1.000081788256701021e+00 7.712317456085643341e-01 7.601667729827645825e-01 3.609379626363306004e-01
3.800000000000000000e+01 1.000000000000000000e+00 1.000000000000000000e+00 1.000000000000000000e+00 3.986497015824104762e-01 3.103869281651037149e-01
3.800000000000000000e+01 1.001098158588375364e+00 1.000122682385051309e+00 6.568476184128464457e-01 3.986497015824104762e-01 3.103869281651037149e-01
3.900000000000000000e+01 1.000000000000000000e+00 1.000000000000000000e+00 1.000000000000000000e+00 5.259268205254298278e-01 5.485056695391594683e-01
3.900000000000000000e+01 1.001464211451167152e+00 1.000163576513401820e+00 5.424634912171286683e-01 5.259268205254298278e-01 5.485056695391594683e-01
