4.580000000000000000e+03 1.000000000000000000e+00 1.000000000000000000e+00 1.000000000000000000e+00 3.902449063371025706e-01 5.710446268716626861e-01
4.580000000000000000e+03 9.017203424476394336e-01 9.958703961865292831e-01 1.011223020957897845e+00 3.902449063371025706e-01 5.710446268716626861e-01
4.581000000000000000e+03 1.000000000000000000e+00 1.000000000000000000e+00 1.000000000000000000e+00 7.440714556716300221e-01 3.420122026274918792e-01
4.581000000000000000e+03 8.034406848952788671e-01 9.917407923730585662e-01 1.022446041915795689e+00 7.440714556716300221e-01 3.420122026274918792e-01
4.582000000000000000e+03 1.000000000000000000e+00 1.000000000000000000e+00 1.000000000000000000e+00 3.854837878779145965e-01 3.230867253327362465e-01
4.582000000000000000e+03 7.051610273429181897e-01 9.876111885595878492e-01 1.033669062873693312e+00 3.854837878779145965e-01 3.230867253327362465e-01
4.583000000000000000e+03 1.000000000000000000e+00 1.000000000000000000e+00 1.000000000000000000e+00 5.275730416212398577e-01 5.425969126585311608e-01
4.583000000000000000e+03 6.068813697905576232e-01 9.834815847461171323e-01 1.044892083831591156e+00 5.275730416212398577e-01 5.425969126585311608e-01
4.584000000000000000e+03 1.000000000000000000e+00 1.000000000000000000e+00 1.000000000000000000e+00 5.127885822187572273e-01 5.695766430429007876e-01
4.584000000000000000e+03 9.017203424476394336e-01 9.958703961865292831e-01 1.011223020957897845e+00 5.127885822187572273e-01 5.695766430429007876e-01
4.585000000000000000e+03 1.000000000000000000e+00 1.000000000000000000e+00 1.000000000000000000e+00 4.582870485001661054e-01 2.730595083078877217e-01
4.585000000000000000e+03 8.034406848952788671e-01 9.917407923730585662e-01 1.022446041915795689e+00 4.582870485001661054e-01 2.730595083078877217e-01
4.586000000000000000e+03 1.000000000000000000e+00 1.000000000000000000e+00 1.000000000000000000e+00 8.056224160167179127e-01 4.438248638596278273e-01
4.586000000000000000e+03 7.051610273429181897e-01 9.876111885595878492e-01 1.033669062873693312e+00 8.056224160167179127e-01 4.438248638596278273e-01
4.587000000000000000e+03 1.000000000000000000e+00 1.000000000000000000e+00 1.000000000000000000e+00 3.517414326324934670e-01 5.272507668592955055e-01
4.587000000000000000e+03 6.068813697905576232e-01 9.834815847461171323e-01 1.044892083831591156e+00 3.517414326324934670e-01 5.272507668592955055e-01
4.588000000000000000e+03 1.000000000000000000e+00 1.000000000000000000e+00 1.000000000000000000e+00 4.371396703924945171e-01 5.911724248548919647e-01
4.588000000000000000e+03 9.017203424476394336e-01 9.958703961865292831e-01 1.011223020957897845e+00 4.371396703924945171e-01 5.911724248548919647e-01
4.589000000000000000e+03 1.000000000000000000e+00 1.000000000000000000e+00 1.000000000000000000e+00 6.536807564407832727e-01 2.771019129914439882e-01
4.589000000000000000e+03 8.034406848952788671e-01 9.917407923730585662e-01 1.022446041915795689e+00 6.536807564407832727e-01 2.771019129914439882e-01
4.590000000000000000e+03 1.000000000000000000e+00 1.000000000000000000e+00 1.000000000000000000e+00 3.429647440682760395e-01 3.917294569758555944e-01
4.590000000000000000e+03 7.051610273429181897e-01 9.876111885595878492e-01 1.033669062873693312e+00 3.429647440682760395e-01 3.917294569758555944e-01
4.591000000000000000e+03 1.000000000000000000e+00 1.000000000000000000e+00 1.000000000000000000e+00 5.253095937780599689e-01 5.174501161908665603e-01
4.591000000000000000e+03 6.068813697905576232e-01 9.834815847461171323e-01 1.044892083831591156e+00 5.253095937780599689e-01 5.174501161908665603e-01
4.592000000000000000e+03 1.000000000000000000e+00 1.000000000000000000e+00 1.000000000000000000e+00 5.190455772668871592e-01 5.082161018041519984e-01
4.592000000000000000e+03 9.017203424476394336e-01 9.958703961865292831e-01 1.011223020957897845e+00 5.190455772668871592e-01 5.082161018041519984e-01
4.593000000000000000e+03 1.000000000000000000e+00 1.000000000000000000e+00 1.000000000000000000e+00 3.340416459248839454e-01 4.284069622451766035e-01
4.593000000000000000e+03 8.034406848952788671e-01 9.917407923730585662e-01 1.022446041915795689e+00 3.340416459248839454e-01 4.284069622451766035e-01
4.594000000000000000e+03 1.000000000000000000e+00 1.000000000000000000e+00 1.000000000000000000e+00 6.032815057301590400e-01 2.605852575207694422e-01
4.594000000000000000e+03 7.051610273429181897e-01 9.876111885595878492e-01 1.033669062873693312e+00 6.032815057301590400e-01 2.605852575207694422e-01
4.595000000000000000e+03 1.000000000000000000e+00 1.000000000000000000e+00 1.000000000000000000e+00 4.600954302205123025e-01 5.925019656710015514e-01
4.595000000000000000e+03 6.068813697905576232e-01 9.834815847461171323e-01 1.044892083831591156e+00 4.600954302205123025e-01 5.925019656710015514e-01
4.596000000000000000e+03 1.000000000000000000e+00 1.000000000000000000e+00 1.000000000000000000e+00 3.692001204331445963e-01 5.519591651932677090e-01
4.596000000000000000e+03 9.017203424476394336e-01 9.958703961865292831e-01 1.011223020957897845e+00 3.692001204331445963e-01 5.519591651932677090e-01
4.597000000000000000e+03 1.000000000000000000e+00 1.000000000000000000e+00 1.000000000000000000e+00 7.794971614724450770e-01 3.889720752642329415e-01
4.597000000000000000e+03 8.034406848952788671e-01 9.917407923730585662e-01 1.022446041915795689e+00 7.794971614724450770e-01 3.889720752642329415e-01
4.598000000000000000e+03 1.000000000000000000e+00 1.000000000000000000e+00 1.000000000000000000e+00 4.185064550354826163e-01 2.948514794803498429e-01
4.598000000000000000e+03 7.051610273429181897e-01 9.876111885595878492e-01 1.033669062873693312e+00 4.185064550354826163e-01 2.948514794803498429e-01
4.599000000000000000e+03 1.000000000000000000e+00 1.000000000000000000e+00 1.000000000000000000e+00 5.224247854220180898e-01 5.564512386140605393e-01
4.599000000000000000e+03 6.068813697905576232e-01 9.834815847461171323e-01 1.044892083831591156e+00 5.224247854220180898e-01 5.564512386140605393e-01
