2.480000000000000000e+03 1.000000000000000000e+00 1.000000000000000000e+00 1.000000000000000000e+00 5.240751825032675670e-01 5.149879864499866677e-01
2.480000000000000000e+03 9.236255943644674504e-01 1.008197185823878961e+00 1.000500387607437425e+00 5.240751825032675670e-01 5.149879864499866677e-01
2.481000000000000000e+03 1.000000000000000000e+00 1.000000000000000000e+00 1.000000000000000000e+00 3.400956886628700437e-01 4.004516933032568615e-01
2.481000000000000000e+03 8.472511887289349009e-01 1.016394371647757700e+00 1.001000775214874849e+00 3.400956886628700437e-01 4.004516933032568615e-01
2.482000000000000000e+03 1.000000000000000000e+00 1.000000000000000000e+00 1.000000000000000000e+00 6.418284668201214016e-01 2.721811242459388769e-01
2.482000000000000000e+03 7.708767830934023513e-01 1.024591557471636438e+00 1.001501162822312496e+00 6.418284668201214016e-01 2.721811242459388769e-01
2.483000000000000000e+03 1.000000000000000000e+00 1.000000000000000000e+00 1.000000000000000000e+00 4.427318534266350691e-01 5.919897469201987894e-01
2.483000000000000000e+03 6.945023774578698017e-01 1.032788743295515399e+00 1.002001550429749921e+00 4.427318534266350691e-01 5.919897469201987894e-01
2.484000000000000000e+03 1.000000000000000000e+00 1.000000000000000000e+00 1.000000000000000000e+00 3.554990128783633851e-01 5.336150096127197928e-01
2.484000000000000000e+03 9.236255943644674504e-01 1.008197185823878961e+00 1.000500387607437425e+00 3.554990128783633851e-01 5.336150096127197928e-01
2.485000000000000000e+03 1.000000000000000000e+00 1.000000000000000000e+00 1.000000000000000000e+00 8.003398610685095171e-01 4.301324681719825294e-01
2.485000000000000000e+03 8.472511887289349009e-01 1.016394371647757700e+00 1.001000775214874849e+00 8.003398610685095171e-01 4.301324681719825294e-01
2.486000000000000000e+03 1.000000000000000000e+00 1.000000000000000000e+00 1.000000000000000000e+00 4.482587292796313405e-01 2.775795759049269895e-01
2.486000000000000000e+03 7.708767830934023513e-01 1.024591557471636438e+00 1.001501162822312496e+00 4.482587292796313405e-01 2.775795759049269895e-01
2.487000000000000000e+03 1.000000000000000000e+00 1.000000000000000000e+00 1.000000000000000000e+00 5.154887485050709817e-01 5.665815501482001082e-01
2.487000000000000000e+03 6.945023774578698017e-01 1.032788743295515399e+00 1.002001550429749921e+00 5.154887485050709817e-01 5.665815501482001082e-01
2.488000000000000000e+03 1.000000000000000000e+00 1.000000000000000000e+00 1.000000000000000000e+00 5.281481540641359551e-01 5.393231556868506305e-01
2.488000000000000000e+03 9.236255943644674504e-01 1.008197185823878961e+00 1.000500387607437425e+00 5.281481540641359551e-01 5.393231556868506305e-01
2.489000000000000000e+03 1.000000000000000000e+00 1.000000000000000000e+00 1.000000000000000000e+00 3.787219274813400371e-01 3.305737379372687412e-01
2.489000000000000000e+03 8.472511887289349009e-01 1.016394371647757700e+00 1.001000775214874849e+00 3.787219274813400371e-01 3.305737379372687412e-01
2.490000000000000000e+03 1.000000000000000000e+00 1.000000000000000000e+00 1.000000000000000000e+00 7.344778152506714619e-01 3.321569682540779223e-01
2.490000000000000000e+03 7.708767830934023513e-01 1.024591557471636438e+00 1.001501162822312496e+00 7.344778152506714619e-01 3.321569682540779223e-01
2.491000000000000000e+03 1.000000000000000000e+00 1.000000000000000000e+00 1.000000000000000000e+00 3.956252911252091109e-01 5.747131132913979590e-01
2.491000000000000000e+03 6.945023774578698017e-01 1.032788743295515399e+00 1.002001550429749921e+00 3.956252911252091109e-01 5.747131132913979590e-01
2.492000000000000000e+03 1.000000000000000000e+00 1.000000000000000000e+00 1.000000000000000000e+00 4.855620825974888422e-01 5.871718170710515938e-01
2.492000000000000000e+03 9.236255943644674504e-01 1.008197185823878961e+00 1.000500387607437425e+00 4.855620825974888422e-01 5.871718170710515938e-01
2.493000000000000000e+03 1.000000000000000000e+00 1.000000000000000000e+00 1.000000000000000000e+00 5.405819093037869116e-01 2.549785972865843409e-01
2.493000000000000000e+03 8.472511887289349009e-01 1.016394371647757700e+00 1.001000775214874849e+00 5.405819093037869116e-01 2.549785972865843409e-01
2.494000000000000000e+03 1.000000000000000000e+00 1.000000000000000000e+00 1.000000000000000000e+00 3.339033901077662625e-01 4.724900866468509930e-01
2.494000000000000000e+03 7.708767830934023513e-01 1.024591557471636438e+00 1.001501162822312496e+00 3.339033901077662625e-01 4.724900866468509930e-01
2.495000000000000000e+03 1.000000000000000000e+00 1.000000000000000000e+00 1.000000000000000000e+00 5.082470242498695612e-01 5.013659214518733087e-01
2.495000000000000000e+03 6.945023774578698017e-01 1.032788743295515399e+00 1.002001550429749921e+00 5.082470242498695612e-01 5.013659214518733087e-01
2.496000000000000000e+03 1.000000000000000000e+00 1.000000000000000000e+00 1.000000000000000000e+00 5.058206399090707794e-01 5.006726265230849737e-01
2.496000000000000000e+03 9.236255943644674504e-01 1.008197185823878961e+00 1.000500387607437425e+00 5.058206399090707794e-01 5.006726265230849737e-01
2.497000000000000000e+03 1.000000000000000000e+00 1.000000000000000000e+00 1.000000000000000000e+00 3.352370863072363094e-01 4.809601852198733818e-01
2.497000000000000000e+03 8.472511887289349009e-01 1.016394371647757700e+00 1.001000775214874849e+00 3.352370863072363094e-01 4.809601852198733818e-01
2.498000000000000000e+03 1.000000000000000000e+00 1.000000000000000000e+00 1.000000000000000000e+00 5.282234089086472739e-01 2.557659494153897706e-01
2.498000000000000000e+03 7.708767830934023513e-01 1.024591557471636438e+00 1.001501162822312496e+00 5.282234089086472739e-01 2.557659494153897706e-01
2.499000000000000000e+03 1.000000000000000000e+00 1.000000000000000000e+00 1.000000000000000000e+00 4.901437793483941485e-01 5.852917768009172628e-01
2.499000000000000000e+03 6.945023774578698017e-01 1.032788743295515399e+00 1.002001550429749921e+00 4.901437793483941485e-01 5.852917768009172628e-01
