4.620000000000000000e+03 1.000000000000000000e+00 1.000000000000000000e+00 1.000000000000000000e+00 4.594030586490259194e-01 5.925415486074673277e-01
4.620000000000000000e+03 1.000267136481721719e+00 8.946292032825738927e-01 9.995692936394410255e-01 4.594030586490259194e-01 5.925415486074673277e-01
4.621000000000000000e+03 1.000000000000000000e+00 1.000000000000000000e+00 1.000000000000000000e+00 6.048741241007189462e-01 2.609373137442196899e-01
4.621000000000000000e+03 1.000534272963443438e+00 7.892584065651477854e-01 9.991385872788820510e-01 6.048741241007189462e-01 2.609373137442196899e-01
4.622000000000000000e+03 1.000000000000000000e+00 1.000000000000000000e+00 1.000000000000000000e+00 3.341978825683761811e-01 4.272644672741535699e-01
4.622000000000000000e+03 1.000801409445164936e+00 6.838876098477217891e-01 9.987078809183231876e-01 3.341978825683761811e-01 4.272644672741535699e-01
4.623000000000000000e+03 1.000000000000000000e+00 1.000000000000000000e+00 1.000000000000000000e+00 5.192809797833107810e-01 5.084583499761016201e-01
4.623000000000000000e+03 1.001068545926886655e+00 5.785168131302956818e-01 9.982771745577642131e-01 5.192809797833107810e-01 5.084583499761016201e-01
4.624000000000000000e+03 1.000000000000000000e+00 1.000000000000000000e+00 1.000000000000000000e+00 5.254582288671896251e-01 5.177840433723168712e-01
4.624000000000000000e+03 1.000267136481721719e+00 8.946292032825738927e-01 9.995692936394410255e-01 5.254582288671896251e-01 5.177840433723168712e-01
4.625000000000000000e+03 1.000000000000000000e+00 1.000000000000000000e+00 1.000000000000000000e+00 3.433758523403465102e-01 3.905889859949661091e-01
4.625000000000000000e+03 1.000534272963443438e+00 7.892584065651477854e-01 9.991385872788820510e-01 3.433758523403465102e-01 3.905889859949661091e-01
4.626000000000000000e+03 1.000000000000000000e+00 1.000000000000000000e+00 1.000000000000000000e+00 6.552244993213922619e-01 2.777928929441145778e-01
4.626000000000000000e+03 1.000801409445164936e+00 6.838876098477217891e-01 9.987078809183231876e-01 6.552244993213922619e-01 2.777928929441145778e-01
4.627000000000000000e+03 1.000000000000000000e+00 1.000000000000000000e+00 1.000000000000000000e+00 4.364024713113245912e-01 5.910411882634215575e-01
4.627000000000000000e+03 1.001068545926886655e+00 5.785168131302956818e-01 9.982771745577642131e-01 4.364024713113245912e-01 5.910411882634215575e-01
4.628000000000000000e+03 1.000000000000000000e+00 1.000000000000000000e+00 1.000000000000000000e+00 3.512693238810126184e-01 5.263951623770631860e-01
4.628000000000000000e+03 1.000267136481721719e+00 8.946292032825738927e-01 9.995692936394410255e-01 3.512693238810126184e-01 5.263951623770631860e-01
4.629000000000000000e+03 1.000000000000000000e+00 1.000000000000000000e+00 1.000000000000000000e+00 8.062690390316773481e-01 4.456465792581962848e-01
4.629000000000000000e+03 1.000534272963443438e+00 7.892584065651477854e-01 9.991385872788820510e-01 8.062690390316773481e-01 4.456465792581962848e-01
4.630000000000000000e+03 1.000000000000000000e+00 1.000000000000000000e+00 1.000000000000000000e+00 4.596257084405664939e-01 2.725001424246676351e-01
4.630000000000000000e+03 1.000801409445164936e+00 6.838876098477217891e-01 9.987078809183231876e-01 4.596257084405664939e-01 2.725001424246676351e-01
4.631000000000000000e+03 1.000000000000000000e+00 1.000000000000000000e+00 1.000000000000000000e+00 5.124160331946930880e-01 5.699614946626423428e-01
4.631000000000000000e+03 1.001068545926886655e+00 5.785168131302956818e-01 9.982771745577642131e-01 5.124160331946930880e-01 5.699614946626423428e-01
4.632000000000000000e+03 1.000000000000000000e+00 1.000000000000000000e+00 1.000000000000000000e+00 5.274793508398930575e-01 5.430286694326088570e-01
4.632000000000000000e+03 1.000267136481721719e+00 8.946292032825738927e-01 9.995692936394410255e-01 5.274793508398930575e-01 5.430286694326088570e-01
4.633000000000000000e+03 1.000000000000000000e+00 1.000000000000000000e+00 1.000000000000000000e+00 3.864032650436554084e-01 3.221240237609904744e-01
4.633000000000000000e+03 1.000534272963443438e+00 7.892584065651477854e-01 9.991385872788820510e-01 3.864032650436554084e-01 3.221240237609904744e-01
4.634000000000000000e+03 1.000000000000000000e+00 1.000000000000000000e+00 1.000000000000000000e+00 7.452996296422098599e-01 3.433445729854296968e-01
4.634000000000000000e+03 1.000801409445164936e+00 6.838876098477217891e-01 9.987078809183231876e-01 7.452996296422098599e-01 3.433445729854296968e-01
4.635000000000000000e+03 1.000000000000000000e+00 1.000000000000000000e+00 1.000000000000000000e+00 3.895476771641908642e-01 5.705380428981188246e-01
4.635000000000000000e+03 1.001068545926886655e+00 5.785168131302956818e-01 9.982771745577642131e-01 3.895476771641908642e-01 5.705380428981188246e-01
4.636000000000000000e+03 1.000000000000000000e+00 1.000000000000000000e+00 1.000000000000000000e+00 4.803906566850708604e-01 5.889181071013092073e-01
4.636000000000000000e+03 1.000267136481721719e+00 8.946292032825738927e-01 9.995692936394410255e-01 4.803906566850708604e-01 5.889181071013092073e-01
4.637000000000000000e+03 1.000000000000000000e+00 1.000000000000000000e+00 1.000000000000000000e+00 5.540666020956884763e-01 2.548362615443524604e-01
4.637000000000000000e+03 1.000534272963443438e+00 7.892584065651477854e-01 9.991385872788820510e-01 5.540666020956884763e-01 2.548362615443524604e-01
4.638000000000000000e+03 1.000000000000000000e+00 1.000000000000000000e+00 1.000000000000000000e+00 3.329590772215216266e-01 4.631620272946911920e-01
4.638000000000000000e+03 1.000801409445164936e+00 6.838876098477217891e-01 9.987078809183231876e-01 3.329590772215216266e-01 4.631620272946911920e-01
4.639000000000000000e+03 1.000000000000000000e+00 1.000000000000000000e+00 1.000000000000000000e+00 5.107952914241400411e-01 5.023807139245495268e-01
4.639000000000000000e+03 1.001068545926886655e+00 5.785168131302956818e-01 9.982771745577642131e-01 5.107952914241400411e-01 5.023807139245495268e-01
