2.060000000000000000e+03 1.000000000000000000e+00 1.000000000000000000e+00 1.000000000000000000e+00 4.612162124941436847e-01 5.924269860935712506e-01
2.060000000000000000e+03 9.333082561661267817e-01 9.993879938026415388e-01 1.000049568316622395e+00 4.612162124941436847e-01 5.924269860935712506e-01
2.061000000000000000e+03 1.000000000000000000e+00 1.000000000000000000e+00 1.000000000000000000e+00 6.006927483881584484e-01 2.600356269074934890e-01
2.061000000000000000e+03 8.666165123322535635e-01 9.987759876052831887e-01 1.000099136633244790e+00 6.006927483881584484e-01 2.600356269074934890e-01
2.062000000000000000e+03 1.000000000000000000e+00 1.000000000000000000e+00 1.000000000000000000e+00 3.338043204069611747e-01 4.302617320529926181e-01
2.062000000000000000e+03 7.999247684983803452e-01 9.981639814079248385e-01 1.000148704949866962e+00 3.338043204069611747e-01 4.302617320529926181e-01
2.063000000000000000e+03 1.000000000000000000e+00 1.000000000000000000e+00 1.000000000000000000e+00 5.186582925941036759e-01 5.078293070647051932e-01
2.063000000000000000e+03 7.332330246645071270e-01 9.975519752105663773e-01 1.000198273266489357e+00 5.186582925941036759e-01 5.078293070647051932e-01
2.064000000000000000e+03 1.000000000000000000e+00 1.000000000000000000e+00 1.000000000000000000e+00 5.250613978450555663e-01 5.169128285538661105e-01
2.064000000000000000e+03 9.333082561661267817e-01 9.993879938026415388e-01 1.000049568316622395e+00 5.250613978450555663e-01 5.169128285538661105e-01
2.065000000000000000e+03 1.000000000000000000e+00 1.000000000000000000e+00 1.000000000000000000e+00 3.423139437914459737e-01 3.935846575486722232e-01
2.065000000000000000e+03 8.666165123322535635e-01 9.987759876052831887e-01 1.000099136633244790e+00 3.423139437914459737e-01 3.935846575486722232e-01
2.066000000000000000e+03 1.000000000000000000e+00 1.000000000000000000e+00 1.000000000000000000e+00 6.511665994000587210e-01 2.760016146096967993e-01
2.066000000000000000e+03 7.999247684983803452e-01 9.981639814079248385e-01 1.000148704949866962e+00 6.511665994000587210e-01 2.760016146096967993e-01
2.067000000000000000e+03 1.000000000000000000e+00 1.000000000000000000e+00 1.000000000000000000e+00 4.383359144974030563e-01 5.913737270268047963e-01
2.067000000000000000e+03 7.332330246645071270e-01 9.975519752105663773e-01 1.000198273266489357e+00 4.383359144974030563e-01 5.913737270268047963e-01
2.068000000000000000e+03 1.000000000000000000e+00 1.000000000000000000e+00 1.000000000000000000e+00 3.525190175346251120e-01 5.286308791811989982e-01
2.068000000000000000e+03 9.333082561661267817e-01 9.993879938026415388e-01 1.000049568316622395e+00 3.525190175346251120e-01 5.286308791811989982e-01
2.069000000000000000e+03 1.000000000000000000e+00 1.000000000000000000e+00 1.000000000000000000e+00 8.045486122568921150e-01 4.408771600475606678e-01
2.069000000000000000e+03 8.666165123322535635e-01 9.987759876052831887e-01 1.000099136633244790e+00 8.045486122568921150e-01 4.408771600475606678e-01
2.070000000000000000e+03 1.000000000000000000e+00 1.000000000000000000e+00 1.000000000000000000e+00 4.561231404331809181e-01 2.739852026388664985e-01
2.070000000000000000e+03 7.999247684983803452e-01 9.981639814079248385e-01 1.000148704949866962e+00 4.561231404331809181e-01 2.739852026388664985e-01
2.071000000000000000e+03 1.000000000000000000e+00 1.000000000000000000e+00 1.000000000000000000e+00 5.133848987955786924e-01 5.689471675696162745e-01
2.071000000000000000e+03 7.332330246645071270e-01 9.975519752105663773e-01 1.000198273266489357e+00 5.133848987955786924e-01 5.689471675696162745e-01
2.072000000000000000e+03 1.000000000000000000e+00 1.000000000000000000e+00 1.000000000000000000e+00 5.277162130112676985e-01 5.418963479071225997e-01
2.072000000000000000e+03 9.333082561661267817e-01 9.993879938026415388e-01 1.000049568316622395e+00 5.277162130112676985e-01 5.418963479071225997e-01
2.073000000000000000e+03 1.000000000000000000e+00 1.000000000000000000e+00 1.000000000000000000e+00 3.840057088439790545e-01 3.246608519159145390e-01
2.073000000000000000e+03 8.666165123322535635e-01 9.987759876052831887e-01 1.000099136633244790e+00 3.840057088439790545e-01 3.246608519159145390e-01
2.074000000000000000e+03 1.000000000000000000e+00 1.000000000000000000e+00 1.000000000000000000e+00 7.420605481725669472e-01 3.398666697716024032e-01
2.074000000000000000e+03 7.999247684983803452e-01 9.981639814079248385e-01 1.000148704949866962e+00 7.420605481725669472e-01 3.398666697716024032e-01
2.075000000000000000e+03 1.000000000000000000e+00 1.000000000000000000e+00 1.000000000000000000e+00 3.913822520043959141e-01 5.718552520836444053e-01
2.075000000000000000e+03 7.332330246645071270e-01 9.975519752105663773e-01 1.000198273266489357e+00 3.913822520043959141e-01 5.718552520836444053e-01
2.076000000000000000e+03 1.000000000000000000e+00 1.000000000000000000e+00 1.000000000000000000e+00 4.819890601521557572e-01 5.884185980291362084e-01
2.076000000000000000e+03 9.333082561661267817e-01 9.993879938026415388e-01 1.000049568316622395e+00 4.819890601521557572e-01 5.884185980291362084e-01
2.077000000000000000e+03 1.000000000000000000e+00 1.000000000000000000e+00 1.000000000000000000e+00 5.499472210672251560e-01 2.548010653789409830e-01
2.077000000000000000e+03 8.666165123322535635e-01 9.987759876052831887e-01 1.000099136633244790e+00 5.499472210672251560e-01 2.548010653789409830e-01
2.078000000000000000e+03 1.000000000000000000e+00 1.000000000000000000e+00 1.000000000000000000e+00 3.331912336749024428e-01 4.660209195424653283e-01
2.078000000000000000e+03 7.999247684983803452e-01 9.981639814079248385e-01 1.000148704949866962e+00 3.331912336749024428e-01 4.660209195424653283e-01
2.079000000000000000e+03 1.000000000000000000e+00 1.000000000000000000e+00 1.000000000000000000e+00 5.100284297331747485e-01 5.020427992381537585e-01
2.079000000000000000e+03 7.332330246645071270e-01 9.975519752105663773e-01 1.000198273266489357e+00 5.100284297331747485e-01 5.020427992381537585e-01
