3.100000000000000000e+03 1.000000000000000000e+00 1.000000000000000000e+00 1.000000000000000000e+00 4.816862231294535279e-01 5.885159345238272222e-01
3.100000000000000000e+03 9.804590576301948079e-01 9.887857031708877642e-01 8.887063485126203144e-01 4.816862231294535279e-01 5.885159345238272222e-01
3.101000000000000000e+03 1.000000000000000000e+00 1.000000000000000000e+00 1.000000000000000000e+00 5.507309030856538667e-01 2.548024458523197033e-01
3.101000000000000000e+03 9.609181152603895049e-01 9.775714063417754174e-01 7.774126970252407398e-01 5.507309030856538667e-01 2.548024458523197033e-01
3.102000000000000000e+03 1.000000000000000000e+00 1.000000000000000000e+00 1.000000000000000000e+00 3.331432556642462961e-01 4.654776600218998306e-01
3.102000000000000000e+03 9.413771728905842018e-01 9.663571095126630706e-01 6.661190455378611652e-01 3.331432556642462961e-01 4.654776600218998306e-01
3.103000000000000000e+03 1.000000000000000000e+00 1.000000000000000000e+00 1.000000000000000000e+00 5.101751247119006294e-01 5.021052137629927747e-01
3.103000000000000000e+03 9.218362305207790097e-01 9.551428126835508348e-01 5.548253940504814796e-01 5.101751247119006294e-01 5.021052137629927747e-01
3.104000000000000000e+03 1.000000000000000000e+00 1.000000000000000000e+00 1.000000000000000000e+00 5.146932104471440006e-01 5.045804917472431761e-01
3.104000000000000000e+03 9.804590576301948079e-01 9.887857031708877642e-01 8.887063485126203144e-01 5.146932104471440006e-01 5.045804917472431761e-01
3.105000000000000000e+03 1.000000000000000000e+00 1.000000000000000000e+00 1.000000000000000000e+00 3.325570687622417809e-01 4.478009950631431368e-01
3.105000000000000000e+03 9.609181152603895049e-01 9.775714063417754174e-01 7.774126970252407398e-01 3.325570687622417809e-01 4.478009950631431368e-01
3.106000000000000000e+03 1.000000000000000000e+00 1.000000000000000000e+00 1.000000000000000000e+00 5.760082615316637344e-01 2.561822083669347272e-01
3.106000000000000000e+03 9.413771728905842018e-01 9.663571095126630706e-01 6.661190455378611652e-01 5.760082615316637344e-01 2.561822083669347272e-01
3.107000000000000000e+03 1.000000000000000000e+00 1.000000000000000000e+00 1.000000000000000000e+00 4.716102516579500081e-01 5.910680708424511653e-01
3.107000000000000000e+03 9.218362305207790097e-01 9.551428126835508348e-01 5.548253940504814796e-01 4.716102516579500081e-01 5.910680708424511653e-01
3.108000000000000000e+03 1.000000000000000000e+00 1.000000000000000000e+00 1.000000000000000000e+00 3.801101317434347759e-01 5.629050143256805194e-01
3.108000000000000000e+03 9.804590576301948079e-01 9.887857031708877642e-01 8.887063485126203144e-01 3.801101317434347759e-01 5.629050143256805194e-01
3.109000000000000000e+03 1.000000000000000000e+00 1.000000000000000000e+00 1.000000000000000000e+00 7.615716052383572077e-01 3.627559958653213679e-01
3.109000000000000000e+03 9.609181152603895049e-01 9.775714063417754174e-01 7.774126970252407398e-01 7.615716052383572077e-01 3.627559958653213679e-01
3.110000000000000000e+03 1.000000000000000000e+00 1.000000000000000000e+00 1.000000000000000000e+00 3.999254907698204242e-01 3.092692632525388396e-01
3.110000000000000000e+03 9.413771728905842018e-01 9.663571095126630706e-01 6.661190455378611652e-01 3.999254907698204242e-01 3.092692632525388396e-01
3.111000000000000000e+03 1.000000000000000000e+00 1.000000000000000000e+00 1.000000000000000000e+00 5.257355194211814631e-01 5.490489997656692323e-01
3.111000000000000000e+03 9.218362305207790097e-01 9.551428126835508348e-01 5.548253940504814796e-01 5.257355194211814631e-01 5.490489997656692323e-01
3.112000000000000000e+03 1.000000000000000000e+00 1.000000000000000000e+00 1.000000000000000000e+00 5.068139072849328075e-01 5.750820684677970807e-01
3.112000000000000000e+03 9.804590576301948079e-01 9.887857031708877642e-01 8.887063485126203144e-01 5.068139072849328075e-01 5.750820684677970807e-01
3.113000000000000000e+03 1.000000000000000000e+00 1.000000000000000000e+00 1.000000000000000000e+00 4.787250749746088108e-01 2.655727748254170795e-01
3.113000000000000000e+03 9.609181152603895049e-01 9.775714063417754174e-01 7.774126970252407398e-01 4.787250749746088108e-01 2.655727748254170795e-01
3.114000000000000000e+03 1.000000000000000000e+00 1.000000000000000000e+00 1.000000000000000000e+00 8.140998035279758405e-01 4.714945661043796199e-01
3.114000000000000000e+03 9.413771728905842018e-01 9.663571095126630706e-01 6.661190455378611652e-01 8.140998035279758405e-01 4.714945661043796199e-01
3.115000000000000000e+03 1.000000000000000000e+00 1.000000000000000000e+00 1.000000000000000000e+00 3.452453531788099994e-01 5.140444161551620539e-01
3.115000000000000000e+03 9.218362305207790097e-01 9.551428126835508348e-01 5.548253940504814796e-01 3.452453531788099994e-01 5.140444161551620539e-01
3.116000000000000000e+03 1.000000000000000000e+00 1.000000000000000000e+00 1.000000000000000000e+00 4.261149810010944061e-01 5.886340809475789637e-01
3.116000000000000000e+03 9.804590576301948079e-01 9.887857031708877642e-01 8.887063485126203144e-01 4.261149810010944061e-01 5.886340809475789637e-01
3.117000000000000000e+03 1.000000000000000000e+00 1.000000000000000000e+00 1.000000000000000000e+00 6.763335761483698638e-01 2.884663944886826092e-01
3.117000000000000000e+03 9.609181152603895049e-01 9.775714063417754174e-01 7.774126970252407398e-01 6.763335761483698638e-01 2.884663944886826092e-01
3.118000000000000000e+03 1.000000000000000000e+00 1.000000000000000000e+00 1.000000000000000000e+00 3.499161567705517673e-01 3.748907024263622434e-01
3.118000000000000000e+03 9.413771728905842018e-01 9.663571095126630706e-01 6.661190455378611652e-01 3.499161567705517673e-01 3.748907024263622434e-01
3.119000000000000000e+03 1.000000000000000000e+00 1.000000000000000000e+00 1.000000000000000000e+00 5.271843186657096947e-01 5.226607404241735422e-01
3.119000000000000000e+03 9.218362305207790097e-01 9.551428126835508348e-01 5.548253940504814796e-01 5.271843186657096947e-01 5.226607404241735422e-01
