1.300000000000000000e+03 1.000000000000000000e+00 1.000000000000000000e+00 1.000000000000000000e+00 3.493744297404194343e-01 5.228156908297482142e-01
1.300000000000000000e+03 1.003568788768701925e+00 9.994057626379874160e-01 9.136660065957579180e-01 3.493744297404194343e-01 5.228156908297482142e-01
1.301000000000000000e+03 1.000000000000000000e+00 1.000000000000000000e+00 1.000000000000000000e+00 8.088210409732323747e-01 4.532219836218803199e-01
1.301000000000000000e+03 1.007137577537403850e+00 9.988115252759748319e-01 8.273320131915158360e-01 8.088210409732323747e-01 4.532219836218803199e-01
1.302000000000000000e+03 1.000000000000000000e+00 1.000000000000000000e+00 1.000000000000000000e+00 4.652031463960660806e-01 2.702766943835934743e-01
1.302000000000000000e+03 1.010706366306105553e+00 9.982172879139621369e-01 7.409980197872737540e-01 4.652031463960660806e-01 2.702766943835934743e-01
1.303000000000000000e+03 1.000000000000000000e+00 1.000000000000000000e+00 1.000000000000000000e+00 5.108345280555625090e-01 5.715278349027547167e-01
1.303000000000000000e+03 1.014275155074807477e+00 9.976230505519495528e-01 6.546640263830316719e-01 5.108345280555625090e-01 5.715278349027547167e-01
1.304000000000000000e+03 1.000000000000000000e+00 1.000000000000000000e+00 1.000000000000000000e+00 5.270476801048301629e-01 5.448139617196390283e-01
1.304000000000000000e+03 1.003568788768701925e+00 9.994057626379874160e-01 9.136660065957579180e-01 5.270476801048301629e-01 5.448139617196390283e-01
1.305000000000000000e+03 1.000000000000000000e+00 1.000000000000000000e+00 1.000000000000000000e+00 3.902752320523458218e-01 3.182024657403298429e-01
1.305000000000000000e+03 1.007137577537403850e+00 9.988115252759748319e-01 8.273320131915158360e-01 3.902752320523458218e-01 3.182024657403298429e-01
1.306000000000000000e+03 1.000000000000000000e+00 1.000000000000000000e+00 1.000000000000000000e+00 7.502893205296856660e-01 3.489366881309338142e-01
1.306000000000000000e+03 1.010706366306105553e+00 9.982172879139621369e-01 7.409980197872737540e-01 7.502893205296856660e-01 3.489366881309338142e-01
1.307000000000000000e+03 1.000000000000000000e+00 1.000000000000000000e+00 1.000000000000000000e+00 3.866942520103453518e-01 5.683862240262420595e-01
1.307000000000000000e+03 1.014275155074807477e+00 9.976230505519495528e-01 6.546640263830316719e-01 3.866942520103453518e-01 5.683862240262420595e-01
1.308000000000000000e+03 1.000000000000000000e+00 1.000000000000000000e+00 1.000000000000000000e+00 4.778372208957490375e-01 5.896447398704389720e-01
1.308000000000000000e+03 1.003568788768701925e+00 9.994057626379874160e-01 9.136660065957579180e-01 4.778372208957490375e-01 5.896447398704389720e-01
1.309000000000000000e+03 1.000000000000000000e+00 1.000000000000000000e+00 1.000000000000000000e+00 5.605632626960495024e-01 2.550317176129289209e-01
1.309000000000000000e+03 1.007137577537403850e+00 9.988115252759748319e-01 8.273320131915158360e-01 5.605632626960495024e-01 2.550317176129289209e-01
1.310000000000000000e+03 1.000000000000000000e+00 1.000000000000000000e+00 1.000000000000000000e+00 3.326934888712450022e-01 4.586369790998496843e-01
1.310000000000000000e+03 1.010706366306105553e+00 9.982172879139621369e-01 7.409980197872737540e-01 3.326934888712450022e-01 4.586369790998496843e-01
1.311000000000000000e+03 1.000000000000000000e+00 1.000000000000000000e+00 1.000000000000000000e+00 5.119829686121230017e-01 5.029625373083516093e-01
1.311000000000000000e+03 1.014275155074807477e+00 9.976230505519495528e-01 6.546640263830316719e-01 5.119829686121230017e-01 5.029625373083516093e-01
1.312000000000000000e+03 1.000000000000000000e+00 1.000000000000000000e+00 1.000000000000000000e+00 5.163477538959000412e-01 5.057928064546973745e-01
1.312000000000000000e+03 1.003568788768701925e+00 9.994057626379874160e-01 9.136660065957579180e-01 5.163477538959000412e-01 5.057928064546973745e-01
1.313000000000000000e+03 1.000000000000000000e+00 1.000000000000000000e+00 1.000000000000000000e+00 3.328405344878684335e-01 4.407672493145812220e-01
1.313000000000000000e+03 1.007137577537403850e+00 9.988115252759748319e-01 8.273320131915158360e-01 3.328405344878684335e-01 4.407672493145812220e-01
1.314000000000000000e+03 1.000000000000000000e+00 1.000000000000000000e+00 1.000000000000000000e+00 5.859527228007795907e-01 2.574346786797526709e-01
1.314000000000000000e+03 1.010706366306105553e+00 9.982172879139621369e-01 7.409980197872737540e-01 5.859527228007795907e-01 2.574346786797526709e-01
1.315000000000000000e+03 1.000000000000000000e+00 1.000000000000000000e+00 1.000000000000000000e+00 4.674872214299419237e-01 5.917536097040158038e-01
1.315000000000000000e+03 1.014275155074807477e+00 9.976230505519495528e-01 6.546640263830316719e-01 4.674872214299419237e-01 5.917536097040158038e-01
1.316000000000000000e+03 1.000000000000000000e+00 1.000000000000000000e+00 1.000000000000000000e+00 3.760234614483514703e-01 5.591026526715520140e-01
1.316000000000000000e+03 1.003568788768701925e+00 9.994057626379874160e-01 9.136660065957579180e-01 3.760234614483514703e-01 5.591026526715520140e-01
1.317000000000000000e+03 1.000000000000000000e+00 1.000000000000000000e+00 1.000000000000000000e+00 7.684042694696099352e-01 3.720451103140348104e-01
1.317000000000000000e+03 1.007137577537403850e+00 9.988115252759748319e-01 8.273320131915158360e-01 7.684042694696099352e-01 3.720451103140348104e-01
1.318000000000000000e+03 1.000000000000000000e+00 1.000000000000000000e+00 1.000000000000000000e+00 4.064712288212414260e-01 3.038095959893707398e-01
1.318000000000000000e+03 1.010706366306105553e+00 9.982172879139621369e-01 7.409980197872737540e-01 4.064712288212414260e-01 3.038095959893707398e-01
1.319000000000000000e+03 1.000000000000000000e+00 1.000000000000000000e+00 1.000000000000000000e+00 5.246765341643453429e-01 5.517626730926677991e-01
1.319000000000000000e+03 1.014275155074807477e+00 9.976230505519495528e-01 6.546640263830316719e-01 5.246765341643453429e-01 5.517626730926677991e-01
