6.000000000000000000e+02 1.000000000000000000e+00 1.000000000000000000e+00 1.000000000000000000e+00 5.240086478086962707e-01 5.532778212453173250e-01
6.000000000000000000e+02 9.999320904842896596e-01 9.989614661369564663e-01 9.047862694820514307e-01 5.240086478086962707e-01 5.532778212453173250e-01
6.010000000000000000e+02 1.000000000000000000e+00 1.000000000000000000e+00 1.000000000000000000e+00 4.102564448220390458e-01 3.008492136338138945e-01
6.010000000000000000e+02 9.998641809685793191e-01 9.979229322739129326e-01 8.095725389641028613e-01 4.102564448220390458e-01 3.008492136338138945e-01
6.020000000000000000e+02 1.000000000000000000e+00 1.000000000000000000e+00 1.000000000000000000e+00 7.720872689266204958e-01 3.773889911374067041e-01
6.020000000000000000e+02 9.997962714528688677e-01 9.968843984108695100e-01 7.143588084461541809e-01 7.720872689266204958e-01 3.773889911374067041e-01
6.030000000000000000e+02 1.000000000000000000e+00 1.000000000000000000e+00 1.000000000000000000e+00 3.737856961942482847e-01 5.568761014933285569e-01
6.030000000000000000e+02 9.997283619371585273e-01 9.958458645478259763e-01 6.191450779282056116e-01 3.737856961942482847e-01 5.568761014933285569e-01
6.040000000000000000e+02 1.000000000000000000e+00 1.000000000000000000e+00 1.000000000000000000e+00 4.651370279664204799e-01 5.920571267596151932e-01
6.040000000000000000e+02 9.999320904842896596e-01 9.989614661369564663e-01 9.047862694820514307e-01 4.651370279664204799e-01 5.920571267596151932e-01
6.050000000000000000e+02 1.000000000000000000e+00 1.000000000000000000e+00 1.000000000000000000e+00 5.915291361008578885e-01 2.583135116501532047e-01
6.050000000000000000e+02 9.998641809685793191e-01 9.979229322739129326e-01 8.095725389641028613e-01 5.915291361008578885e-01 2.583135116501532047e-01
6.060000000000000000e+02 1.000000000000000000e+00 1.000000000000000000e+00 1.000000000000000000e+00 3.331281924452690335e-01 4.368039459327812679e-01
6.060000000000000000e+02 9.997962714528688677e-01 9.968843984108695100e-01 7.143588084461541809e-01 3.331281924452690335e-01 4.368039459327812679e-01
6.070000000000000000e+02 1.000000000000000000e+00 1.000000000000000000e+00 1.000000000000000000e+00 5.172424459644993089e-01 5.065298899999403082e-01
6.070000000000000000e+02 9.997283619371585273e-01 9.958458645478259763e-01 6.191450779282056116e-01 5.172424459644993089e-01 5.065298899999403082e-01
6.080000000000000000e+02 1.000000000000000000e+00 1.000000000000000000e+00 1.000000000000000000e+00 5.129724878103126828e-01 5.035044209594865539e-01
6.080000000000000000e+02 9.999320904842896596e-01 9.989614661369564663e-01 9.047862694820514307e-01 5.129724878103126828e-01 5.035044209594865539e-01
6.090000000000000000e+02 1.000000000000000000e+00 1.000000000000000000e+00 1.000000000000000000e+00 3.325644015180569957e-01 4.547685201740693794e-01
6.090000000000000000e+02 9.998641809685793191e-01 9.979229322739129326e-01 8.095725389641028613e-01 3.325644015180569957e-01 4.547685201740693794e-01
6.100000000000000000e+02 1.000000000000000000e+00 1.000000000000000000e+00 1.000000000000000000e+00 5.660950092591526817e-01 2.553328461822418349e-01
6.100000000000000000e+02 9.997962714528688677e-01 9.968843984108695100e-01 7.143588084461541809e-01 5.660950092591526817e-01 2.553328461822418349e-01
6.110000000000000000e+02 1.000000000000000000e+00 1.000000000000000000e+00 1.000000000000000000e+00 4.756320496072914406e-01 5.902040431461278436e-01
6.110000000000000000e+02 9.997283619371585273e-01 9.958458645478259763e-01 6.191450779282056116e-01 4.756320496072914406e-01 5.902040431461278436e-01
6.120000000000000000e+02 1.000000000000000000e+00 1.000000000000000000e+00 1.000000000000000000e+00 3.843035166139997516e-01 5.664822543116805331e-01
6.120000000000000000e+02 9.999320904842896596e-01 9.989614661369564663e-01 9.047862694820514307e-01 3.843035166139997516e-01 5.664822543116805331e-01
6.130000000000000000e+02 1.000000000000000000e+00 1.000000000000000000e+00 1.000000000000000000e+00 7.544238826685110144e-01 3.538013189726743057e-01
6.130000000000000000e+02 9.998641809685793191e-01 9.979229322739129326e-01 8.095725389641028613e-01 7.544238826685110144e-01 3.538013189726743057e-01
6.140000000000000000e+02 1.000000000000000000e+00 1.000000000000000000e+00 1.000000000000000000e+00 3.936595323304968863e-01 3.149398169727443131e-01
6.140000000000000000e+02 9.997962714528688677e-01 9.968843984108695100e-01 7.143588084461541809e-01 3.936595323304968863e-01 3.149398169727443131e-01
6.150000000000000000e+02 1.000000000000000000e+00 1.000000000000000000e+00 1.000000000000000000e+00 5.266240409538580636e-01 5.463327837447448099e-01
6.150000000000000000e+02 9.997283619371585273e-01 9.958458645478259763e-01 6.191450779282056116e-01 5.266240409538580636e-01 5.463327837447448099e-01
6.160000000000000000e+02 1.000000000000000000e+00 1.000000000000000000e+00 1.000000000000000000e+00 5.094365800114192266e-01 5.728286850350745585e-01
6.160000000000000000e+02 9.999320904842896596e-01 9.989614661369564663e-01 9.047862694820514307e-01 5.094365800114192266e-01 5.728286850350745585e-01
6.170000000000000000e+02 1.000000000000000000e+00 1.000000000000000000e+00 1.000000000000000000e+00 4.700037222615738308e-01 2.684977543778696019e-01
6.170000000000000000e+02 9.998641809685793191e-01 9.979229322739129326e-01 8.095725389641028613e-01 4.700037222615738308e-01 2.684977543778696019e-01
6.180000000000000000e+02 1.000000000000000000e+00 1.000000000000000000e+00 1.000000000000000000e+00 8.108390259156583735e-01 4.597238733980703040e-01
6.180000000000000000e+02 9.997962714528688677e-01 9.968843984108695100e-01 7.143588084461541809e-01 8.108390259156583735e-01 4.597238733980703040e-01
6.190000000000000000e+02 1.000000000000000000e+00 1.000000000000000000e+00 1.000000000000000000e+00 3.478345346713975772e-01 5.197164288749226424e-01
6.190000000000000000e+02 9.997283619371585273e-01 9.958458645478259763e-01 6.191450779282056116e-01 3.478345346713975772e-01 5.197164288749226424e-01
