6.000000000000000000e+01 1.000000000000000000e+00 1.000000000000000000e+00 1.000000000000000000e+00 4.916685430719873184e-01 5.845907017671367889e-01
6.000000000000000000e+01 8.950848761513139351e-01 1.024937303948794121e+00 9.991015831332019648e-01 4.916685430719873184e-01 5.845907017671367889e-01
6.100000000000000000e+01 1.000000000000000000e+00 1.000000000000000000e+00 1.000000000000000000e+00 5.240141993807422294e-01 2.561797419653117913e-01
6.100000000000000000e+01 7.901697523026279812e-01 1.049874607897588463e+00 9.982031662664038185e-01 5.240141993807422294e-01 2.561797419653117913e-01
6.200000000000000000e+01 1.000000000000000000e+00 1.000000000000000000e+00 1.000000000000000000e+00 3.357945200990875012e-01 4.838271718456225168e-01
6.200000000000000000e+01 6.852546284539420274e-01 1.074811911846382806e+00 9.973047493996056723e-01 3.357945200990875012e-01 4.838271718456225168e-01
6.300000000000000000e+01 1.000000000000000000e+00 1.000000000000000000e+00 1.000000000000000000e+00 5.049759236333609680e-01 5.004900857016477689e-01
6.300000000000000000e+01 5.803395046052559625e-01 1.099749215795176926e+00 9.964063325328076370e-01 5.049759236333609680e-01 5.004900857016477689e-01
6.400000000000000000e+01 1.000000000000000000e+00 1.000000000000000000e+00 1.000000000000000000e+00 5.074188238247359095e-01 5.011004785584152188e-01
6.400000000000000000e+01 8.950848761513139351e-01 1.024937303948794121e+00 9.991015831332019648e-01 5.074188238247359095e-01 5.011004785584152188e-01
6.500000000000000000e+01 1.000000000000000000e+00 1.000000000000000000e+00 1.000000000000000000e+00 3.343129345808991681e-01 4.754226455287269282e-01
6.500000000000000000e+01 7.901697523026279812e-01 1.049874607897588463e+00 9.982031662664038185e-01 3.343129345808991681e-01 4.754226455287269282e-01
6.600000000000000000e+01 1.000000000000000000e+00 1.000000000000000000e+00 1.000000000000000000e+00 5.363157924277021094e-01 2.551788137837167625e-01
6.600000000000000000e+01 6.852546284539420274e-01 1.074811911846382806e+00 9.973047493996056723e-01 5.363157924277021094e-01 2.551788137837167625e-01
6.700000000000000000e+01 1.000000000000000000e+00 1.000000000000000000e+00 1.000000000000000000e+00 4.871610834851558547e-01 5.865529446219183152e-01
6.700000000000000000e+01 5.803395046052559625e-01 1.099749215795176926e+00 9.964063325328076370e-01 4.871610834851558547e-01 5.865529446219183152e-01
6.800000000000000000e+01 1.000000000000000000e+00 1.000000000000000000e+00 1.000000000000000000e+00 3.975910397362177884e-01 5.759516613227853021e-01
6.800000000000000000e+01 8.950848761513139351e-01 1.024937303948794121e+00 9.991015831332019648e-01 3.975910397362177884e-01 5.759516613227853021e-01
6.900000000000000000e+01 1.000000000000000000e+00 1.000000000000000000e+00 1.000000000000000000e+00 7.309221653006854336e-01 3.287364499584254363e-01
6.900000000000000000e+01 7.901697523026279812e-01 1.049874607897588463e+00 9.982031662664038185e-01 7.309221653006854336e-01 3.287364499584254363e-01
7.000000000000000000e+01 1.000000000000000000e+00 1.000000000000000000e+00 1.000000000000000000e+00 3.763923943178201226e-01 3.333344372177661219e-01
7.000000000000000000e+01 6.852546284539420274e-01 1.074811911846382806e+00 9.973047493996056723e-01 3.763923943178201226e-01 3.333344372177661219e-01
7.100000000000000000e+01 1.000000000000000000e+00 1.000000000000000000e+00 1.000000000000000000e+00 5.282957169633906158e-01 5.381523577453306562e-01
7.100000000000000000e+01 5.803395046052559625e-01 1.099749215795176926e+00 9.964063325328076370e-01 5.282957169633906158e-01 5.381523577453306562e-01
7.200000000000000000e+01 1.000000000000000000e+00 1.000000000000000000e+00 1.000000000000000000e+00 5.164011621434703159e-01 5.654771095906316880e-01
7.200000000000000000e+01 8.950848761513139351e-01 1.024937303948794121e+00 9.991015831332019648e-01 5.164011621434703159e-01 5.654771095906316880e-01
7.300000000000000000e+01 1.000000000000000000e+00 1.000000000000000000e+00 1.000000000000000000e+00 4.447220090720074293e-01 2.793178898982412450e-01
7.300000000000000000e+01 7.901697523026279812e-01 1.049874607897588463e+00 9.982031662664038185e-01 4.447220090720074293e-01 2.793178898982412450e-01
7.400000000000000000e+01 1.000000000000000000e+00 1.000000000000000000e+00 1.000000000000000000e+00 7.982846103573222329e-01 4.252835946797462463e-01
7.400000000000000000e+01 6.852546284539420274e-01 1.074811911846382806e+00 9.973047493996056723e-01 7.982846103573222329e-01 4.252835946797462463e-01
7.500000000000000000e+01 1.000000000000000000e+00 1.000000000000000000e+00 1.000000000000000000e+00 3.569203901538047785e-01 5.358395765357314433e-01
7.500000000000000000e+01 5.803395046052559625e-01 1.099749215795176926e+00 9.964063325328076370e-01 3.569203901538047785e-01 5.358395765357314433e-01
7.600000000000000000e+01 1.000000000000000000e+00 1.000000000000000000e+00 1.000000000000000000e+00 4.447339549992286867e-01 5.922058255750292100e-01
7.600000000000000000e+01 8.950848761513139351e-01 1.024937303948794121e+00 9.991015831332019648e-01 4.447339549992286867e-01 5.922058255750292100e-01
7.700000000000000000e+01 1.000000000000000000e+00 1.000000000000000000e+00 1.000000000000000000e+00 6.375224840716867680e-01 2.705575968249271934e-01
7.700000000000000000e+01 7.901697523026279812e-01 1.049874607897588463e+00 9.982031662664038185e-01 6.375224840716867680e-01 2.705575968249271934e-01
7.800000000000000000e+01 1.000000000000000000e+00 1.000000000000000000e+00 1.000000000000000000e+00 3.391758856249489917e-01 4.036057354637709871e-01
7.800000000000000000e+01 6.852546284539420274e-01 1.074811911846382806e+00 9.973047493996056723e-01 3.391758856249489917e-01 4.036057354637709871e-01
7.900000000000000000e+01 1.000000000000000000e+00 1.000000000000000000e+00 1.000000000000000000e+00 5.235875367750074671e-01 5.141378254653136137e-01
7.900000000000000000e+01 5.803395046052559625e-01 1.099749215795176926e+00 9.964063325328076370e-01 5.235875367750074671e-01 5.141378254653136137e-01
