2.500000000000000000e+03 1.000000000000000000e+00 1.000000000000000000e+00 1.000000000000000000e+00 4.013760250406150920e-01 5.781913923562000956e-01
2.500000000000000000e+03 1.009043482516712054e+00 8.931230512011694156e-01 9.966192277523227006e-01 4.013760250406150920e-01 5.781913923562000956e-01
2.501000000000000000e+03 1.000000000000000000e+00 1.000000000000000000e+00 1.000000000000000000e+00 7.240006979369270068e-01 3.224070114020256561e-01
2.501000000000000000e+03 1.018086965033424107e+00 7.862461024023388312e-01 9.932384555046452901e-01 7.240006979369270068e-01 3.224070114020256561e-01
2.502000000000000000e+03 1.000000000000000000e+00 1.000000000000000000e+00 1.000000000000000000e+00 3.721078095229127247e-01 3.386876635518440426e-01
2.502000000000000000e+03 1.027130447550135939e+00 6.793691536035082468e-01 9.898576832569678796e-01 3.721078095229127247e-01 3.386876635518440426e-01
2.503000000000000000e+03 1.000000000000000000e+00 1.000000000000000000e+00 1.000000000000000000e+00 5.284905942353131936e-01 5.359356134706139141e-01
2.503000000000000000e+03 1.036173930066847992e+00 5.724922048046776624e-01 9.864769110092905802e-01 5.284905942353131936e-01 5.359356134706139141e-01
2.504000000000000000e+03 1.000000000000000000e+00 1.000000000000000000e+00 1.000000000000000000e+00 5.180518511733843701e-01 5.633370976964101606e-01
2.504000000000000000e+03 1.009043482516712054e+00 8.931230512011694156e-01 9.966192277523227006e-01 5.180518511733843701e-01 5.633370976964101606e-01
2.505000000000000000e+03 1.000000000000000000e+00 1.000000000000000000e+00 1.000000000000000000e+00 4.380926432476226484e-01 2.827905700589302129e-01
2.505000000000000000e+03 1.018086965033424107e+00 7.862461024023388312e-01 9.932384555046452901e-01 4.380926432476226484e-01 2.827905700589302129e-01
2.506000000000000000e+03 1.000000000000000000e+00 1.000000000000000000e+00 1.000000000000000000e+00 7.941455960633996281e-01 4.161648904581261021e-01
2.506000000000000000e+03 1.027130447550135939e+00 6.793691536035082468e-01 9.898576832569678796e-01 7.941455960633996281e-01 4.161648904581261021e-01
2.507000000000000000e+03 1.000000000000000000e+00 1.000000000000000000e+00 1.000000000000000000e+00 3.597267361812599984e-01 5.399796039628808053e-01
2.507000000000000000e+03 1.036173930066847992e+00 5.724922048046776624e-01 9.864769110092905802e-01 3.597267361812599984e-01 5.399796039628808053e-01
2.508000000000000000e+03 1.000000000000000000e+00 1.000000000000000000e+00 1.000000000000000000e+00 4.485300840508844589e-01 5.925043513980915444e-01
2.508000000000000000e+03 1.009043482516712054e+00 8.931230512011694156e-01 9.966192277523227006e-01 4.485300840508844589e-01 5.925043513980915444e-01
2.509000000000000000e+03 1.000000000000000000e+00 1.000000000000000000e+00 1.000000000000000000e+00 6.292635601290333947e-01 2.676809536474497042e-01
2.509000000000000000e+03 1.018086965033424107e+00 7.862461024023388312e-01 9.932384555046452901e-01 6.292635601290333947e-01 2.676809536474497042e-01
2.510000000000000000e+03 1.000000000000000000e+00 1.000000000000000000e+00 1.000000000000000000e+00 3.375883011246790799e-01 4.096332619609255321e-01
2.510000000000000000e+03 1.027130447550135939e+00 6.793691536035082468e-01 9.898576832569678796e-01 3.375883011246790799e-01 4.096332619609255321e-01
2.511000000000000000e+03 1.000000000000000000e+00 1.000000000000000000e+00 1.000000000000000000e+00 5.225970039208621687e-01 5.125730938591566144e-01
2.511000000000000000e+03 1.036173930066847992e+00 5.724922048046776624e-01 9.864769110092905802e-01 5.225970039208621687e-01 5.125730938591566144e-01
2.512000000000000000e+03 1.000000000000000000e+00 1.000000000000000000e+00 1.000000000000000000e+00 5.273318828784196999e-01 5.232134218440749329e-01
2.512000000000000000e+03 1.009043482516712054e+00 8.931230512011694156e-01 9.966192277523227006e-01 5.273318828784196999e-01 5.232134218440749329e-01
2.513000000000000000e+03 1.000000000000000000e+00 1.000000000000000000e+00 1.000000000000000000e+00 3.507167094200476787e-01 3.732112231740831731e-01
2.513000000000000000e+03 1.018086965033424107e+00 7.862461024023388312e-01 9.932384555046452901e-01 3.507167094200476787e-01 3.732112231740831731e-01
2.514000000000000000e+03 1.000000000000000000e+00 1.000000000000000000e+00 1.000000000000000000e+00 6.785764543168378848e-01 2.897410055692813957e-01
2.514000000000000000e+03 1.027130447550135939e+00 6.793691536035082468e-01 9.898576832569678796e-01 6.785764543168378848e-01 2.897410055692813957e-01
2.515000000000000000e+03 1.000000000000000000e+00 1.000000000000000000e+00 1.000000000000000000e+00 4.249989006650041201e-01 5.883075867291860384e-01
2.515000000000000000e+03 1.036173930066847992e+00 5.724922048046776624e-01 9.864769110092905802e-01 4.249989006650041201e-01 5.883075867291860384e-01
2.516000000000000000e+03 1.000000000000000000e+00 1.000000000000000000e+00 1.000000000000000000e+00 3.446554448492361589e-01 5.126575653425888834e-01
2.516000000000000000e+03 1.009043482516712054e+00 8.931230512011694156e-01 9.966192277523227006e-01 3.446554448492361589e-01 5.126575653425888834e-01
2.517000000000000000e+03 1.000000000000000000e+00 1.000000000000000000e+00 1.000000000000000000e+00 8.148160583832272374e-01 4.743486031678764148e-01
2.517000000000000000e+03 1.018086965033424107e+00 7.862461024023388312e-01 9.932384555046452901e-01 8.148160583832272374e-01 4.743486031678764148e-01
2.518000000000000000e+03 1.000000000000000000e+00 1.000000000000000000e+00 1.000000000000000000e+00 4.808455189126438212e-01 2.649196932330044607e-01
2.518000000000000000e+03 1.027130447550135939e+00 6.793691536035082468e-01 9.898576832569678796e-01 4.808455189126438212e-01 2.649196932330044607e-01
2.519000000000000000e+03 1.000000000000000000e+00 1.000000000000000000e+00 1.000000000000000000e+00 5.061606495978214770e-01 5.756088035345321430e-01
2.519000000000000000e+03 1.036173930066847992e+00 5.724922048046776624e-01 9.864769110092905802e-01 5.061606495978214770e-01 5.756088035345321430e-01
