4.740000000000000000e+03 1.000000000000000000e+00 1.000000000000000000e+00 1.000000000000000000e+00 4.038290139154683267e-01 5.795446507158178440e-01
4.740000000000000000e+03 9.151548583321191810e-01 1.004495781892222661e+00 9.896995177706149338e-01 4.038290139154683267e-01 5.795446507158178440e-01
4.741000000000000000e+03 1.000000000000000000e+00 1.000000000000000000e+00 1.000000000000000000e+00 7.194624912495525271e-01 3.184788581004605046e-01
4.741000000000000000e+03 8.303097166642384730e-01 1.008991563784445322e+00 9.793990355412299786e-01 7.194624912495525271e-01 3.184788581004605046e-01
4.742000000000000000e+03 1.000000000000000000e+00 1.000000000000000000e+00 1.000000000000000000e+00 3.694671036923212748e-01 3.421832613329578998e-01
4.742000000000000000e+03 7.454645749963577650e-01 1.013487345676667761e+00 9.690985533118450235e-01 3.694671036923212748e-01 3.421832613329578998e-01
4.743000000000000000e+03 1.000000000000000000e+00 1.000000000000000000e+00 1.000000000000000000e+00 5.285564051239571848e-01 5.345252335020211909e-01
4.743000000000000000e+03 6.606194333284769460e-01 1.017983127568890422e+00 9.587980710824599573e-01 5.285564051239571848e-01 5.345252335020211909e-01
4.744000000000000000e+03 1.000000000000000000e+00 1.000000000000000000e+00 1.000000000000000000e+00 5.190494904343584404e-01 5.619416211941852257e-01
4.744000000000000000e+03 9.151548583321191810e-01 1.004495781892222661e+00 9.896995177706149338e-01 5.190494904343584404e-01 5.619416211941852257e-01
4.745000000000000000e+03 1.000000000000000000e+00 1.000000000000000000e+00 1.000000000000000000e+00 4.339181329416919586e-01 2.851271669846074386e-01
4.745000000000000000e+03 8.303097166642384730e-01 1.008991563784445322e+00 9.793990355412299786e-01 4.339181329416919586e-01 2.851271669846074386e-01
4.746000000000000000e+03 1.000000000000000000e+00 1.000000000000000000e+00 1.000000000000000000e+00 7.913384389259960905e-01 4.104019446297171858e-01
4.746000000000000000e+03 7.454645749963577650e-01 1.013487345676667761e+00 9.690985533118450235e-01 7.913384389259960905e-01 4.104019446297171858e-01
4.747000000000000000e+03 1.000000000000000000e+00 1.000000000000000000e+00 1.000000000000000000e+00 3.615927728952110787e-01 5.425656787463332131e-01
4.747000000000000000e+03 6.606194333284769460e-01 1.017983127568890422e+00 9.587980710824599573e-01 3.615927728952110787e-01 5.425656787463332131e-01
4.748000000000000000e+03 1.000000000000000000e+00 1.000000000000000000e+00 1.000000000000000000e+00 4.509502373582519597e-01 5.926182665933714677e-01
4.748000000000000000e+03 9.151548583321191810e-01 1.004495781892222661e+00 9.896995177706149338e-01 4.509502373582519597e-01 5.926182665933714677e-01
4.749000000000000000e+03 1.000000000000000000e+00 1.000000000000000000e+00 1.000000000000000000e+00 6.239315471294856197e-01 2.659861240266621074e-01
4.749000000000000000e+03 8.303097166642384730e-01 1.008991563784445322e+00 9.793990355412299786e-01 6.239315471294856197e-01 2.659861240266621074e-01
4.750000000000000000e+03 1.000000000000000000e+00 1.000000000000000000e+00 1.000000000000000000e+00 3.366839287166453198e-01 4.135093451143831977e-01
4.750000000000000000e+03 7.454645749963577650e-01 1.013487345676667761e+00 9.690985533118450235e-01 3.366839287166453198e-01 4.135093451143831977e-01
4.751000000000000000e+03 1.000000000000000000e+00 1.000000000000000000e+00 1.000000000000000000e+00 5.219204619033883663e-01 5.116088703978792784e-01
4.751000000000000000e+03 6.606194333284769460e-01 1.017983127568890422e+00 9.587980710824599573e-01 5.219204619033883663e-01 5.116088703978792784e-01
4.752000000000000000e+03 1.000000000000000000e+00 1.000000000000000000e+00 1.000000000000000000e+00 5.269888644193585492e-01 5.219765208649170818e-01
4.752000000000000000e+03 9.151548583321191810e-01 1.004495781892222661e+00 9.896995177706149338e-01 5.269888644193585492e-01 5.219765208649170818e-01
4.753000000000000000e+03 1.000000000000000000e+00 1.000000000000000000e+00 1.000000000000000000e+00 3.489411146359804317e-01 3.769956121735786869e-01
4.753000000000000000e+03 8.303097166642384730e-01 1.008991563784445322e+00 9.793990355412299786e-01 3.489411146359804317e-01 3.769956121735786869e-01
4.754000000000000000e+03 1.000000000000000000e+00 1.000000000000000000e+00 1.000000000000000000e+00 6.735183213071735953e-01 2.869061041636500331e-01
4.754000000000000000e+03 7.454645749963577650e-01 1.013487345676667761e+00 9.690985533118450235e-01 6.735183213071735953e-01 2.869061041636500331e-01
4.755000000000000000e+03 1.000000000000000000e+00 1.000000000000000000e+00 1.000000000000000000e+00 4.275095456543308026e-01 5.890238748916890588e-01
4.755000000000000000e+03 6.606194333284769460e-01 1.017983127568890422e+00 9.587980710824599573e-01 4.275095456543308026e-01 5.890238748916890588e-01
4.756000000000000000e+03 1.000000000000000000e+00 1.000000000000000000e+00 1.000000000000000000e+00 3.460000617951626278e-01 5.157642096179583246e-01
4.756000000000000000e+03 9.151548583321191810e-01 1.004495781892222661e+00 9.896995177706149338e-01 3.460000617951626278e-01 5.157642096179583246e-01
4.757000000000000000e+03 1.000000000000000000e+00 1.000000000000000000e+00 1.000000000000000000e+00 8.131681811740560928e-01 4.679425270474071308e-01
4.757000000000000000e+03 8.303097166642384730e-01 1.008991563784445322e+00 9.793990355412299786e-01 8.131681811740560928e-01 4.679425270474071308e-01
4.758000000000000000e+03 1.000000000000000000e+00 1.000000000000000000e+00 1.000000000000000000e+00 4.760891587147244586e-01 2.664159403105532675e-01
4.758000000000000000e+03 7.454645749963577650e-01 1.013487345676667761e+00 9.690985533118450235e-01 4.760891587147244586e-01 2.664159403105532675e-01
4.759000000000000000e+03 1.000000000000000000e+00 1.000000000000000000e+00 1.000000000000000000e+00 5.076175779506409969e-01 5.744158167202280119e-01
4.759000000000000000e+03 6.606194333284769460e-01 1.017983127568890422e+00 9.587980710824599573e-01 5.076175779506409969e-01 5.744158167202280119e-01
