1.700000000000000000e+03 1.000000000000000000e+00 1.000000000000000000e+00 1.000000000000000000e+00 3.715868404529319435e-01 5.545804926846739091e-01
1.700000000000000000e+03 8.908559569213547746e-01 9.951988126961727188e-01 1.004929560629976404e+00 3.715868404529319435e-01 5.545804926846739091e-01
1.701000000000000000e+03 1.000000000000000000e+00 1.000000000000000000e+00 1.000000000000000000e+00 7.756640838205257626e-01 3.828322458269655115e-01
1.701000000000000000e+03 7.817119138427095493e-01 9.903976253923454376e-01 1.009859121259952586e+00 7.756640838205257626e-01 3.828322458269655115e-01
1.702000000000000000e+03 1.000000000000000000e+00 1.000000000000000000e+00 1.000000000000000000e+00 4.141258765711458567e-01 2.979613783162030627e-01
1.702000000000000000e+03 6.725678707640643239e-01 9.855964380885180454e-01 1.014788681889928768e+00 4.141258765711458567e-01 2.979613783162030627e-01
1.703000000000000000e+03 1.000000000000000000e+00 1.000000000000000000e+00 1.000000000000000000e+00 5.232868619404935639e-01 5.547876974103391756e-01
1.703000000000000000e+03 5.634238276854190985e-01 9.807952507846907642e-01 1.019718242519905171e+00 5.232868619404935639e-01 5.547876974103391756e-01
1.704000000000000000e+03 1.000000000000000000e+00 1.000000000000000000e+00 1.000000000000000000e+00 5.007319861225106861e-01 5.795278814182733829e-01
1.704000000000000000e+03 8.908559569213547746e-01 9.951988126961727188e-01 1.004929560629976404e+00 5.007319861225106861e-01 5.795278814182733829e-01
1.705000000000000000e+03 1.000000000000000000e+00 1.000000000000000000e+00 1.000000000000000000e+00 4.977954131123596970e-01 2.604788954534124068e-01
1.705000000000000000e+03 7.817119138427095493e-01 9.903976253923454376e-01 1.009859121259952586e+00 4.977954131123596970e-01 2.604788954534124068e-01
1.706000000000000000e+03 1.000000000000000000e+00 1.000000000000000000e+00 1.000000000000000000e+00 8.195177161107447539e-01 4.970591127297948608e-01
1.706000000000000000e+03 6.725678707640643239e-01 9.855964380885180454e-01 1.014788681889928768e+00 8.195177161107447539e-01 4.970591127297948608e-01
1.707000000000000000e+03 1.000000000000000000e+00 1.000000000000000000e+00 1.000000000000000000e+00 3.404755070175694565e-01 5.014682865050754668e-01
1.707000000000000000e+03 5.634238276854190985e-01 9.807952507846907642e-01 1.019718242519905171e+00 3.404755070175694565e-01 5.014682865050754668e-01
1.708000000000000000e+03 1.000000000000000000e+00 1.000000000000000000e+00 1.000000000000000000e+00 4.162601363489710771e-01 5.852956913464542055e-01
1.708000000000000000e+03 8.908559569213547746e-01 9.951988126961727188e-01 1.004929560629976404e+00 4.162601363489710771e-01 5.852956913464542055e-01
1.709000000000000000e+03 1.000000000000000000e+00 1.000000000000000000e+00 1.000000000000000000e+00 6.958308706819485989e-01 3.005307296486187107e-01
1.709000000000000000e+03 7.817119138427095493e-01 9.903976253923454376e-01 1.009859121259952586e+00 6.958308706819485989e-01 3.005307296486187107e-01
1.710000000000000000e+03 1.000000000000000000e+00 1.000000000000000000e+00 1.000000000000000000e+00 3.576175191510822526e-01 3.602146328335112946e-01
1.710000000000000000e+03 6.725678707640643239e-01 9.855964380885180454e-01 1.014788681889928768e+00 3.576175191510822526e-01 3.602146328335112946e-01
1.711000000000000000e+03 1.000000000000000000e+00 1.000000000000000000e+00 1.000000000000000000e+00 5.282089018439907191e-01 5.276943601355690294e-01
1.711000000000000000e+03 5.634238276854190985e-01 9.807952507846907642e-01 1.019718242519905171e+00 5.282089018439907191e-01 5.276943601355690294e-01
1.712000000000000000e+03 1.000000000000000000e+00 1.000000000000000000e+00 1.000000000000000000e+00 5.247043000695693626e-01 5.161799964349556014e-01
1.712000000000000000e+03 8.908559569213547746e-01 9.951988126961727188e-01 1.004929560629976404e+00 5.247043000695693626e-01 5.161799964349556014e-01
1.713000000000000000e+03 1.000000000000000000e+00 1.000000000000000000e+00 1.000000000000000000e+00 3.414480635746687254e-01 3.961569540973483572e-01
1.713000000000000000e+03 7.817119138427095493e-01 9.903976253923454376e-01 1.009859121259952586e+00 3.414480635746687254e-01 3.961569540973483572e-01
1.714000000000000000e+03 1.000000000000000000e+00 1.000000000000000000e+00 1.000000000000000000e+00 6.476745706364995803e-01 2.745242453967877139e-01
1.714000000000000000e+03 6.725678707640643239e-01 9.855964380885180454e-01 1.014788681889928768e+00 6.476745706364995803e-01 2.745242453967877139e-01
1.715000000000000000e+03 1.000000000000000000e+00 1.000000000000000000e+00 1.000000000000000000e+00 4.399884788311963502e-01 5.916281182474503186e-01
1.715000000000000000e+03 5.634238276854190985e-01 9.807952507846907642e-01 1.019718242519905171e+00 4.399884788311963502e-01 5.916281182474503186e-01
1.716000000000000000e+03 1.000000000000000000e+00 1.000000000000000000e+00 1.000000000000000000e+00 3.536166556593214882e-01 5.305206688360665224e-01
1.716000000000000000e+03 8.908559569213547746e-01 9.951988126961727188e-01 1.004929560629976404e+00 3.536166556593214882e-01 5.305206688360665224e-01
1.717000000000000000e+03 1.000000000000000000e+00 1.000000000000000000e+00 1.000000000000000000e+00 8.030150523917284344e-01 4.368218965890826033e-01
1.717000000000000000e+03 7.817119138427095493e-01 9.903976253923454376e-01 1.009859121259952586e+00 8.030150523917284344e-01 4.368218965890826033e-01
1.718000000000000000e+03 1.000000000000000000e+00 1.000000000000000000e+00 1.000000000000000000e+00 4.531506138765080127e-01 2.753008016337965547e-01
1.718000000000000000e+03 6.725678707640643239e-01 9.855964380885180454e-01 1.014788681889928768e+00 4.531506138765080127e-01 2.753008016337965547e-01
1.719000000000000000e+03 1.000000000000000000e+00 1.000000000000000000e+00 1.000000000000000000e+00 5.141919515486411685e-01 5.680674903151535782e-01
1.719000000000000000e+03 5.634238276854190985e-01 9.807952507846907642e-01 1.019718242519905171e+00 5.141919515486411685e-01 5.680674903151535782e-01
