5.000000000000000000e+02 1.000000000000000000e+00 1.000000000000000000e+00 1.000000000000000000e+00 3.694288324334540352e-01 5.522164803994771276e-01
5.000000000000000000e+02 9.824423604388745623e-01 8.822837637885381223e-01 9.947864439195456265e-01 3.694288324334540352e-01 5.522164803994771276e-01
5.010000000000000000e+02 1.000000000000000000e+00 1.000000000000000000e+00 1.000000000000000000e+00 7.791321404422604235e-01 3.883727685682287767e-01
5.010000000000000000e+02 9.648847208777491247e-01 7.645675275770762447e-01 9.895728878390912531e-01 7.791321404422604235e-01 3.883727685682287767e-01
5.020000000000000000e+02 1.000000000000000000e+00 1.000000000000000000e+00 1.000000000000000000e+00 4.180781440843757690e-01 2.951483459955968058e-01
5.020000000000000000e+02 9.473270813166236870e-01 6.468512913656144780e-01 9.843593317586369906e-01 4.180781440843757690e-01 2.951483459955968058e-01
5.030000000000000000e+02 1.000000000000000000e+00 1.000000000000000000e+00 1.000000000000000000e+00 5.225111048833301908e-01 5.562906811286887354e-01
5.030000000000000000e+02 9.297694417554982493e-01 5.291350551541526004e-01 9.791457756781826172e-01 5.225111048833301908e-01 5.562906811286887354e-01
5.040000000000000000e+02 1.000000000000000000e+00 1.000000000000000000e+00 1.000000000000000000e+00 5.283715351322395559e-01 5.290765647771551450e-01
5.040000000000000000e+02 9.824423604388745623e-01 8.822837637885381223e-01 9.947864439195456265e-01 5.283715351322395559e-01 5.290765647771551450e-01
5.050000000000000000e+02 1.000000000000000000e+00 1.000000000000000000e+00 1.000000000000000000e+00 3.598882649623247887e-01 3.564065031774339420e-01
5.050000000000000000e+02 9.648847208777491247e-01 7.645675275770762447e-01 9.895728878390912531e-01 3.598882649623247887e-01 3.564065031774339420e-01
5.060000000000000000e+02 1.000000000000000000e+00 1.000000000000000000e+00 1.000000000000000000e+00 7.008519628452716255e-01 3.040181650096069887e-01
5.060000000000000000e+02 9.473270813166236870e-01 6.468512913656144780e-01 9.843593317586369906e-01 7.008519628452716255e-01 3.040181650096069887e-01
5.070000000000000000e+02 1.000000000000000000e+00 1.000000000000000000e+00 1.000000000000000000e+00 4.136649692001393985e-01 5.842416350849573004e-01
5.070000000000000000e+02 9.297694417554982493e-01 5.291350551541526004e-01 9.791457756781826172e-01 4.136649692001393985e-01 5.842416350849573004e-01
5.080000000000000000e+02 1.000000000000000000e+00 1.000000000000000000e+00 1.000000000000000000e+00 4.990106072257138314e-01 5.806189290857810548e-01
5.080000000000000000e+02 9.824423604388745623e-01 8.822837637885381223e-01 9.947864439195456265e-01 4.990106072257138314e-01 5.806189290857810548e-01
5.090000000000000000e+02 1.000000000000000000e+00 1.000000000000000000e+00 1.000000000000000000e+00 5.029528389000014199e-01 2.593931186199558425e-01
5.090000000000000000e+02 9.648847208777491247e-01 7.645675275770762447e-01 9.895728878390912531e-01 5.029528389000014199e-01 2.593931186199558425e-01
5.100000000000000000e+02 1.000000000000000000e+00 1.000000000000000000e+00 1.000000000000000000e+00 3.393870947670873939e-01 4.980288841628562890e-01
5.100000000000000000e+02 9.473270813166236870e-01 6.468512913656144780e-01 9.843593317586369906e-01 3.393870947670873939e-01 4.980288841628562890e-01
5.110000000000000000e+02 1.000000000000000000e+00 1.000000000000000000e+00 1.000000000000000000e+00 5.006249529386495034e-01 5.000076697114286262e-01
5.110000000000000000e+02 9.297694417554982493e-01 5.291350551541526004e-01 9.791457756781826172e-01 5.006249529386495034e-01 5.000076697114286262e-01
5.120000000000000000e+02 1.000000000000000000e+00 1.000000000000000000e+00 1.000000000000000000e+00 5.009373411704335366e-01 5.000172563092867284e-01
5.120000000000000000e+02 9.824423604388745623e-01 8.822837637885381223e-01 9.947864439195456265e-01 5.009373411704335366e-01 5.000172563092867284e-01
5.130000000000000000e+02 1.000000000000000000e+00 1.000000000000000000e+00 1.000000000000000000e+00 3.390897657422346501e-01 4.970376669057845476e-01
5.130000000000000000e+02 9.648847208777491247e-01 7.645675275770762447e-01 9.895728878390912531e-01 3.390897657422346501e-01 4.970376669057845476e-01
5.140000000000000000e+02 1.000000000000000000e+00 1.000000000000000000e+00 1.000000000000000000e+00 5.044348714866798700e-01 2.591033191985687711e-01
5.140000000000000000e+02 9.473270813166236870e-01 6.468512913656144780e-01 9.843593317586369906e-01 5.044348714866798700e-01 2.591033191985687711e-01
5.150000000000000000e+02 1.000000000000000000e+00 1.000000000000000000e+00 1.000000000000000000e+00 4.985102052982489096e-01 5.809237877140994710e-01
5.150000000000000000e+02 9.297694417554982493e-01 5.291350551541526004e-01 9.791457756781826172e-01 4.985102052982489096e-01 5.809237877140994710e-01
5.160000000000000000e+02 1.000000000000000000e+00 1.000000000000000000e+00 1.000000000000000000e+00 4.129246966934204122e-01 5.839271735513424932e-01
5.160000000000000000e+02 9.824423604388745623e-01 8.822837637885381223e-01 9.947864439195456265e-01 4.129246966934204122e-01 5.839271735513424932e-01
5.170000000000000000e+02 1.000000000000000000e+00 1.000000000000000000e+00 1.000000000000000000e+00 7.022757045804006726e-01 3.050373927063128043e-01
5.170000000000000000e+02 9.648847208777491247e-01 7.645675275770762447e-01 9.895728878390912531e-01 7.022757045804006726e-01 3.050373927063128043e-01
5.180000000000000000e+02 1.000000000000000000e+00 1.000000000000000000e+00 1.000000000000000000e+00 3.605551095774851555e-01 3.553244960565098420e-01
5.180000000000000000e+02 9.473270813166236870e-01 6.468512913656144780e-01 9.843593317586369906e-01 3.605551095774851555e-01 3.553244960565098420e-01
5.190000000000000000e+02 1.000000000000000000e+00 1.000000000000000000e+00 1.000000000000000000e+00 5.284094566801702531e-01 5.294751026696690177e-01
5.190000000000000000e+02 9.297694417554982493e-01 5.291350551541526004e-01 9.791457756781826172e-01 5.284094566801702531e-01 5.294751026696690177e-01
