2.360000000000000000e+03 1.000000000000000000e+00 1.000000000000000000e+00 1.000000000000000000e+00 5.283524121075252600e-01 5.376222532628719408e-01
2.360000000000000000e+03 9.061040795486530186e-01 1.010469930527906124e+00 1.001998039323568346e+00 5.283524121075252600e-01 5.376222532628719408e-01
2.361000000000000000e+03 1.000000000000000000e+00 1.000000000000000000e+00 1.000000000000000000e+00 3.753528283631017981e-01 3.345993475955664209e-01
2.361000000000000000e+03 8.122081590973061482e-01 1.020939861055812248e+00 1.003996078647136692e+00 3.753528283631017981e-01 3.345993475955664209e-01
2.362000000000000000e+03 1.000000000000000000e+00 1.000000000000000000e+00 1.000000000000000000e+00 7.292898519752144537e-01 3.272054485984153271e-01
2.362000000000000000e+03 7.183122386459592779e-01 1.031409791583718372e+00 1.005994117970704815e+00 7.292898519752144537e-01 3.272054485984153271e-01
2.363000000000000000e+03 1.000000000000000000e+00 1.000000000000000000e+00 1.000000000000000000e+00 3.984885471663471845e-01 5.764997918722116754e-01
2.363000000000000000e+03 6.244163181946122965e-01 1.041879722111624496e+00 1.007992157294273161e+00 3.984885471663471845e-01 5.764997918722116754e-01
2.364000000000000000e+03 1.000000000000000000e+00 1.000000000000000000e+00 1.000000000000000000e+00 4.878796586919791900e-01 5.862620457644479588e-01
2.364000000000000000e+03 9.061040795486530186e-01 1.010469930527906124e+00 1.001998039323568346e+00 4.878796586919791900e-01 5.862620457644479588e-01
2.365000000000000000e+03 1.000000000000000000e+00 1.000000000000000000e+00 1.000000000000000000e+00 5.343826363742328889e-01 2.552943042574449817e-01
2.365000000000000000e+03 8.122081590973061482e-01 1.020939861055812248e+00 1.003996078647136692e+00 5.343826363742328889e-01 2.552943042574449817e-01
2.366000000000000000e+03 1.000000000000000000e+00 1.000000000000000000e+00 1.000000000000000000e+00 3.345161292464985392e-01 4.767485111588731228e-01
2.366000000000000000e+03 7.183122386459592779e-01 1.031409791583718372e+00 1.005994117970704815e+00 3.345161292464985392e-01 4.767485111588731228e-01
2.367000000000000000e+03 1.000000000000000000e+00 1.000000000000000000e+00 1.000000000000000000e+00 5.070402207753944568e-01 5.009891937749146873e-01
2.367000000000000000e+03 6.244163181946122965e-01 1.041879722111624496e+00 1.007992157294273161e+00 5.070402207753944568e-01 5.009891937749146873e-01
2.368000000000000000e+03 1.000000000000000000e+00 1.000000000000000000e+00 1.000000000000000000e+00 5.094388349365667201e-01 5.018023548293477631e-01
2.368000000000000000e+03 9.061040795486530186e-01 1.010469930527906124e+00 1.001998039323568346e+00 5.094388349365667201e-01 5.018023548293477631e-01
2.369000000000000000e+03 1.000000000000000000e+00 1.000000000000000000e+00 1.000000000000000000e+00 3.334007264448269892e-01 4.681877045974475737e-01
2.369000000000000000e+03 8.122081590973061482e-01 1.020939861055812248e+00 1.003996078647136692e+00 3.334007264448269892e-01 4.681877045974475737e-01
2.370000000000000000e+03 1.000000000000000000e+00 1.000000000000000000e+00 1.000000000000000000e+00 5.468172656891548966e-01 2.548205071355238438e-01
2.370000000000000000e+03 7.183122386459592779e-01 1.031409791583718372e+00 1.005994117970704815e+00 5.468172656891548966e-01 2.548205071355238438e-01
2.371000000000000000e+03 1.000000000000000000e+00 1.000000000000000000e+00 1.000000000000000000e+00 4.831926748840498775e-01 5.880190542458698655e-01
2.371000000000000000e+03 6.244163181946122965e-01 1.041879722111624496e+00 1.007992157294273161e+00 4.831926748840498775e-01 5.880190542458698655e-01
2.372000000000000000e+03 1.000000000000000000e+00 1.000000000000000000e+00 1.000000000000000000e+00 3.927891952150768251e-01 5.728315414175734199e-01
2.372000000000000000e+03 9.061040795486530186e-01 1.010469930527906124e+00 1.001998039323568346e+00 3.927891952150768251e-01 5.728315414175734199e-01
2.373000000000000000e+03 1.000000000000000000e+00 1.000000000000000000e+00 1.000000000000000000e+00 7.395602491487103247e-01 3.372594791832762562e-01
2.373000000000000000e+03 8.122081590973061482e-01 1.020939861055812248e+00 1.003996078647136692e+00 7.395602491487103247e-01 3.372594791832762562e-01
2.374000000000000000e+03 1.000000000000000000e+00 1.000000000000000000e+00 1.000000000000000000e+00 3.822139688828514736e-01 3.266144730331832502e-01
2.374000000000000000e+03 7.183122386459592779e-01 1.031409791583718372e+00 1.005994117970704815e+00 3.822139688828514736e-01 3.266144730331832502e-01
2.375000000000000000e+03 1.000000000000000000e+00 1.000000000000000000e+00 1.000000000000000000e+00 5.278770517179982580e-01 5.410360826030297110e-01
2.375000000000000000e+03 6.244163181946122965e-01 1.041879722111624496e+00 1.007992157294273161e+00 5.278770517179982580e-01 5.410360826030297110e-01
2.376000000000000000e+03 1.000000000000000000e+00 1.000000000000000000e+00 1.000000000000000000e+00 5.141033493445609226e-01 5.681656851000259634e-01
2.376000000000000000e+03 9.061040795486530186e-01 1.010469930527906124e+00 1.001998039323568346e+00 5.141033493445609226e-01 5.681656851000259634e-01
2.377000000000000000e+03 1.000000000000000000e+00 1.000000000000000000e+00 1.000000000000000000e+00 4.534795244403316827e-01 2.751526952761209621e-01
2.377000000000000000e+03 8.122081590973061482e-01 1.020939861055812248e+00 1.003996078647136692e+00 4.534795244403316827e-01 2.751526952761209621e-01
2.378000000000000000e+03 1.000000000000000000e+00 1.000000000000000000e+00 1.000000000000000000e+00 8.031881145358056306e-01 4.372709613327779299e-01
2.378000000000000000e+03 7.183122386459592779e-01 1.031409791583718372e+00 1.005994117970704815e+00 8.031881145358056306e-01 4.372709613327779299e-01
2.379000000000000000e+03 1.000000000000000000e+00 1.000000000000000000e+00 1.000000000000000000e+00 3.534935050880474439e-01 5.303119124521146199e-01
2.379000000000000000e+03 6.244163181946122965e-01 1.041879722111624496e+00 1.007992157294273161e+00 3.534935050880474439e-01 5.303119124521146199e-01
