1.820000000000000000e+03 1.000000000000000000e+00 1.000000000000000000e+00 1.000000000000000000e+00 4.796992549579180976e-01 5.891234104475299160e-01
1.820000000000000000e+03 9.085721995776652182e-01 1.006410495815998063e+00 1.003520950691737523e+00 4.796992549579180976e-01 5.891234104475299160e-01
1.821000000000000000e+03 1.000000000000000000e+00 1.000000000000000000e+00 1.000000000000000000e+00 5.558357243977942730e-01 2.548725343417509448e-01
1.821000000000000000e+03 8.171443991553303254e-01 1.012820991631996126e+00 1.007041901383475047e+00 5.558357243977942730e-01 2.548725343417509448e-01
1.822000000000000000e+03 1.000000000000000000e+00 1.000000000000000000e+00 1.000000000000000000e+00 3.328745619471105144e-01 4.619317652800618568e-01
1.822000000000000000e+03 7.257165987329954326e-01 1.019231487447993967e+00 1.010562852075212570e+00 3.328745619471105144e-01 4.619317652800618568e-01
1.823000000000000000e+03 1.000000000000000000e+00 1.000000000000000000e+00 1.000000000000000000e+00 5.111213828421703464e-01 5.025332553642255506e-01
1.823000000000000000e+03 6.342887983106606509e-01 1.025641983263992030e+00 1.014083802766950093e+00 5.111213828421703464e-01 5.025332553642255506e-01
1.824000000000000000e+03 1.000000000000000000e+00 1.000000000000000000e+00 1.000000000000000000e+00 5.155623346470549206e-01 5.051941100677183050e-01
1.824000000000000000e+03 9.085721995776652182e-01 1.006410495815998063e+00 1.003520950691737523e+00 5.155623346470549206e-01 5.051941100677183050e-01
1.825000000000000000e+03 1.000000000000000000e+00 1.000000000000000000e+00 1.000000000000000000e+00 3.326678493664281810e-01 4.441509498432951175e-01
1.825000000000000000e+03 8.171443991553303254e-01 1.012820991631996126e+00 1.007041901383475047e+00 3.326678493664281810e-01 4.441509498432951175e-01
1.826000000000000000e+03 1.000000000000000000e+00 1.000000000000000000e+00 1.000000000000000000e+00 5.811765202011981435e-01 2.567829413731698152e-01
1.826000000000000000e+03 7.257165987329954326e-01 1.019231487447993967e+00 1.010562852075212570e+00 5.811765202011981435e-01 2.567829413731698152e-01
1.827000000000000000e+03 1.000000000000000000e+00 1.000000000000000000e+00 1.000000000000000000e+00 4.694784198877883785e-01 5.914472426403133420e-01
1.827000000000000000e+03 6.342887983106606509e-01 1.025641983263992030e+00 1.014083802766950093e+00 4.694784198877883785e-01 5.914472426403133420e-01
1.828000000000000000e+03 1.000000000000000000e+00 1.000000000000000000e+00 1.000000000000000000e+00 3.779710389130941928e-01 5.609557027283988972e-01
1.828000000000000000e+03 9.085721995776652182e-01 1.006410495815998063e+00 1.003520950691737523e+00 3.779710389130941928e-01 5.609557027283988972e-01
1.829000000000000000e+03 1.000000000000000000e+00 1.000000000000000000e+00 1.000000000000000000e+00 7.651648787879270497e-01 3.675452828456212684e-01
1.829000000000000000e+03 8.171443991553303254e-01 1.012820991631996126e+00 1.007041901383475047e+00 7.651648787879270497e-01 3.675452828456212684e-01
1.830000000000000000e+03 1.000000000000000000e+00 1.000000000000000000e+00 1.000000000000000000e+00 4.032947900586112411e-01 3.064030800625835993e-01
1.830000000000000000e+03 7.257165987329954326e-01 1.019231487447993967e+00 1.010562852075212570e+00 4.032947900586112411e-01 3.064030800625835993e-01
1.831000000000000000e+03 1.000000000000000000e+00 1.000000000000000000e+00 1.000000000000000000e+00 5.252061955154089246e-01 5.504610022363951582e-01
1.831000000000000000e+03 6.342887983106606509e-01 1.025641983263992030e+00 1.014083802766950093e+00 5.252061955154089246e-01 5.504610022363951582e-01
1.832000000000000000e+03 1.000000000000000000e+00 1.000000000000000000e+00 1.000000000000000000e+00 5.053869900605502119e-01 5.762161096957200135e-01
1.832000000000000000e+03 9.085721995776652182e-01 1.006410495815998063e+00 1.003520950691737523e+00 5.053869900605502119e-01 5.762161096957200135e-01
1.833000000000000000e+03 1.000000000000000000e+00 1.000000000000000000e+00 1.000000000000000000e+00 4.833322781971114979e-01 2.641820573218313650e-01
1.833000000000000000e+03 8.171443991553303254e-01 1.012820991631996126e+00 1.007041901383475047e+00 4.833322781971114979e-01 2.641820573218313650e-01
1.834000000000000000e+03 1.000000000000000000e+00 1.000000000000000000e+00 1.000000000000000000e+00 8.156188591693929180e-01 4.776919123259423250e-01
1.834000000000000000e+03 7.257165987329954326e-01 1.019231487447993967e+00 1.010562852075212570e+00 8.156188591693929180e-01 4.776919123259423250e-01
1.835000000000000000e+03 1.000000000000000000e+00 1.000000000000000000e+00 1.000000000000000000e+00 3.439829738130556480e-01 5.110273559317193293e-01
1.835000000000000000e+03 6.342887983106606509e-01 1.025641983263992030e+00 1.014083802766950093e+00 3.439829738130556480e-01 5.110273559317193293e-01
1.836000000000000000e+03 1.000000000000000000e+00 1.000000000000000000e+00 1.000000000000000000e+00 4.236965350805135255e-01 5.879101602793624926e-01
1.836000000000000000e+03 9.085721995776652182e-01 1.006410495815998063e+00 1.003520950691737523e+00 4.236965350805135255e-01 5.879101602793624926e-01
1.837000000000000000e+03 1.000000000000000000e+00 1.000000000000000000e+00 1.000000000000000000e+00 6.811823213994248061e-01 2.912576194171915822e-01
1.837000000000000000e+03 8.171443991553303254e-01 1.012820991631996126e+00 1.007041901383475047e+00 6.811823213994248061e-01 2.912576194171915822e-01
1.838000000000000000e+03 1.000000000000000000e+00 1.000000000000000000e+00 1.000000000000000000e+00 3.516737295689146281e-01 3.712571068405443042e-01
1.838000000000000000e+03 7.257165987329954326e-01 1.019231487447993967e+00 1.010562852075212570e+00 3.516737295689146281e-01 3.712571068405443042e-01
1.839000000000000000e+03 1.000000000000000000e+00 1.000000000000000000e+00 1.000000000000000000e+00 5.274940501276395022e-01 5.238640366795171976e-01
1.839000000000000000e+03 6.342887983106606509e-01 1.025641983263992030e+00 1.014083802766950093e+00 5.274940501276395022e-01 5.238640366795171976e-01
