4.000000000000000000e+02 1.000000000000000000e+00 1.000000000000000000e+00 1.000000000000000000e+00 5.263620974651692652e-01 5.200575532465182560e-01
4.000000000000000000e+02 9.075216851233920412e-01 1.013539367523895951e+00 1.001193780375948528e+00 5.263620974651692652e-01 5.200575532465182560e-01
4.010000000000000000e+02 1.000000000000000000e+00 1.000000000000000000e+00 1.000000000000000000e+00 3.463039977974093908e-01 3.830606801287896879e-01
4.010000000000000000e+02 8.150433702467840824e-01 1.027078735047791680e+00 1.002387560751897055e+00 3.463039977974093908e-01 3.830606801287896879e-01
4.020000000000000000e+02 1.000000000000000000e+00 1.000000000000000000e+00 1.000000000000000000e+00 6.653802031835563957e-01 2.826370454286986078e-01
4.020000000000000000e+02 7.225650553701760126e-01 1.040618102571687409e+00 1.003581341127845361e+00 6.653802031835563957e-01 2.826370454286986078e-01
4.030000000000000000e+02 1.000000000000000000e+00 1.000000000000000000e+00 1.000000000000000000e+00 4.315015634411356604e-01 5.900290498338799372e-01
4.030000000000000000e+02 6.300867404935680538e-01 1.054157470095583360e+00 1.004775121503793889e+00 4.315015634411356604e-01 5.900290498338799372e-01
4.040000000000000000e+02 1.000000000000000000e+00 1.000000000000000000e+00 1.000000000000000000e+00 3.482680339501211808e-01 5.206076709901537036e-01
4.040000000000000000e+02 9.075216851233920412e-01 1.013539367523895951e+00 1.001193780375948528e+00 3.482680339501211808e-01 5.206076709901537036e-01
4.050000000000000000e+02 1.000000000000000000e+00 1.000000000000000000e+00 1.000000000000000000e+00 8.102763877183236652e-01 4.578594156487060252e-01
4.050000000000000000e+02 8.150433702467840824e-01 1.027078735047791680e+00 1.002387560751897055e+00 8.102763877183236652e-01 4.578594156487060252e-01
4.060000000000000000e+02 1.000000000000000000e+00 1.000000000000000000e+00 1.000000000000000000e+00 4.686258723292761608e-01 2.689958231158987578e-01
4.060000000000000000e+02 7.225650553701760126e-01 1.040618102571687409e+00 1.003581341127845361e+00 4.686258723292761608e-01 2.689958231158987578e-01
4.070000000000000000e+02 1.000000000000000000e+00 1.000000000000000000e+00 1.000000000000000000e+00 5.098412143095836235e-01 5.724597552156563962e-01
4.070000000000000000e+02 6.300867404935680538e-01 1.054157470095583360e+00 1.004775121503793889e+00 5.098412143095836235e-01 5.724597552156563962e-01
4.080000000000000000e+02 1.000000000000000000e+00 1.000000000000000000e+00 1.000000000000000000e+00 5.267504766354287327e-01 5.458985579814592537e-01
4.080000000000000000e+02 9.075216851233920412e-01 1.013539367523895951e+00 1.001193780375948528e+00 5.267504766354287327e-01 5.458985579814592537e-01
4.090000000000000000e+02 1.000000000000000000e+00 1.000000000000000000e+00 1.000000000000000000e+00 3.926833819684563132e-01 3.158657850390869104e-01
4.090000000000000000e+02 8.150433702467840824e-01 1.027078735047791680e+00 1.002387560751897055e+00 3.926833819684563132e-01 3.158657850390869104e-01
4.100000000000000000e+02 1.000000000000000000e+00 1.000000000000000000e+00 1.000000000000000000e+00 7.532520434506400075e-01 3.524003112703988361e-01
4.100000000000000000e+02 7.225650553701760126e-01 1.040618102571687409e+00 1.003581341127845361e+00 7.532520434506400075e-01 3.524003112703988361e-01
4.110000000000000000e+02 1.000000000000000000e+00 1.000000000000000000e+00 1.000000000000000000e+00 3.849836135288137728e-01 5.670335473334862098e-01
4.110000000000000000e+02 6.300867404935680538e-01 1.054157470095583360e+00 1.004775121503793889e+00 3.849836135288137728e-01 5.670335473334862098e-01
4.120000000000000000e+02 1.000000000000000000e+00 1.000000000000000000e+00 1.000000000000000000e+00 4.762656354493295940e-01 5.900496838660518328e-01
4.120000000000000000e+02 9.075216851233920412e-01 1.013539367523895951e+00 1.001193780375948528e+00 4.762656354493295940e-01 5.900496838660518328e-01
4.130000000000000000e+02 1.000000000000000000e+00 1.000000000000000000e+00 1.000000000000000000e+00 5.645128700873925931e-01 2.552340807667717870e-01
4.130000000000000000e+02 8.150433702467840824e-01 1.027078735047791680e+00 1.002387560751897055e+00 5.645128700873925931e-01 2.552340807667717870e-01
4.140000000000000000e+02 1.000000000000000000e+00 1.000000000000000000e+00 1.000000000000000000e+00 3.325921984503599771e-01 4.558763826809684172e-01
4.140000000000000000e+02 7.225650553701760126e-01 1.040618102571687409e+00 1.003581341127845361e+00 3.325921984503599771e-01 4.558763826809684172e-01
4.150000000000000000e+02 1.000000000000000000e+00 1.000000000000000000e+00 1.000000000000000000e+00 5.126915661824636983e-01 5.033451117823092291e-01
4.150000000000000000e+02 6.300867404935680538e-01 1.054157470095583360e+00 1.004775121503793889e+00 5.126915661824636983e-01 5.033451117823092291e-01
4.160000000000000000e+02 1.000000000000000000e+00 1.000000000000000000e+00 1.000000000000000000e+00 5.169892695909154012e-01 5.063150885795210110e-01
4.160000000000000000e+02 9.075216851233920412e-01 1.013539367523895951e+00 1.001193780375948528e+00 5.169892695909154012e-01 5.063150885795210110e-01
4.170000000000000000e+02 1.000000000000000000e+00 1.000000000000000000e+00 1.000000000000000000e+00 3.330364885030725475e-01 4.379379225805694609e-01
4.170000000000000000e+02 8.150433702467840824e-01 1.027078735047791680e+00 1.002387560751897055e+00 3.330364885030725475e-01 4.379379225805694609e-01
4.180000000000000000e+02 1.000000000000000000e+00 1.000000000000000000e+00 1.000000000000000000e+00 5.899355718393852754e-01 2.580493675500665773e-01
4.180000000000000000e+02 7.225650553701760126e-01 1.040618102571687409e+00 1.003581341127845361e+00 5.899355718393852754e-01 2.580493675500665773e-01
4.190000000000000000e+02 1.000000000000000000e+00 1.000000000000000000e+00 1.000000000000000000e+00 4.658114170005242527e-01 5.919763905439214824e-01
4.190000000000000000e+02 6.300867404935680538e-01 1.054157470095583360e+00 1.004775121503793889e+00 4.658114170005242527e-01 5.919763905439214824e-01
