2.260000000000000000e+03 1.000000000000000000e+00 1.000000000000000000e+00 1.000000000000000000e+00 3.438883026888707173e-01 5.107934045499545883e-01
2.260000000000000000e+03 9.975548115816337269e-01 9.206255489685374327e-01 9.991754205558548430e-01 3.438883026888707173e-01 5.107934045499545883e-01
2.261000000000000000e+03 1.000000000000000000e+00 1.000000000000000000e+00 1.000000000000000000e+00 8.157306469332923360e-01 4.781707030295226368e-01
2.261000000000000000e+03 9.951096231632675648e-01 8.412510979370748654e-01 9.983508411117096859e-01 8.157306469332923360e-01 4.781707030295226368e-01
2.262000000000000000e+03 1.000000000000000000e+00 1.000000000000000000e+00 1.000000000000000000e+00 4.836886492397840520e-01 2.640788278777891351e-01
2.262000000000000000e+03 9.926644347449014028e-01 7.618766469056121871e-01 9.975262616675646399e-01 4.836886492397840520e-01 2.640788278777891351e-01
2.263000000000000000e+03 1.000000000000000000e+00 1.000000000000000000e+00 1.000000000000000000e+00 5.052754583396932286e-01 5.763022225000477006e-01
2.263000000000000000e+03 9.902192463265351297e-01 6.825021958741496197e-01 9.967016822234194828e-01 5.052754583396932286e-01 5.763022225000477006e-01
2.264000000000000000e+03 1.000000000000000000e+00 1.000000000000000000e+00 1.000000000000000000e+00 5.251635640577819730e-01 5.505695527274122592e-01
2.264000000000000000e+03 9.975548115816337269e-01 9.206255489685374327e-01 9.991754205558548430e-01 5.251635640577819730e-01 5.505695527274122592e-01
2.265000000000000000e+03 1.000000000000000000e+00 1.000000000000000000e+00 1.000000000000000000e+00 4.035570732999810284e-01 3.061850199064184985e-01
2.265000000000000000e+03 9.951096231632675648e-01 8.412510979370748654e-01 9.983508411117096859e-01 4.035570732999810284e-01 3.061850199064184985e-01
2.266000000000000000e+03 1.000000000000000000e+00 1.000000000000000000e+00 1.000000000000000000e+00 7.654376937766660394e-01 3.679173919788624181e-01
2.266000000000000000e+03 9.926644347449014028e-01 7.618766469056121871e-01 9.975262616675646399e-01 7.654376937766660394e-01 3.679173919788624181e-01
2.267000000000000000e+03 1.000000000000000000e+00 1.000000000000000000e+00 1.000000000000000000e+00 3.778077335895031474e-01 5.608032453789004723e-01
2.267000000000000000e+03 9.902192463265351297e-01 6.825021958741496197e-01 9.967016822234194828e-01 3.778077335895031474e-01 5.608032453789004723e-01
2.268000000000000000e+03 1.000000000000000000e+00 1.000000000000000000e+00 1.000000000000000000e+00 4.693133300335551872e-01 5.914743838760946337e-01
2.268000000000000000e+03 9.975548115816337269e-01 9.206255489685374327e-01 9.991754205558548430e-01 4.693133300335551872e-01 5.914743838760946337e-01
2.269000000000000000e+03 1.000000000000000000e+00 1.000000000000000000e+00 1.000000000000000000e+00 5.815743623480471580e-01 2.568336823763411880e-01
2.269000000000000000e+03 9.951096231632675648e-01 8.412510979370748654e-01 9.983508411117096859e-01 5.815743623480471580e-01 2.568336823763411880e-01
2.270000000000000000e+03 1.000000000000000000e+00 1.000000000000000000e+00 1.000000000000000000e+00 3.326796492501232771e-01 4.438694838427540423e-01
2.270000000000000000e+03 9.926644347449014028e-01 7.618766469056121871e-01 9.975262616675646399e-01 3.326796492501232771e-01 4.438694838427540423e-01
2.271000000000000000e+03 1.000000000000000000e+00 1.000000000000000000e+00 1.000000000000000000e+00 5.156284170023125446e-01 5.052428237756435569e-01
2.271000000000000000e+03 9.902192463265351297e-01 6.825021958741496197e-01 9.967016822234194828e-01 5.156284170023125446e-01 5.052428237756435569e-01
2.272000000000000000e+03 1.000000000000000000e+00 1.000000000000000000e+00 1.000000000000000000e+00 5.111936309430633596e-01 5.025677802575608810e-01
2.272000000000000000e+03 9.975548115816337269e-01 9.206255489685374327e-01 9.991754205558548430e-01 5.111936309430633596e-01 5.025677802575608810e-01
2.273000000000000000e+03 1.000000000000000000e+00 1.000000000000000000e+00 1.000000000000000000e+00 3.328570073467749246e-01 4.616579750656727432e-01
2.273000000000000000e+03 9.951096231632675648e-01 8.412510979370748654e-01 9.983508411117096859e-01 3.328570073467749246e-01 4.616579750656727432e-01
2.274000000000000000e+03 1.000000000000000000e+00 1.000000000000000000e+00 1.000000000000000000e+00 5.562291472727103336e-01 2.548823264916940667e-01
2.274000000000000000e+03 9.926644347449014028e-01 7.618766469056121871e-01 9.975262616675646399e-01 5.562291472727103336e-01 2.548823264916940667e-01
2.275000000000000000e+03 1.000000000000000000e+00 1.000000000000000000e+00 1.000000000000000000e+00 4.795450974040559311e-01 5.891683117981442175e-01
2.275000000000000000e+03 9.902192463265351297e-01 6.825021958741496197e-01 9.967016822234194828e-01 4.795450974040559311e-01 5.891683117981442175e-01
2.276000000000000000e+03 1.000000000000000000e+00 1.000000000000000000e+00 1.000000000000000000e+00 3.885924161790390574e-01 5.698318776513719985e-01
2.276000000000000000e+03 9.975548115816337269e-01 9.206255489685374327e-01 9.991754205558548430e-01 3.885924161790390574e-01 5.698318776513719985e-01
2.277000000000000000e+03 1.000000000000000000e+00 1.000000000000000000e+00 1.000000000000000000e+00 7.469766460106981310e-01 3.451914821644270215e-01
2.277000000000000000e+03 9.951096231632675648e-01 8.412510979370748654e-01 9.983508411117096859e-01 7.469766460106981310e-01 3.451914821644270215e-01
2.278000000000000000e+03 1.000000000000000000e+00 1.000000000000000000e+00 1.000000000000000000e+00 3.876798022565274837e-01 3.208078850841704632e-01
2.278000000000000000e+03 9.926644347449014028e-01 7.618766469056121871e-01 9.975262616675646399e-01 3.876798022565274837e-01 3.208078850841704632e-01
2.279000000000000000e+03 1.000000000000000000e+00 1.000000000000000000e+00 1.000000000000000000e+00 5.273435575592716473e-01 5.436230527260922374e-01
2.279000000000000000e+03 9.902192463265351297e-01 6.825021958741496197e-01 9.967016822234194828e-01 5.273435575592716473e-01 5.436230527260922374e-01
