4.400000000000000000e+03 1.000000000000000000e+00 1.000000000000000000e+00 1.000000000000000000e+00 5.232891817345058927e-01 5.136452262777981836e-01
4.400000000000000000e+03 9.878837559779680699e-01 1.003502071420474762e+00 9.154089952198988245e-01 5.232891817345058927e-01 5.136452262777981836e-01
4.401000000000000000e+03 1.000000000000000000e+00 1.000000000000000000e+00 1.000000000000000000e+00 3.386609074340379832e-01 4.054707696211002355e-01
4.401000000000000000e+03 9.757675119559361399e-01 1.007004142840949523e+00 8.308179904397976490e-01 3.386609074340379832e-01 4.054707696211002355e-01
4.402000000000000000e+03 1.000000000000000000e+00 1.000000000000000000e+00 1.000000000000000000e+00 6.349712324294506383e-01 2.696359520183100322e-01
4.402000000000000000e+03 9.636512679339042098e-01 1.010506214261424285e+00 7.462269856596963624e-01 6.349712324294506383e-01 2.696359520183100322e-01
4.403000000000000000e+03 1.000000000000000000e+00 1.000000000000000000e+00 1.000000000000000000e+00 4.459127716716510537e-01 5.923141371502339547e-01
4.403000000000000000e+03 9.515350239118722797e-01 1.014008285681899046e+00 6.616359808795951869e-01 4.459127716716510537e-01 5.923141371502339547e-01
4.404000000000000000e+03 1.000000000000000000e+00 1.000000000000000000e+00 1.000000000000000000e+00 3.577761877249913125e-01 5.371361065271825774e-01
4.404000000000000000e+03 9.878837559779680699e-01 1.003502071420474762e+00 9.154089952198988245e-01 3.577761877249913125e-01 5.371361065271825774e-01
4.405000000000000000e+03 1.000000000000000000e+00 1.000000000000000000e+00 1.000000000000000000e+00 7.970334681555389933e-01 4.224414931711061860e-01
4.405000000000000000e+03 9.757675119559361399e-01 1.007004142840949523e+00 8.308179904397976490e-01 7.970334681555389933e-01 4.224414931711061860e-01
4.406000000000000000e+03 1.000000000000000000e+00 1.000000000000000000e+00 1.000000000000000000e+00 4.426526933219618876e-01 2.803713597847261596e-01
4.406000000000000000e+03 9.636512679339042098e-01 1.010506214261424285e+00 7.462269856596963624e-01 4.426526933219618876e-01 2.803713597847261596e-01
4.407000000000000000e+03 1.000000000000000000e+00 1.000000000000000000e+00 1.000000000000000000e+00 5.169249063763268204e-01 5.648189843347435346e-01
4.407000000000000000e+03 9.515350239118722797e-01 1.014008285681899046e+00 6.616359808795951869e-01 5.169249063763268204e-01 5.648189843347435346e-01
4.408000000000000000e+03 1.000000000000000000e+00 1.000000000000000000e+00 1.000000000000000000e+00 5.283681611522281774e-01 5.374634904790833723e-01
4.408000000000000000e+03 9.878837559779680699e-01 1.003502071420474762e+00 9.154089952198988245e-01 5.283681611522281774e-01 5.374634904790833723e-01
4.409000000000000000e+03 1.000000000000000000e+00 1.000000000000000000e+00 1.000000000000000000e+00 3.750433200784228926e-01 3.349800199096737430e-01
4.409000000000000000e+03 9.757675119559361399e-01 1.007004142840949523e+00 8.308179904397976490e-01 3.750433200784228926e-01 3.349800199096737430e-01
4.410000000000000000e+03 1.000000000000000000e+00 1.000000000000000000e+00 1.000000000000000000e+00 7.287982248959476994e-01 3.267490606937484277e-01
4.410000000000000000e+03 9.636512679339042098e-01 1.010506214261424285e+00 7.462269856596963624e-01 7.287982248959476994e-01 3.267490606937484277e-01
4.411000000000000000e+03 1.000000000000000000e+00 1.000000000000000000e+00 1.000000000000000000e+00 3.987582647152951854e-01 5.766624205369026424e-01
4.411000000000000000e+03 9.515350239118722797e-01 1.014008285681899046e+00 6.616359808795951869e-01 3.987582647152951854e-01 5.766624205369026424e-01
4.412000000000000000e+03 1.000000000000000000e+00 1.000000000000000000e+00 1.000000000000000000e+00 4.880942154103832253e-01 5.861736211339688696e-01
4.412000000000000000e+03 9.878837559779680699e-01 1.003502071420474762e+00 9.154089952198988245e-01 4.880942154103832253e-01 5.861736211339688696e-01
4.413000000000000000e+03 1.000000000000000000e+00 1.000000000000000000e+00 1.000000000000000000e+00 5.338034467715073728e-01 2.553319234709990893e-01
4.413000000000000000e+03 9.757675119559361399e-01 1.007004142840949523e+00 8.308179904397976490e-01 5.338034467715073728e-01 2.553319234709990893e-01
4.414000000000000000e+03 1.000000000000000000e+00 1.000000000000000000e+00 1.000000000000000000e+00 3.345791511685151098e-01 4.771453843194379263e-01
4.414000000000000000e+03 9.636512679339042098e-01 1.010506214261424285e+00 7.462269856596963624e-01 3.345791511685151098e-01 4.771453843194379263e-01
4.415000000000000000e+03 1.000000000000000000e+00 1.000000000000000000e+00 1.000000000000000000e+00 5.069263934364528490e-01 5.009569534986715311e-01
4.415000000000000000e+03 9.515350239118722797e-01 1.014008285681899046e+00 6.616359808795951869e-01 5.069263934364528490e-01 5.009569534986715311e-01
4.416000000000000000e+03 1.000000000000000000e+00 1.000000000000000000e+00 1.000000000000000000e+00 5.093277990990646709e-01 5.017589165706888288e-01
4.416000000000000000e+03 9.878837559779680699e-01 1.003502071420474762e+00 9.154089952198988245e-01 5.093277990990646709e-01 5.017589165706888288e-01
4.417000000000000000e+03 1.000000000000000000e+00 1.000000000000000000e+00 1.000000000000000000e+00 3.334431263751367336e-01 4.685928436204980230e-01
4.417000000000000000e+03 9.757675119559361399e-01 1.007004142840949523e+00 8.308179904397976490e-01 3.334431263751367336e-01 4.685928436204980230e-01
4.418000000000000000e+03 1.000000000000000000e+00 1.000000000000000000e+00 1.000000000000000000e+00 5.462312762839083291e-01 2.548285891122374358e-01
4.418000000000000000e+03 9.636512679339042098e-01 1.010506214261424285e+00 7.462269856596963624e-01 5.462312762839083291e-01 2.548285891122374358e-01
4.419000000000000000e+03 1.000000000000000000e+00 1.000000000000000000e+00 1.000000000000000000e+00 4.834169635249045971e-01 5.879423363619640241e-01
4.419000000000000000e+03 9.515350239118722797e-01 1.014008285681899046e+00 6.616359808795951869e-01 4.834169635249045971e-01 5.879423363619640241e-01
