4.160000000000000000e+03 1.000000000000000000e+00 1.000000000000000000e+00 1.000000000000000000e+00 5.075321512684495273e-01 5.011350077882331666e-01
4.160000000000000000e+03 1.004065624240533250e+00 9.926924703224764279e-01 9.116344189370886308e-01 5.075321512684495273e-01 5.011350077882331666e-01
4.161000000000000000e+03 1.000000000000000000e+00 1.000000000000000000e+00 1.000000000000000000e+00 3.342540456773482882e-01 4.750240081061111175e-01
4.161000000000000000e+03 1.008131248481066500e+00 9.853849406449528558e-01 8.232688378741772617e-01 3.342540456773482882e-01 4.750240081061111175e-01
4.162000000000000000e+03 1.000000000000000000e+00 1.000000000000000000e+00 1.000000000000000000e+00 5.368964839467167405e-01 2.551471441502471960e-01
4.162000000000000000e+03 1.012196872721599528e+00 9.780774109674292838e-01 7.349032568112660035e-01 5.368964839467167405e-01 2.551471441502471960e-01
4.163000000000000000e+03 1.000000000000000000e+00 1.000000000000000000e+00 1.000000000000000000e+00 4.869445001589390309e-01 5.866390527955506196e-01
4.163000000000000000e+03 1.016262496962132778e+00 9.707698812899057117e-01 6.465376757483546344e-01 4.869445001589390309e-01 5.866390527955506196e-01
4.164000000000000000e+03 1.000000000000000000e+00 1.000000000000000000e+00 1.000000000000000000e+00 3.973222621462404458e-01 5.757854121493364286e-01
4.164000000000000000e+03 1.004065624240533250e+00 9.926924703224764279e-01 9.116344189370886308e-01 3.973222621462404458e-01 5.757854121493364286e-01
4.165000000000000000e+03 1.000000000000000000e+00 1.000000000000000000e+00 1.000000000000000000e+00 7.314099124019687315e-01 3.291986563649942354e-01
4.165000000000000000e+03 1.008131248481066500e+00 9.853849406449528558e-01 8.232688378741772617e-01 7.314099124019687315e-01 3.291986563649942354e-01
4.166000000000000000e+03 1.000000000000000000e+00 1.000000000000000000e+00 1.000000000000000000e+00 3.767066221078289590e-01 3.329561748721358572e-01
4.166000000000000000e+03 1.012196872721599528e+00 9.780774109674292838e-01 7.349032568112660035e-01 3.767066221078289590e-01 3.329561748721358572e-01
4.167000000000000000e+03 1.000000000000000000e+00 1.000000000000000000e+00 1.000000000000000000e+00 5.282774464065016495e-01 5.383116505796550211e-01
4.167000000000000000e+03 1.016262496962132778e+00 9.707698812899057117e-01 6.465376757483546344e-01 5.282774464065016495e-01 5.383116505796550211e-01
4.168000000000000000e+03 1.000000000000000000e+00 1.000000000000000000e+00 1.000000000000000000e+00 5.162786705170291368e-01 5.656284155805102465e-01
4.168000000000000000e+03 1.004065624240533250e+00 9.926924703224764279e-01 9.116344189370886308e-01 5.162786705170291368e-01 5.656284155805102465e-01
4.169000000000000000e+03 1.000000000000000000e+00 1.000000000000000000e+00 1.000000000000000000e+00 4.452017255327965772e-01 2.790775403884268036e-01
4.169000000000000000e+03 1.008131248481066500e+00 9.853849406449528558e-01 8.232688378741772617e-01 4.452017255327965772e-01 2.790775403884268036e-01
4.170000000000000000e+03 1.000000000000000000e+00 1.000000000000000000e+00 1.000000000000000000e+00 7.985694816271047269e-01 4.259419235577094343e-01
4.170000000000000000e+03 1.012196872721599528e+00 9.780774109674292838e-01 7.349032568112660035e-01 7.985694816271047269e-01 4.259419235577094343e-01
4.171000000000000000e+03 1.000000000000000000e+00 1.000000000000000000e+00 1.000000000000000000e+00 3.567245624039582230e-01 5.355384724921162798e-01
4.171000000000000000e+03 1.016262496962132778e+00 9.707698812899057117e-01 6.465376757483546344e-01 3.567245624039582230e-01 5.355384724921162798e-01
4.172000000000000000e+03 1.000000000000000000e+00 1.000000000000000000e+00 1.000000000000000000e+00 4.444614610031705215e-01 5.921787922003093341e-01
4.172000000000000000e+03 1.004065624240533250e+00 9.926924703224764279e-01 9.116344189370886308e-01 4.444614610031705215e-01 5.921787922003093341e-01
4.173000000000000000e+03 1.000000000000000000e+00 1.000000000000000000e+00 1.000000000000000000e+00 6.381105374472880731e-01 2.707742630256554373e-01
4.173000000000000000e+03 1.008131248481066500e+00 9.853849406449528558e-01 8.232688378741772617e-01 6.381105374472880731e-01 2.707742630256554373e-01
4.174000000000000000e+03 1.000000000000000000e+00 1.000000000000000000e+00 1.000000000000000000e+00 3.392977354126730516e-01 4.031754617779411687e-01
4.174000000000000000e+03 1.012196872721599528e+00 9.780774109674292838e-01 7.349032568112660035e-01 3.392977354126730516e-01 4.031754617779411687e-01
4.175000000000000000e+03 1.000000000000000000e+00 1.000000000000000000e+00 1.000000000000000000e+00 5.236553198132917197e-01 5.142525397716001256e-01
4.175000000000000000e+03 1.016262496962132778e+00 9.707698812899057117e-01 6.465376757483546344e-01 5.236553198132917197e-01 5.142525397716001256e-01
4.176000000000000000e+03 1.000000000000000000e+00 1.000000000000000000e+00 1.000000000000000000e+00 5.278142961769802799e-01 5.253262260036779541e-01
4.176000000000000000e+03 1.004065624240533250e+00 9.926924703224764279e-01 9.116344189370886308e-01 5.278142961769802799e-01 5.253262260036779541e-01
4.177000000000000000e+03 1.000000000000000000e+00 1.000000000000000000e+00 1.000000000000000000e+00 3.538810754316267237e-01 3.669518407553407635e-01
4.177000000000000000e+03 1.008131248481066500e+00 9.853849406449528558e-01 8.232688378741772617e-01 3.538810754316267237e-01 3.669518407553407635e-01
4.178000000000000000e+03 1.000000000000000000e+00 1.000000000000000000e+00 1.000000000000000000e+00 6.869091258651498499e-01 2.947287612359302811e-01
4.178000000000000000e+03 1.012196872721599528e+00 9.780774109674292838e-01 7.349032568112660035e-01 6.869091258651498499e-01 2.947287612359302811e-01
4.179000000000000000e+03 1.000000000000000000e+00 1.000000000000000000e+00 1.000000000000000000e+00 4.208128073758313770e-01 5.869666103726768336e-01
4.179000000000000000e+03 1.016262496962132778e+00 9.707698812899057117e-01 6.465376757483546344e-01 4.208128073758313770e-01 5.869666103726768336e-01
