1.400000000000000000e+02 1.000000000000000000e+00 1.000000000000000000e+00 1.000000000000000000e+00 4.533528245483345320e-01 5.926720212490347306e-01
1.400000000000000000e+02 1.002756787749175871e+00 8.906547067033182552e-01 1.011742250143200073e+00 4.533528245483345320e-01 5.926720212490347306e-01
1.410000000000000000e+02 1.000000000000000000e+00 1.000000000000000000e+00 1.000000000000000000e+00 6.185849881964025077e-01 2.644120905596828441e-01
1.410000000000000000e+02 1.005513575498351519e+00 7.813094134066365104e-01 1.023484500286400145e+00 6.185849881964025077e-01 2.644120905596828441e-01
1.420000000000000000e+02 1.000000000000000000e+00 1.000000000000000000e+00 1.000000000000000000e+00 3.358700346553240568e-01 4.173839181759660399e-01
1.420000000000000000e+02 1.008270363247527168e+00 6.719641201099547656e-01 1.035226750429600440e+00 3.358700346553240568e-01 4.173839181759660399e-01
1.430000000000000000e+02 1.000000000000000000e+00 1.000000000000000000e+00 1.000000000000000000e+00 5.212140771533935180e-01 5.106782690792969204e-01
1.430000000000000000e+02 1.011027150996703039e+00 5.626188268132730208e-01 1.046969000572800512e+00 5.212140771533935180e-01 5.106782690792969204e-01
1.440000000000000000e+02 1.000000000000000000e+00 1.000000000000000000e+00 1.000000000000000000e+00 5.266066919323979523e-01 5.207640661820961414e-01
1.440000000000000000e+02 1.002756787749175871e+00 8.906547067033182552e-01 1.011742250143200073e+00 5.266066919323979523e-01 5.207640661820961414e-01
1.450000000000000000e+02 1.000000000000000000e+00 1.000000000000000000e+00 1.000000000000000000e+00 3.472578796473450025e-01 3.807988793250035586e-01
1.450000000000000000e+02 1.005513575498351519e+00 7.813094134066365104e-01 1.023484500286400145e+00 3.472578796473450025e-01 3.807988793250035586e-01
1.460000000000000000e+02 1.000000000000000000e+00 1.000000000000000000e+00 1.000000000000000000e+00 6.684196479214465914e-01 2.841901654372165908e-01
1.460000000000000000e+02 1.008270363247527168e+00 6.719641201099547656e-01 1.035226750429600440e+00 6.684196479214465914e-01 2.841901654372165908e-01
1.470000000000000000e+02 1.000000000000000000e+00 1.000000000000000000e+00 1.000000000000000000e+00 4.300174065714537086e-01 5.896744061425265304e-01
1.470000000000000000e+02 1.011027150996703039e+00 5.626188268132730208e-01 1.046969000572800512e+00 4.300174065714537086e-01 5.896744061425265304e-01
1.480000000000000000e+02 1.000000000000000000e+00 1.000000000000000000e+00 1.000000000000000000e+00 3.474062715554483427e-01 5.188206413118795490e-01
1.480000000000000000e+02 1.002756787749175871e+00 8.906547067033182552e-01 1.011742250143200073e+00 3.474062715554483427e-01 5.188206413118795490e-01
1.490000000000000000e+02 1.000000000000000000e+00 1.000000000000000000e+00 1.000000000000000000e+00 8.113904539803452609e-01 4.615936506562459685e-01
1.490000000000000000e+02 1.005513575498351519e+00 7.813094134066365104e-01 1.023484500286400145e+00 8.113904539803452609e-01 4.615936506562459685e-01
1.500000000000000000e+02 1.000000000000000000e+00 1.000000000000000000e+00 1.000000000000000000e+00 4.713865046721832930e-01 2.680079087875515409e-01
1.500000000000000000e+02 1.008270363247527168e+00 6.719641201099547656e-01 1.035226750429600440e+00 4.713865046721832930e-01 2.680079087875515409e-01
1.510000000000000000e+02 1.000000000000000000e+00 1.000000000000000000e+00 1.000000000000000000e+00 5.090277872959422245e-01 5.731953656766548555e-01
1.510000000000000000e+02 1.011027150996703039e+00 5.626188268132730208e-01 1.046969000572800512e+00 5.090277872959422245e-01 5.731953656766548555e-01
1.520000000000000000e+02 1.000000000000000000e+00 1.000000000000000000e+00 1.000000000000000000e+00 5.264932778323508922e-01 5.467671757720932169e-01
1.520000000000000000e+02 1.002756787749175871e+00 8.906547067033182552e-01 1.011742250143200073e+00 5.264932778323508922e-01 5.467671757720932169e-01
1.530000000000000000e+02 1.000000000000000000e+00 1.000000000000000000e+00 1.000000000000000000e+00 3.946430114108836484e-01 3.140189056505129361e-01
1.530000000000000000e+02 1.005513575498351519e+00 7.813094134066365104e-01 1.023484500286400145e+00 3.946430114108836484e-01 3.140189056505129361e-01
1.540000000000000000e+02 1.000000000000000000e+00 1.000000000000000000e+00 1.000000000000000000e+00 7.555880536381840429e-01 3.552111560325008632e-01
1.540000000000000000e+02 1.008270363247527168e+00 6.719641201099547656e-01 1.035226750429600440e+00 7.555880536381840429e-01 3.552111560325008632e-01
1.550000000000000000e+02 1.000000000000000000e+00 1.000000000000000000e+00 1.000000000000000000e+00 3.836258649392098596e-01 5.659251332107336774e-01
1.550000000000000000e+02 1.011027150996703039e+00 5.626188268132730208e-01 1.046969000572800512e+00 3.836258649392098596e-01 5.659251332107336774e-01
1.560000000000000000e+02 1.000000000000000000e+00 1.000000000000000000e+00 1.000000000000000000e+00 4.749956789867282869e-01 5.903540061683224538e-01
1.560000000000000000e+02 1.002756787749175871e+00 8.906547067033182552e-01 1.011742250143200073e+00 4.749956789867282869e-01 5.903540061683224538e-01
1.570000000000000000e+02 1.000000000000000000e+00 1.000000000000000000e+00 1.000000000000000000e+00 5.676783622092553827e-01 2.554418233044071229e-01
1.570000000000000000e+02 1.005513575498351519e+00 7.813094134066365104e-01 1.023484500286400145e+00 5.676783622092553827e-01 2.554418233044071229e-01
1.580000000000000000e+02 1.000000000000000000e+00 1.000000000000000000e+00 1.000000000000000000e+00 3.325439085680422791e-01 4.536586583887364243e-01
1.580000000000000000e+02 1.008270363247527168e+00 6.719641201099547656e-01 1.035226750429600440e+00 3.325439085680422791e-01 4.536586583887364243e-01
1.590000000000000000e+02 1.000000000000000000e+00 1.000000000000000000e+00 1.000000000000000000e+00 5.132519209046872977e-01 5.036673004152798505e-01
1.590000000000000000e+02 1.011027150996703039e+00 5.626188268132730208e-01 1.046969000572800512e+00 5.132519209046872977e-01 5.036673004152798505e-01
