1.940000000000000000e+03 1.000000000000000000e+00 1.000000000000000000e+00 1.000000000000000000e+00 3.489280138966333045e-01 5.219359449043496912e-01
1.940000000000000000e+03 9.907409050677523643e-01 9.202258573730175417e-01 1.010507352173048545e+00 3.489280138966333045e-01 5.219359449043496912e-01
1.941000000000000000e+03 1.000000000000000000e+00 1.000000000000000000e+00 1.000000000000000000e+00 8.094115088974789263e-01 4.550728497916031734e-01
1.941000000000000000e+03 9.814818101355047286e-01 8.404517147460350834e-01 1.021014704346096869e+00 8.094115088974789263e-01 4.550728497916031734e-01
1.942000000000000000e+03 1.000000000000000000e+00 1.000000000000000000e+00 1.000000000000000000e+00 4.665684524436267688e-01 2.697582524995771891e-01
1.942000000000000000e+03 9.722227152032570929e-01 7.606775721190527362e-01 1.031522056519145192e+00 4.665684524436267688e-01 2.697582524995771891e-01
1.943000000000000000e+03 1.000000000000000000e+00 1.000000000000000000e+00 1.000000000000000000e+00 5.104403422523260403e-01 5.719022247063106912e-01
1.943000000000000000e+03 9.629636202710094572e-01 6.809034294920702779e-01 1.042029408692193737e+00 5.104403422523260403e-01 5.719022247063106912e-01
1.944000000000000000e+03 1.000000000000000000e+00 1.000000000000000000e+00 1.000000000000000000e+00 5.269320316558744333e-01 5.452476113728612628e-01
1.944000000000000000e+03 9.907409050677523643e-01 9.202258573730175417e-01 1.010507352173048545e+00 5.269320316558744333e-01 5.452476113728612628e-01
1.945000000000000000e+03 1.000000000000000000e+00 1.000000000000000000e+00 1.000000000000000000e+00 3.912329522740504162e-01 3.172640976900173992e-01
1.945000000000000000e+03 9.814818101355047286e-01 8.404517147460350834e-01 1.021014704346096869e+00 3.912329522740504162e-01 3.172640976900173992e-01
1.946000000000000000e+03 1.000000000000000000e+00 1.000000000000000000e+00 1.000000000000000000e+00 7.514800477785432697e-01 3.503154442390127299e-01
1.946000000000000000e+03 9.722227152032570929e-01 7.606775721190527362e-01 1.031522056519145192e+00 7.514800477785432697e-01 3.503154442390127299e-01
1.947000000000000000e+03 1.000000000000000000e+00 1.000000000000000000e+00 1.000000000000000000e+00 3.860082431585781237e-01 5.678495396909120085e-01
1.947000000000000000e+03 9.629636202710094572e-01 6.809034294920702779e-01 1.042029408692193737e+00 3.860082431585781237e-01 5.678495396909120085e-01
1.948000000000000000e+03 1.000000000000000000e+00 1.000000000000000000e+00 1.000000000000000000e+00 4.772107273673240613e-01 5.898099644635051986e-01
1.948000000000000000e+03 9.907409050677523643e-01 9.202258573730175417e-01 1.010507352173048545e+00 4.772107273673240613e-01 5.898099644635051986e-01
1.949000000000000000e+03 1.000000000000000000e+00 1.000000000000000000e+00 1.000000000000000000e+00 5.621420806864031450e-01 2.551050378794470497e-01
1.949000000000000000e+03 9.814818101355047286e-01 8.404517147460350834e-01 1.021014704346096869e+00 5.621420806864031450e-01 2.551050378794470497e-01
1.950000000000000000e+03 1.000000000000000000e+00 1.000000000000000000e+00 1.000000000000000000e+00 3.326475367079708700e-01 4.575343233404605137e-01
1.950000000000000000e+03 9.722227152032570929e-01 7.606775721190527362e-01 1.031522056519145192e+00 3.326475367079708700e-01 4.575343233404605137e-01
1.951000000000000000e+03 1.000000000000000000e+00 1.000000000000000000e+00 1.000000000000000000e+00 5.122674656349812672e-01 5.031128686058123911e-01
1.951000000000000000e+03 9.629636202710094572e-01 6.809034294920702779e-01 1.042029408692193737e+00 5.122674656349812672e-01 5.031128686058123911e-01
1.952000000000000000e+03 1.000000000000000000e+00 1.000000000000000000e+00 1.000000000000000000e+00 5.166058103089123943e-01 5.059991856153079892e-01
1.952000000000000000e+03 9.907409050677523643e-01 9.202258573730175417e-01 1.010507352173048545e+00 5.166058103089123943e-01 5.059991856153079892e-01
1.953000000000000000e+03 1.000000000000000000e+00 1.000000000000000000e+00 1.000000000000000000e+00 3.329132183961646119e-01 4.396365128795996502e-01
1.953000000000000000e+03 9.814818101355047286e-01 8.404517147460350834e-01 1.021014704346096869e+00 3.329132183961646119e-01 4.396365128795996502e-01
1.954000000000000000e+03 1.000000000000000000e+00 1.000000000000000000e+00 1.000000000000000000e+00 5.875456378729464468e-01 2.576727327487031705e-01
1.954000000000000000e+03 9.722227152032570929e-01 7.606775721190527362e-01 1.031522056519145192e+00 5.875456378729464468e-01 2.576727327487031705e-01
1.955000000000000000e+03 1.000000000000000000e+00 1.000000000000000000e+00 1.000000000000000000e+00 4.668186636321458027e-01 5.918462959563738357e-01
1.955000000000000000e+03 9.629636202710094572e-01 6.809034294920702779e-01 1.042029408692193737e+00 4.668186636321458027e-01 5.918462959563738357e-01
1.956000000000000000e+03 1.000000000000000000e+00 1.000000000000000000e+00 1.000000000000000000e+00 3.753802429751151859e-01 5.584735779914413722e-01
1.956000000000000000e+03 9.907409050677523643e-01 9.202258573730175417e-01 1.010507352173048545e+00 3.753802429751151859e-01 5.584735779914413722e-01
1.957000000000000000e+03 1.000000000000000000e+00 1.000000000000000000e+00 1.000000000000000000e+00 7.694672385157838024e-01 3.735616730151011256e-01
1.957000000000000000e+03 9.814818101355047286e-01 8.404517147460350834e-01 1.021014704346096869e+00 7.694672385157838024e-01 3.735616730151011256e-01
1.958000000000000000e+03 1.000000000000000000e+00 1.000000000000000000e+00 1.000000000000000000e+00 4.075440475118298767e-01 3.029565022296657473e-01
1.958000000000000000e+03 9.722227152032570929e-01 7.606775721190527362e-01 1.031522056519145192e+00 4.075440475118298767e-01 3.029565022296657473e-01
1.959000000000000000e+03 1.000000000000000000e+00 1.000000000000000000e+00 1.000000000000000000e+00 5.244912034947126767e-01 5.521960162794352645e-01
1.959000000000000000e+03 9.629636202710094572e-01 6.809034294920702779e-01 1.042029408692193737e+00 5.244912034947126767e-01 5.521960162794352645e-01
