3.140000000000000000e+03 1.000000000000000000e+00 1.000000000000000000e+00 1.000000000000000000e+00 3.966959872699082901e-01 5.753942498918298565e-01
3.140000000000000000e+03 9.895912761385559087e-01 9.143731443227232081e-01 1.011448047362622615e+00 3.966959872699082901e-01 5.753942498918298565e-01
3.141000000000000000e+03 1.000000000000000000e+00 1.000000000000000000e+00 1.000000000000000000e+00 7.325444635982821806e-01 3.302823391256000107e-01
3.141000000000000000e+03 9.791825522771118173e-01 8.287462886454464162e-01 1.022896094725245231e+00 7.325444635982821806e-01 3.302823391256000107e-01
3.142000000000000000e+03 1.000000000000000000e+00 1.000000000000000000e+00 1.000000000000000000e+00 3.774440446168850771e-01 3.320757618358130547e-01
3.142000000000000000e+03 9.687738284156676150e-01 7.431194329681697353e-01 1.034344142087867846e+00 3.774440446168850771e-01 3.320757618358130547e-01
3.143000000000000000e+03 1.000000000000000000e+00 1.000000000000000000e+00 1.000000000000000000e+00 5.282325444005446791e-01 5.386837872959964191e-01
3.143000000000000000e+03 9.583651045542235236e-01 6.574925772908929433e-01 1.045792189450490461e+00 5.282325444005446791e-01 5.386837872959964191e-01
3.144000000000000000e+03 1.000000000000000000e+00 1.000000000000000000e+00 1.000000000000000000e+00 5.159904866111658661e-01 5.659806130679970737e-01
3.144000000000000000e+03 9.895912761385559087e-01 9.143731443227232081e-01 1.011448047362622615e+00 5.159904866111658661e-01 5.659806130679970737e-01
3.145000000000000000e+03 1.000000000000000000e+00 1.000000000000000000e+00 1.000000000000000000e+00 4.463242238840379184e-01 2.785207729351582007e-01
3.145000000000000000e+03 9.791825522771118173e-01 8.287462886454464162e-01 1.022896094725245231e+00 4.463242238840379184e-01 2.785207729351582007e-01
3.146000000000000000e+03 1.000000000000000000e+00 1.000000000000000000e+00 1.000000000000000000e+00 7.992285340632641066e-01 4.274815791316398661e-01
3.146000000000000000e+03 9.687738284156676150e-01 7.431194329681697353e-01 1.034344142087867846e+00 7.992285340632641066e-01 4.274815791316398661e-01
3.147000000000000000e+03 1.000000000000000000e+00 1.000000000000000000e+00 1.000000000000000000e+00 3.562700799335805635e-01 5.348331313635640294e-01
3.147000000000000000e+03 9.583651045542235236e-01 6.574925772908929433e-01 1.045792189450490461e+00 3.562700799335805635e-01 5.348331313635640294e-01
3.148000000000000000e+03 1.000000000000000000e+00 1.000000000000000000e+00 1.000000000000000000e+00 4.438249924243869993e-01 5.921127324899790878e-01
3.148000000000000000e+03 9.895912761385559087e-01 9.143731443227232081e-01 1.011448047362622615e+00 4.438249924243869993e-01 5.921127324899790878e-01
3.149000000000000000e+03 1.000000000000000000e+00 1.000000000000000000e+00 1.000000000000000000e+00 6.394816082380716527e-01 2.712856193279231110e-01
3.149000000000000000e+03 9.791825522771118173e-01 8.287462886454464162e-01 1.022896094725245231e+00 6.394816082380716527e-01 2.712856193279231110e-01
3.150000000000000000e+03 1.000000000000000000e+00 1.000000000000000000e+00 1.000000000000000000e+00 3.395864434189720393e-01 4.021716920931576178e-01
3.150000000000000000e+03 9.687738284156676150e-01 7.431194329681697353e-01 1.034344142087867846e+00 3.395864434189720393e-01 4.021716920931576178e-01
3.151000000000000000e+03 1.000000000000000000e+00 1.000000000000000000e+00 1.000000000000000000e+00 5.238119083989301039e-01 5.145217072443837303e-01
3.151000000000000000e+03 9.583651045542235236e-01 6.574925772908929433e-01 1.045792189450490461e+00 5.238119083989301039e-01 5.145217072443837303e-01
3.152000000000000000e+03 1.000000000000000000e+00 1.000000000000000000e+00 1.000000000000000000e+00 5.278791106051071713e-01 5.256603712903541448e-01
3.152000000000000000e+03 9.895912761385559087e-01 9.143731443227232081e-01 1.011448047362622615e+00 5.278791106051071713e-01 5.256603712903541448e-01
3.153000000000000000e+03 1.000000000000000000e+00 1.000000000000000000e+00 1.000000000000000000e+00 3.543963151283786583e-01 3.659840814876970105e-01
3.153000000000000000e+03 9.791825522771118173e-01 8.287462886454464162e-01 1.022896094725245231e+00 3.543963151283786583e-01 3.659840814876970105e-01
3.154000000000000000e+03 1.000000000000000000e+00 1.000000000000000000e+00 1.000000000000000000e+00 6.881936921232774118e-01 2.955340279951216287e-01
3.154000000000000000e+03 9.687738284156676150e-01 7.431194329681697353e-01 1.034344142087867846e+00 6.881936921232774118e-01 2.955340279951216287e-01
3.155000000000000000e+03 1.000000000000000000e+00 1.000000000000000000e+00 1.000000000000000000e+00 4.201618550986714329e-01 5.867413977383642010e-01
3.155000000000000000e+03 9.583651045542235236e-01 6.574925772908929433e-01 1.045792189450490461e+00 4.201618550986714329e-01 5.867413977383642010e-01
3.156000000000000000e+03 1.000000000000000000e+00 1.000000000000000000e+00 1.000000000000000000e+00 3.422447790435269588e-01 5.065375625323962350e-01
3.156000000000000000e+03 9.895912761385559087e-01 9.143731443227232081e-01 1.011448047362622615e+00 3.422447790435269588e-01 5.065375625323962350e-01
3.157000000000000000e+03 1.000000000000000000e+00 1.000000000000000000e+00 1.000000000000000000e+00 8.176180079524437705e-01 4.868375349112714079e-01
3.157000000000000000e+03 9.791825522771118173e-01 8.287462886454464162e-01 1.022896094725245231e+00 8.176180079524437705e-01 4.868375349112714079e-01
3.158000000000000000e+03 1.000000000000000000e+00 1.000000000000000000e+00 1.000000000000000000e+00 4.901499861894375587e-01 2.623133855455416219e-01
3.158000000000000000e+03 9.687738284156676150e-01 7.431194329681697353e-01 1.034344142087867846e+00 4.901499861894375587e-01 2.623133855455416219e-01
3.159000000000000000e+03 1.000000000000000000e+00 1.000000000000000000e+00 1.000000000000000000e+00 5.032251112542300842e-01 5.778238274584877043e-01
3.159000000000000000e+03 9.583651045542235236e-01 6.574925772908929433e-01 1.045792189450490461e+00 5.032251112542300842e-01 5.778238274584877043e-01
