3.660000000000000000e+03 1.000000000000000000e+00 1.000000000000000000e+00 1.000000000000000000e+00 4.430965146056677906e-01 5.920321118400672100e-01
3.660000000000000000e+03 1.001675303001276607e+00 1.000338541471212706e+00 8.961210028279136264e-01 4.430965146056677906e-01 5.920321118400672100e-01
3.661000000000000000e+03 1.000000000000000000e+00 1.000000000000000000e+00 1.000000000000000000e+00 6.410466897897055816e-01 2.718799711574361178e-01
3.661000000000000000e+03 1.003350606002553436e+00 1.000677082942425411e+00 7.922420056558273638e-01 6.410466897897055816e-01 2.718799711574361178e-01
3.662000000000000000e+03 1.000000000000000000e+00 1.000000000000000000e+00 1.000000000000000000e+00 3.399239296586844539e-01 4.010249124079809935e-01
3.662000000000000000e+03 1.005025909003830265e+00 1.001015624413637894e+00 6.883630084837411012e-01 3.399239296586844539e-01 4.010249124079809935e-01
3.663000000000000000e+03 1.000000000000000000e+00 1.000000000000000000e+00 1.000000000000000000e+00 5.239881533388189849e-01 5.148318831966454123e-01
3.663000000000000000e+03 1.006701212005106871e+00 1.001354165884850600e+00 5.844840113116547275e-01 5.239881533388189849e-01 5.148318831966454123e-01
3.664000000000000000e+03 1.000000000000000000e+00 1.000000000000000000e+00 1.000000000000000000e+00 5.279497646420689971e-01 5.260439900210888142e-01
3.664000000000000000e+03 1.001675303001276607e+00 1.000338541471212706e+00 8.961210028279136264e-01 5.279497646420689971e-01 5.260439900210888142e-01
3.665000000000000000e+03 1.000000000000000000e+00 1.000000000000000000e+00 1.000000000000000000e+00 3.549927343621080977e-01 3.648801581114472503e-01
3.665000000000000000e+03 1.003350606002553436e+00 1.000677082942425411e+00 7.922420056558273638e-01 3.549927343621080977e-01 3.648801581114472503e-01
3.666000000000000000e+03 1.000000000000000000e+00 1.000000000000000000e+00 1.000000000000000000e+00 6.896577678222846064e-01 2.964639838641967007e-01
3.666000000000000000e+03 1.005025909003830265e+00 1.001015624413637894e+00 6.883630084837411012e-01 6.896577678222846064e-01 2.964639838641967007e-01
3.667000000000000000e+03 1.000000000000000000e+00 1.000000000000000000e+00 1.000000000000000000e+00 4.194180840451792180e-01 5.864785151399805052e-01
3.667000000000000000e+03 1.006701212005106871e+00 1.001354165884850600e+00 5.844840113116547275e-01 4.194180840451792180e-01 5.864785151399805052e-01
3.668000000000000000e+03 1.000000000000000000e+00 1.000000000000000000e+00 1.000000000000000000e+00 3.418953294893979922e-01 5.055804948256940046e-01
3.668000000000000000e+03 1.001675303001276607e+00 1.000338541471212706e+00 8.961210028279136264e-01 3.418953294893979922e-01 5.055804948256940046e-01
3.669000000000000000e+03 1.000000000000000000e+00 1.000000000000000000e+00 1.000000000000000000e+00 8.180050977726824879e-01 4.887756269505916240e-01
3.669000000000000000e+03 1.003350606002553436e+00 1.000677082942425411e+00 7.922420056558273638e-01 8.180050977726824879e-01 4.887756269505916240e-01
3.670000000000000000e+03 1.000000000000000000e+00 1.000000000000000000e+00 1.000000000000000000e+00 4.915975660624488097e-01 2.619451158583577799e-01
3.670000000000000000e+03 1.005025909003830265e+00 1.001015624413637894e+00 6.883630084837411012e-01 4.915975660624488097e-01 2.619451158583577799e-01
3.671000000000000000e+03 1.000000000000000000e+00 1.000000000000000000e+00 1.000000000000000000e+00 5.027585557138368744e-01 5.781544568795617955e-01
3.671000000000000000e+03 1.006701212005106871e+00 1.001354165884850600e+00 5.844840113116547275e-01 5.027585557138368744e-01 5.781544568795617955e-01
3.672000000000000000e+03 1.000000000000000000e+00 1.000000000000000000e+00 1.000000000000000000e+00 5.241563004870843923e-01 5.529535353545286247e-01
3.672000000000000000e+03 1.001675303001276607e+00 1.000338541471212706e+00 8.961210028279136264e-01 5.241563004870843923e-01 5.529535353545286247e-01
3.673000000000000000e+03 1.000000000000000000e+00 1.000000000000000000e+00 1.000000000000000000e+00 4.094381915967425511e-01 3.014775513487270020e-01
3.673000000000000000e+03 1.003350606002553436e+00 1.000677082942425411e+00 7.922420056558273638e-01 4.094381915967425511e-01 3.014775513487270020e-01
3.674000000000000000e+03 1.000000000000000000e+00 1.000000000000000000e+00 1.000000000000000000e+00 7.713069052996450736e-01 3.762354376386559673e-01
3.674000000000000000e+03 1.005025909003830265e+00 1.001015624413637894e+00 6.883630084837411012e-01 7.713069052996450736e-01 3.762354376386559673e-01
3.675000000000000000e+03 1.000000000000000000e+00 1.000000000000000000e+00 1.000000000000000000e+00 3.742620079970992442e-01 5.573590544451709761e-01
3.675000000000000000e+03 1.006701212005106871e+00 1.001354165884850600e+00 5.844840113116547275e-01 3.742620079970992442e-01 5.573590544451709761e-01
3.676000000000000000e+03 1.000000000000000000e+00 1.000000000000000000e+00 1.000000000000000000e+00 4.656430347542031556e-01 5.919970254892229500e-01
3.676000000000000000e+03 1.001675303001276607e+00 1.000338541471212706e+00 8.961210028279136264e-01 4.656430347542031556e-01 5.919970254892229500e-01
3.677000000000000000e+03 1.000000000000000000e+00 1.000000000000000000e+00 1.000000000000000000e+00 5.903339460122184468e-01 2.581144238330296270e-01
3.677000000000000000e+03 1.003350606002553436e+00 1.000677082942425411e+00 7.922420056558273638e-01 5.903339460122184468e-01 2.581144238330296270e-01
3.678000000000000000e+03 1.000000000000000000e+00 1.000000000000000000e+00 1.000000000000000000e+00 3.330586991719033385e-01 4.376545443709924377e-01
3.678000000000000000e+03 1.005025909003830265e+00 1.001015624413637894e+00 6.883630084837411012e-01 3.330586991719033385e-01 4.376545443709924377e-01
3.679000000000000000e+03 1.000000000000000000e+00 1.000000000000000000e+00 1.000000000000000000e+00 5.170527501503492385e-01 5.063684748625860710e-01
3.679000000000000000e+03 1.006701212005106871e+00 1.001354165884850600e+00 5.844840113116547275e-01 5.170527501503492385e-01 5.063684748625860710e-01
