3.240000000000000000e+03 1.000000000000000000e+00 1.000000000000000000e+00 1.000000000000000000e+00 5.013353388117653964e-01 5.791293586202265198e-01
3.240000000000000000e+03 9.009032695573621075e-01 9.983600925088405020e-01 9.973979994523762826e-01 5.013353388117653964e-01 5.791293586202265198e-01
3.241000000000000000e+03 1.000000000000000000e+00 1.000000000000000000e+00 1.000000000000000000e+00 4.959649831166695333e-01 2.608934188188416492e-01
3.241000000000000000e+03 8.018065391147242149e-01 9.967201850176808930e-01 9.947959989047525653e-01 4.959649831166695333e-01 2.608934188188416492e-01
3.242000000000000000e+03 1.000000000000000000e+00 1.000000000000000000e+00 1.000000000000000000e+00 8.190951924616243218e-01 4.946151440808869704e-01
3.242000000000000000e+03 7.027098086720863224e-01 9.950802775265212841e-01 9.921939983571288479e-01 8.190951924616243218e-01 4.946151440808869704e-01
3.243000000000000000e+03 1.000000000000000000e+00 1.000000000000000000e+00 1.000000000000000000e+00 3.408820300993075647e-01 5.026851778475478483e-01
3.243000000000000000e+03 6.036130782294484298e-01 9.934403700353617861e-01 9.895919978095051306e-01 3.408820300993075647e-01 5.026851778475478483e-01
3.244000000000000000e+03 1.000000000000000000e+00 1.000000000000000000e+00 1.000000000000000000e+00 4.171883164984764858e-01 5.856546180951973657e-01
3.244000000000000000e+03 9.009032695573621075e-01 9.983600925088405020e-01 9.973979994523762826e-01 4.171883164984764858e-01 5.856546180951973657e-01
3.245000000000000000e+03 1.000000000000000000e+00 1.000000000000000000e+00 1.000000000000000000e+00 6.940237017383237283e-01 2.993154423251538354e-01
3.245000000000000000e+03 8.018065391147242149e-01 9.967201850176808930e-01 9.947959989047525653e-01 6.940237017383237283e-01 2.993154423251538354e-01
3.246000000000000000e+03 1.000000000000000000e+00 1.000000000000000000e+00 1.000000000000000000e+00 3.568304121149782349e-01 3.615823073800764065e-01
3.246000000000000000e+03 7.027098086720863224e-01 9.950802775265212841e-01 9.921939983571288479e-01 3.568304121149782349e-01 3.615823073800764065e-01
3.247000000000000000e+03 1.000000000000000000e+00 1.000000000000000000e+00 1.000000000000000000e+00 5.281396483053730773e-01 5.272056743831234904e-01
3.247000000000000000e+03 6.036130782294484298e-01 9.934403700353617861e-01 9.895919978095051306e-01 5.281396483053730773e-01 5.272056743831234904e-01
3.248000000000000000e+03 1.000000000000000000e+00 1.000000000000000000e+00 1.000000000000000000e+00 5.244992628799984846e-01 5.157785342705636378e-01
3.248000000000000000e+03 9.009032695573621075e-01 9.983600925088405020e-01 9.973979994523762826e-01 5.244992628799984846e-01 5.157785342705636378e-01
3.249000000000000000e+03 1.000000000000000000e+00 1.000000000000000000e+00 1.000000000000000000e+00 3.409846771247281860e-01 3.975875831929366333e-01
3.249000000000000000e+03 8.018065391147242149e-01 9.967201850176808930e-01 9.947959989047525653e-01 3.409846771247281860e-01 3.975875831929366333e-01
3.250000000000000000e+03 1.000000000000000000e+00 1.000000000000000000e+00 1.000000000000000000e+00 6.457293580753131756e-01 2.737266471270914936e-01
3.250000000000000000e+03 7.027098086720863224e-01 9.950802775265212841e-01 9.921939983571288479e-01 6.457293580753131756e-01 2.737266471270914936e-01
3.251000000000000000e+03 1.000000000000000000e+00 1.000000000000000000e+00 1.000000000000000000e+00 4.409045244611864423e-01 5.917572928776351215e-01
3.251000000000000000e+03 6.036130782294484298e-01 9.934403700353617861e-01 9.895919978095051306e-01 4.409045244611864423e-01 5.917572928776351215e-01
3.252000000000000000e+03 1.000000000000000000e+00 1.000000000000000000e+00 1.000000000000000000e+00 3.542368284861572847e-01 5.315598456209262856e-01
3.252000000000000000e+03 9.009032695573621075e-01 9.983600925088405020e-01 9.973979994523762826e-01 3.542368284861572847e-01 5.315598456209262856e-01
3.253000000000000000e+03 1.000000000000000000e+00 1.000000000000000000e+00 1.000000000000000000e+00 8.021397955370747068e-01 4.345823419999972348e-01
3.253000000000000000e+03 8.018065391147242149e-01 9.967201850176808930e-01 9.947959989047525653e-01 8.021397955370747068e-01 4.345823419999972348e-01
3.254000000000000000e+03 1.000000000000000000e+00 1.000000000000000000e+00 1.000000000000000000e+00 4.515112481895354746e-01 2.760485164745413167e-01
3.254000000000000000e+03 7.027098086720863224e-01 9.950802775265212841e-01 9.921939983571288479e-01 4.515112481895354746e-01 2.760485164745413167e-01
3.255000000000000000e+03 1.000000000000000000e+00 1.000000000000000000e+00 1.000000000000000000e+00 5.146309394313880459e-01 5.675748595022267473e-01
3.255000000000000000e+03 6.036130782294484298e-01 9.934403700353617861e-01 9.895919978095051306e-01 5.146309394313880459e-01 5.675748595022267473e-01
3.256000000000000000e+03 1.000000000000000000e+00 1.000000000000000000e+00 1.000000000000000000e+00 5.279865942710335602e-01 5.403924691805189751e-01
3.256000000000000000e+03 9.009032695573621075e-01 9.983600925088405020e-01 9.973979994523762826e-01 5.279865942710335602e-01 5.403924691805189751e-01
3.257000000000000000e+03 1.000000000000000000e+00 1.000000000000000000e+00 1.000000000000000000e+00 3.808901226334548973e-01 3.280911923748023873e-01
3.257000000000000000e+03 8.018065391147242149e-01 9.967201850176808930e-01 9.947959989047525653e-01 3.808901226334548973e-01 3.280911923748023873e-01
3.258000000000000000e+03 1.000000000000000000e+00 1.000000000000000000e+00 1.000000000000000000e+00 7.376669768475369038e-01 3.353284810856991260e-01
3.258000000000000000e+03 7.027098086720863224e-01 9.950802775265212841e-01 9.921939983571288479e-01 7.376669768475369038e-01 3.353284810856991260e-01
3.259000000000000000e+03 1.000000000000000000e+00 1.000000000000000000e+00 1.000000000000000000e+00 3.938493615971417339e-01 5.735482358187893315e-01
3.259000000000000000e+03 6.036130782294484298e-01 9.934403700353617861e-01 9.895919978095051306e-01 3.938493615971417339e-01 5.735482358187893315e-01
