8.000000000000000000e+02 1.000000000000000000e+00 1.000000000000000000e+00 1.000000000000000000e+00 5.156943863512313264e-01 5.052917523853902582e-01
8.000000000000000000e+02 9.927195266987627331e-01 9.209214827271552384e-01 9.826185447833467590e-01 5.156943863512313264e-01 5.052917523853902582e-01
8.010000000000000000e+02 1.000000000000000000e+00 1.000000000000000000e+00 1.000000000000000000e+00 3.326919190859300990e-01 4.435879226840472311e-01
8.010000000000000000e+02 9.854390533975254662e-01 8.418429654543104768e-01 9.652370895666935180e-01 3.326919190859300990e-01 4.435879226840472311e-01
8.020000000000000000e+02 1.000000000000000000e+00 1.000000000000000000e+00 1.000000000000000000e+00 5.819722397812339132e-01 2.568850718045107007e-01
8.020000000000000000e+02 9.781585800962880883e-01 7.627644481814657151e-01 9.478556343500401660e-01 5.819722397812339132e-01 2.568850718045107007e-01
8.030000000000000000e+02 1.000000000000000000e+00 1.000000000000000000e+00 1.000000000000000000e+00 4.691480851493284865e-01 5.915012336326506137e-01
8.030000000000000000e+02 9.708781067950508215e-01 6.836859309086209535e-01 9.304741791333869250e-01 4.691480851493284865e-01 5.915012336326506137e-01
8.040000000000000000e+02 1.000000000000000000e+00 1.000000000000000000e+00 1.000000000000000000e+00 3.776446090176709403e-01 5.606504303678992995e-01
8.040000000000000000e+02 9.927195266987627331e-01 9.209214827271552384e-01 9.826185447833467590e-01 3.776446090176709403e-01 5.606504303678992995e-01
8.050000000000000000e+02 1.000000000000000000e+00 1.000000000000000000e+00 1.000000000000000000e+00 7.657099909433185969e-01 3.682900265008318685e-01
8.050000000000000000e+02 9.854390533975254662e-01 8.418429654543104768e-01 9.652370895666935180e-01 7.657099909433185969e-01 3.682900265008318685e-01
8.060000000000000000e+02 1.000000000000000000e+00 1.000000000000000000e+00 1.000000000000000000e+00 4.038197980664662845e-01 3.059673090371762272e-01
8.060000000000000000e+02 9.781585800962880883e-01 7.627644481814657151e-01 9.478556343500401660e-01 4.038197980664662845e-01 3.059673090371762272e-01
8.070000000000000000e+02 1.000000000000000000e+00 1.000000000000000000e+00 1.000000000000000000e+00 5.251206588022648836e-01 5.506780910018341801e-01
8.070000000000000000e+02 9.708781067950508215e-01 6.836859309086209535e-01 9.304741791333869250e-01 5.251206588022648836e-01 5.506780910018341801e-01
8.080000000000000000e+02 1.000000000000000000e+00 1.000000000000000000e+00 1.000000000000000000e+00 5.051636750915929897e-01 5.763881722899459881e-01
8.080000000000000000e+02 9.927195266987627331e-01 9.209214827271552384e-01 9.826185447833467590e-01 5.051636750915929897e-01 5.763881722899459881e-01
8.090000000000000000e+02 1.000000000000000000e+00 1.000000000000000000e+00 1.000000000000000000e+00 4.840452977782206956e-01 2.639761370469834167e-01
8.090000000000000000e+02 9.854390533975254662e-01 8.418429654543104768e-01 9.652370895666935180e-01 4.840452977782206956e-01 2.639761370469834167e-01
8.100000000000000000e+02 1.000000000000000000e+00 1.000000000000000000e+00 1.000000000000000000e+00 8.158417082845519364e-01 4.786497842131275382e-01
8.100000000000000000e+02 9.781585800962880883e-01 7.627644481814657151e-01 9.478556343500401660e-01 8.158417082845519364e-01 4.786497842131275382e-01
8.110000000000000000e+02 1.000000000000000000e+00 1.000000000000000000e+00 1.000000000000000000e+00 3.437939823785187698e-01 5.105591886566861470e-01
8.110000000000000000e+02 9.708781067950508215e-01 6.836859309086209535e-01 9.304741791333869250e-01 3.437939823785187698e-01 5.105591886566861470e-01
8.120000000000000000e+02 1.000000000000000000e+00 1.000000000000000000e+00 1.000000000000000000e+00 4.233244073125592699e-01 5.877933362635210379e-01
8.120000000000000000e+02 9.927195266987627331e-01 9.209214827271552384e-01 9.826185447833467590e-01 4.233244073125592699e-01 5.877933362635210379e-01
8.130000000000000000e+02 1.000000000000000000e+00 1.000000000000000000e+00 1.000000000000000000e+00 6.819246636149732810e-01 2.916967758895008811e-01
8.130000000000000000e+02 9.854390533975254662e-01 8.418429654543104768e-01 9.652370895666935180e-01 6.819246636149732810e-01 2.916967758895008811e-01
8.140000000000000000e+02 1.000000000000000000e+00 1.000000000000000000e+00 1.000000000000000000e+00 3.519517198129898938e-01 3.706998718487929945e-01
8.140000000000000000e+02 9.781585800962880883e-01 7.627644481814657151e-01 9.478556343500401660e-01 3.519517198129898938e-01 3.706998718487929945e-01
8.150000000000000000e+02 1.000000000000000000e+00 1.000000000000000000e+00 1.000000000000000000e+00 5.275383923400320807e-01 5.240510572236743991e-01
8.150000000000000000e+02 9.708781067950508215e-01 6.836859309086209535e-01 9.304741791333869250e-01 5.275383923400320807e-01 5.240510572236743991e-01
8.160000000000000000e+02 1.000000000000000000e+00 1.000000000000000000e+00 1.000000000000000000e+00 5.230309158965106286e-01 5.132341724039645170e-01
8.160000000000000000e+02 9.927195266987627331e-01 9.209214827271552384e-01 9.826185447833467590e-01 5.230309158965106286e-01 5.132341724039645170e-01
8.170000000000000000e+02 1.000000000000000000e+00 1.000000000000000000e+00 1.000000000000000000e+00 3.382416848209785498e-01 4.070494008803904329e-01
8.170000000000000000e+02 9.854390533975254662e-01 8.418429654543104768e-01 9.652370895666935180e-01 3.382416848209785498e-01 4.070494008803904329e-01
8.180000000000000000e+02 1.000000000000000000e+00 1.000000000000000000e+00 1.000000000000000000e+00 6.328088124774320367e-01 2.688779851797231668e-01
8.180000000000000000e+02 9.781585800962880883e-01 7.627644481814657151e-01 9.478556343500401660e-01 6.328088124774320367e-01 2.688779851797231668e-01
8.190000000000000000e+02 1.000000000000000000e+00 1.000000000000000000e+00 1.000000000000000000e+00 4.469076142382129579e-01 5.923946155377659561e-01
8.190000000000000000e+02 9.708781067950508215e-01 6.836859309086209535e-01 9.304741791333869250e-01 4.469076142382129579e-01 5.923946155377659561e-01
