4.100000000000000000e+03 1.000000000000000000e+00 1.000000000000000000e+00 1.000000000000000000e+00 4.148691126517097261e-01 5.847400185992596144e-01
4.100000000000000000e+03 9.993954497923370761e-01 8.934599471575364049e-01 9.943008652563045668e-01 4.148691126517097261e-01 5.847400185992596144e-01
4.101000000000000000e+03 1.000000000000000000e+00 1.000000000000000000e+00 1.000000000000000000e+00 6.985279977803543483e-01 3.023835208535639585e-01
4.101000000000000000e+03 9.987908995846741522e-01 7.869198943150726988e-01 9.886017305126091337e-01 6.985279977803543483e-01 3.023835208535639585e-01
4.102000000000000000e+03 1.000000000000000000e+00 1.000000000000000000e+00 1.000000000000000000e+00 3.588217511271521998e-01 3.581705574356776611e-01
4.102000000000000000e+03 9.981863493770111173e-01 6.803798414726089927e-01 9.829025957689137005e-01 3.588217511271521998e-01 3.581705574356776611e-01
4.103000000000000000e+03 1.000000000000000000e+00 1.000000000000000000e+00 1.000000000000000000e+00 5.283017883256714287e-01 5.284323321322582645e-01
4.103000000000000000e+03 9.975817991693481934e-01 5.738397886301453976e-01 9.772034610252182674e-01 5.283017883256714287e-01 5.284323321322582645e-01
4.104000000000000000e+03 1.000000000000000000e+00 1.000000000000000000e+00 1.000000000000000000e+00 5.228779925372164517e-01 5.555938278082848125e-01
4.104000000000000000e+03 9.993954497923370761e-01 8.934599471575364049e-01 9.943008652563045668e-01 5.228779925372164517e-01 5.555938278082848125e-01
4.105000000000000000e+03 1.000000000000000000e+00 1.000000000000000000e+00 1.000000000000000000e+00 4.162329513013550142e-01 2.964449514621929627e-01
4.105000000000000000e+03 9.987908995846741522e-01 7.869198943150726988e-01 9.886017305126091337e-01 4.162329513013550142e-01 2.964449514621929627e-01
4.106000000000000000e+03 1.000000000000000000e+00 1.000000000000000000e+00 1.000000000000000000e+00 7.775356589025681497e-01 3.857884232206407193e-01
4.106000000000000000e+03 9.981863493770111173e-01 6.803798414726089927e-01 9.829025957689137005e-01 7.775356589025681497e-01 3.857884232206407193e-01
4.107000000000000000e+03 1.000000000000000000e+00 1.000000000000000000e+00 1.000000000000000000e+00 3.704255618269540751e-01 5.533225206179307465e-01
4.107000000000000000e+03 9.975817991693481934e-01 5.738397886301453976e-01 9.772034610252182674e-01 3.704255618269540751e-01 5.533225206179307465e-01
4.108000000000000000e+03 1.000000000000000000e+00 1.000000000000000000e+00 1.000000000000000000e+00 4.614740815229729787e-01 5.924078180589262832e-01
4.108000000000000000e+03 9.993954497923370761e-01 8.934599471575364049e-01 9.943008652563045668e-01 4.614740815229729787e-01 5.924078180589262832e-01
4.109000000000000000e+03 1.000000000000000000e+00 1.000000000000000000e+00 1.000000000000000000e+00 6.000952364957170548e-01 2.599127348987942954e-01
4.109000000000000000e+03 9.987908995846741522e-01 7.869198943150726988e-01 9.886017305126091337e-01 6.000952364957170548e-01 2.599127348987942954e-01
4.110000000000000000e+03 1.000000000000000000e+00 1.000000000000000000e+00 1.000000000000000000e+00 3.337524584199339506e-01 4.306894225136280174e-01
4.110000000000000000e+03 9.981863493770111173e-01 6.803798414726089927e-01 9.829025957689137005e-01 3.337524584199339506e-01 4.306894225136280174e-01
4.111000000000000000e+03 1.000000000000000000e+00 1.000000000000000000e+00 1.000000000000000000e+00 5.185680945377866280e-01 5.077412594676820046e-01
4.111000000000000000e+03 9.975817991693481934e-01 5.738397886301453976e-01 9.772034610252182674e-01 5.185680945377866280e-01 5.077412594676820046e-01
4.112000000000000000e+03 1.000000000000000000e+00 1.000000000000000000e+00 1.000000000000000000e+00 5.250029596178472646e-01 5.167897883625272026e-01
4.112000000000000000e+03 9.993954497923370761e-01 8.934599471575364049e-01 9.943008652563045668e-01 5.250029596178472646e-01 5.167897883625272026e-01
4.113000000000000000e+03 1.000000000000000000e+00 1.000000000000000000e+00 1.000000000000000000e+00 3.421667905835763523e-01 3.940130999216341356e-01
4.113000000000000000e+03 9.987908995846741522e-01 7.869198943150726988e-01 9.886017305126091337e-01 3.421667905835763523e-01 3.940130999216341356e-01
4.114000000000000000e+03 1.000000000000000000e+00 1.000000000000000000e+00 1.000000000000000000e+00 6.505854559362851397e-01 2.757516656842880498e-01
4.114000000000000000e+03 9.981863493770111173e-01 6.803798414726089927e-01 9.829025957689137005e-01 6.505854559362851397e-01 2.757516656842880498e-01
4.115000000000000000e+03 1.000000000000000000e+00 1.000000000000000000e+00 1.000000000000000000e+00 4.386116557795534110e-01 5.914180845171355116e-01
4.115000000000000000e+03 9.975817991693481934e-01 5.738397886301453976e-01 9.772034610252182674e-01 4.386116557795534110e-01 5.914180845171355116e-01
4.116000000000000000e+03 1.000000000000000000e+00 1.000000000000000000e+00 1.000000000000000000e+00 3.527002747968068785e-01 5.289475549567478341e-01
4.116000000000000000e+03 9.993954497923370761e-01 8.934599471575364049e-01 9.943008652563045668e-01 3.527002747968068785e-01 5.289475549567478341e-01
4.117000000000000000e+03 1.000000000000000000e+00 1.000000000000000000e+00 1.000000000000000000e+00 8.042967781389931403e-01 4.401991572204991265e-01
4.117000000000000000e+03 9.987908995846741522e-01 7.869198943150726988e-01 9.886017305126091337e-01 8.042967781389931403e-01 4.401991572204991265e-01
4.118000000000000000e+03 1.000000000000000000e+00 1.000000000000000000e+00 1.000000000000000000e+00 4.556258011318756185e-01 2.742017483289068691e-01
4.118000000000000000e+03 9.981863493770111173e-01 6.803798414726089927e-01 9.829025957689137005e-01 4.556258011318756185e-01 2.742017483289068691e-01
4.119000000000000000e+03 1.000000000000000000e+00 1.000000000000000000e+00 1.000000000000000000e+00 5.135209110453714532e-01 5.688011987352932231e-01
4.119000000000000000e+03 9.975817991693481934e-01 5.738397886301453976e-01 9.772034610252182674e-01 5.135209110453714532e-01 5.688011987352932231e-01
