2.560000000000000000e+03 1.000000000000000000e+00 1.000000000000000000e+00 1.000000000000000000e+00 5.011715647909303906e-01 5.000269621267212639e-01
2.560000000000000000e+03 1.014221087949637834e+00 1.021210583389684068e+00 8.913838778437523924e-01 5.011715647909303906e-01 5.000269621267212639e-01
2.561000000000000000e+03 1.000000000000000000e+00 1.000000000000000000e+00 1.000000000000000000e+00 3.388707890873797757e-01 4.962918088382644033e-01
2.561000000000000000e+03 1.028442175899275890e+00 1.042421166779368136e+00 7.827677556875046738e-01 3.388707890873797757e-01 4.962918088382644033e-01
2.562000000000000000e+03 1.000000000000000000e+00 1.000000000000000000e+00 1.000000000000000000e+00 5.055488056792426521e-01 2.588919660265348588e-01
2.562000000000000000e+03 1.042663263848913946e+00 1.063631750169052426e+00 6.741516335312569552e-01 5.055488056792426521e-01 2.588919660265348588e-01
2.563000000000000000e+03 1.000000000000000000e+00 1.000000000000000000e+00 1.000000000000000000e+00 4.981324233557715697e-01 5.811503878517753074e-01
2.563000000000000000e+03 1.056884351798551780e+00 1.084842333558736494e+00 5.655355113750093476e-01 4.981324233557715697e-01 5.811503878517753074e-01
2.564000000000000000e+03 1.000000000000000000e+00 1.000000000000000000e+00 1.000000000000000000e+00 4.123698947723106190e-01 5.836874420017705845e-01
2.564000000000000000e+03 1.014221087949637834e+00 1.021210583389684068e+00 8.913838778437523924e-01 4.123698947723106190e-01 5.836874420017705845e-01
2.565000000000000000e+03 1.000000000000000000e+00 1.000000000000000000e+00 1.000000000000000000e+00 7.033402635167337325e-01 3.058084437367037944e-01
2.565000000000000000e+03 1.028442175899275890e+00 1.042421166779368136e+00 7.827677556875046738e-01 7.033402635167337325e-01 3.058084437367037944e-01
2.566000000000000000e+03 1.000000000000000000e+00 1.000000000000000000e+00 1.000000000000000000e+00 3.610605008674666605e-01 3.545148156277884155e-01
2.566000000000000000e+03 1.042663263848913946e+00 1.063631750169052426e+00 6.741516335312569552e-01 3.610605008674666605e-01 3.545148156277884155e-01
2.567000000000000000e+03 1.000000000000000000e+00 1.000000000000000000e+00 1.000000000000000000e+00 5.284353848710078294e-01 5.297750260831671776e-01
2.567000000000000000e+03 1.056884351798551780e+00 1.084842333558736494e+00 5.655355113750093476e-01 5.284353848710078294e-01 5.297750260831671776e-01
2.568000000000000000e+03 1.000000000000000000e+00 1.000000000000000000e+00 1.000000000000000000e+00 5.221029770125077407e-01 5.570390804466567314e-01
2.568000000000000000e+03 1.014221087949637834e+00 1.021210583389684068e+00 8.913838778437523924e-01 5.221029770125077407e-01 5.570390804466567314e-01
2.569000000000000000e+03 1.000000000000000000e+00 1.000000000000000000e+00 1.000000000000000000e+00 4.200848940965395406e-01 2.937705788703892651e-01
2.569000000000000000e+03 1.028442175899275890e+00 1.042421166779368136e+00 7.827677556875046738e-01 4.200848940965395406e-01 2.937705788703892651e-01
2.570000000000000000e+03 1.000000000000000000e+00 1.000000000000000000e+00 1.000000000000000000e+00 7.808245914710877367e-01 3.911788296510631535e-01
2.570000000000000000e+03 1.042663263848913946e+00 1.063631750169052426e+00 6.741516335312569552e-01 7.808245914710877367e-01 3.911788296510631535e-01
2.571000000000000000e+03 1.000000000000000000e+00 1.000000000000000000e+00 1.000000000000000000e+00 3.683657492118662669e-01 5.510090414579841278e-01
2.571000000000000000e+03 1.056884351798551780e+00 1.084842333558736494e+00 5.655355113750093476e-01 3.683657492118662669e-01 5.510090414579841278e-01
2.572000000000000000e+03 1.000000000000000000e+00 1.000000000000000000e+00 1.000000000000000000e+00 4.591429060507725146e-01 5.925550979959484099e-01
2.572000000000000000e+03 1.014221087949637834e+00 1.021210583389684068e+00 8.913838778437523924e-01 4.591429060507725146e-01 5.925550979959484099e-01
2.573000000000000000e+03 1.000000000000000000e+00 1.000000000000000000e+00 1.000000000000000000e+00 6.054712471600521839e-01 2.610720520459801630e-01
2.573000000000000000e+03 1.028442175899275890e+00 1.042421166779368136e+00 7.827677556875046738e-01 6.054712471600521839e-01 2.610720520459801630e-01
2.574000000000000000e+03 1.000000000000000000e+00 1.000000000000000000e+00 1.000000000000000000e+00 3.342584770250158765e-01 4.268358294453601376e-01
2.574000000000000000e+03 1.042663263848913946e+00 1.063631750169052426e+00 6.741516335312569552e-01 3.342584770250158765e-01 4.268358294453601376e-01
2.575000000000000000e+03 1.000000000000000000e+00 1.000000000000000000e+00 1.000000000000000000e+00 5.193686730169128074e-01 5.085500173438152194e-01
2.575000000000000000e+03 1.056884351798551780e+00 1.084842333558736494e+00 5.655355113750093476e-01 5.193686730169128074e-01 5.085500173438152194e-01
2.576000000000000000e+03 1.000000000000000000e+00 1.000000000000000000e+00 1.000000000000000000e+00 5.255131550548858277e-01 5.179099053643779760e-01
2.576000000000000000e+03 1.014221087949637834e+00 1.021210583389684068e+00 8.913838778437523924e-01 5.255131550548858277e-01 5.179099053643779760e-01
2.577000000000000000e+03 1.000000000000000000e+00 1.000000000000000000e+00 1.000000000000000000e+00 3.435321042122663204e-01 3.901615578279875041e-01
2.577000000000000000e+03 1.028442175899275890e+00 1.042421166779368136e+00 7.827677556875046738e-01 3.435321042122663204e-01 3.901615578279875041e-01
2.578000000000000000e+03 1.000000000000000000e+00 1.000000000000000000e+00 1.000000000000000000e+00 6.558027105758298392e-01 2.780547338458424500e-01
2.578000000000000000e+03 1.042663263848913946e+00 1.063631750169052426e+00 6.741516335312569552e-01 6.558027105758298392e-01 2.780547338458424500e-01
2.579000000000000000e+03 1.000000000000000000e+00 1.000000000000000000e+00 1.000000000000000000e+00 4.361258262318047363e-01 5.909905254213098091e-01
2.579000000000000000e+03 1.056884351798551780e+00 1.084842333558736494e+00 5.655355113750093476e-01 4.361258262318047363e-01 5.909905254213098091e-01
