1.180000000000000000e+03 1.000000000000000000e+00 1.000000000000000000e+00 1.000000000000000000e+00 4.740359676492956753e-01 5.905706457725353742e-01
1.180000000000000000e+03 9.965728297888900578e-01 9.251452107549619219e-01 9.980009979159025768e-01 4.740359676492956753e-01 5.905706457725353742e-01
1.181000000000000000e+03 1.000000000000000000e+00 1.000000000000000000e+00 1.000000000000000000e+00 5.700555234404576233e-01 2.556244764976532968e-01
1.181000000000000000e+03 9.931456595777801155e-01 8.502904215099238439e-01 9.960019958318051536e-01 5.700555234404576233e-01 2.556244764976532968e-01
1.182000000000000000e+03 1.000000000000000000e+00 1.000000000000000000e+00 1.000000000000000000e+00 3.325269153625589613e-01 4.519902221044190260e-01
1.182000000000000000e+03 9.897184893666702843e-01 7.754356322648857658e-01 9.940029937477077304e-01 3.325269153625589613e-01 4.519902221044190260e-01
1.183000000000000000e+03 1.000000000000000000e+00 1.000000000000000000e+00 1.000000000000000000e+00 5.136682069076297097e-01 5.039182868058277309e-01
1.183000000000000000e+03 9.862913191555603420e-01 7.005808430198476877e-01 9.920039916636103072e-01 5.136682069076297097e-01 5.039182868058277309e-01
1.184000000000000000e+03 1.000000000000000000e+00 1.000000000000000000e+00 1.000000000000000000e+00 5.178665359669861745e-01 5.070814718881663241e-01
1.184000000000000000e+03 9.965728297888900578e-01 9.251452107549619219e-01 9.980009979159025768e-01 5.178665359669861745e-01 5.070814718881663241e-01
1.185000000000000000e+03 1.000000000000000000e+00 1.000000000000000000e+00 1.000000000000000000e+00 3.333909206981048312e-01 4.339638353192940556e-01
1.185000000000000000e+03 9.931456595777801155e-01 8.502904215099238439e-01 9.960019958318051536e-01 3.333909206981048312e-01 4.339638353192940556e-01
1.186000000000000000e+03 1.000000000000000000e+00 1.000000000000000000e+00 1.000000000000000000e+00 5.955135110769755880e-01 2.590196490306503341e-01
1.186000000000000000e+03 9.897184893666702843e-01 7.754356322648857658e-01 9.940029937477077304e-01 5.955135110769755880e-01 2.590196490306503341e-01
1.187000000000000000e+03 1.000000000000000000e+00 1.000000000000000000e+00 1.000000000000000000e+00 4.634411817155638658e-01 5.922378076344406717e-01
1.187000000000000000e+03 9.862913191555603420e-01 7.005808430198476877e-01 9.920039916636103072e-01 4.634411817155638658e-01 5.922378076344406717e-01
1.188000000000000000e+03 1.000000000000000000e+00 1.000000000000000000e+00 1.000000000000000000e+00 3.722110013939595730e-01 5.552433904356701699e-01
1.188000000000000000e+03 9.965728297888900578e-01 9.251452107549619219e-01 9.980009979159025768e-01 3.722110013939595730e-01 5.552433904356701699e-01
1.189000000000000000e+03 1.000000000000000000e+00 1.000000000000000000e+00 1.000000000000000000e+00 7.746531227054629376e-01 3.812670115776560786e-01
1.189000000000000000e+03 9.931456595777801155e-01 8.502904215099238439e-01 9.960019958318051536e-01 7.746531227054629376e-01 3.812670115776560786e-01
1.190000000000000000e+03 1.000000000000000000e+00 1.000000000000000000e+00 1.000000000000000000e+00 4.130118105709928988e-01 2.987789393442483732e-01
1.190000000000000000e+03 9.897184893666702843e-01 7.754356322648857658e-01 9.940029937477077304e-01 4.130118105709928988e-01 2.987789393442483732e-01
1.191000000000000000e+03 1.000000000000000000e+00 1.000000000000000000e+00 1.000000000000000000e+00 5.234985914423333497e-01 5.543569365563292273e-01
1.191000000000000000e+03 9.862913191555603420e-01 7.005808430198476877e-01 9.920039916636103072e-01 5.234985914423333497e-01 5.543569365563292273e-01
1.192000000000000000e+03 1.000000000000000000e+00 1.000000000000000000e+00 1.000000000000000000e+00 5.012151527478888591e-01 5.792094297123884239e-01
1.192000000000000000e+03 9.965728297888900578e-01 9.251452107549619219e-01 9.980009979159025768e-01 5.012151527478888591e-01 5.792094297123884239e-01
1.193000000000000000e+03 1.000000000000000000e+00 1.000000000000000000e+00 1.000000000000000000e+00 4.963305742465130010e-01 2.608093946949375797e-01
1.193000000000000000e+03 9.931456595777801155e-01 8.502904215099238439e-01 9.960019958318051536e-01 4.963305742465130010e-01 2.608093946949375797e-01
1.194000000000000000e+03 1.000000000000000000e+00 1.000000000000000000e+00 1.000000000000000000e+00 8.191811931013994741e-01 4.951034377437139034e-01
1.194000000000000000e+03 9.897184893666702843e-01 7.754356322648857658e-01 9.940029937477077304e-01 8.191811931013994741e-01 4.951034377437139034e-01
1.195000000000000000e+03 1.000000000000000000e+00 1.000000000000000000e+00 1.000000000000000000e+00 3.407999824912746334e-01 5.024422892506879013e-01
1.195000000000000000e+03 9.862913191555603420e-01 7.005808430198476877e-01 9.920039916636103072e-01 3.407999824912746334e-01 5.024422892506879013e-01
1.196000000000000000e+03 1.000000000000000000e+00 1.000000000000000000e+00 1.000000000000000000e+00 4.170026326050021437e-01 5.855835694339880382e-01
1.196000000000000000e+03 9.965728297888900578e-01 9.251452107549619219e-01 9.980009979159025768e-01 4.170026326050021437e-01 5.855835694339880382e-01
1.197000000000000000e+03 1.000000000000000000e+00 1.000000000000000000e+00 1.000000000000000000e+00 6.943857084336318986e-01 2.995572233570948928e-01
1.197000000000000000e+03 9.931456595777801155e-01 8.502904215099238439e-01 9.960019958318051536e-01 6.943857084336318986e-01 2.995572233570948928e-01
1.198000000000000000e+03 1.000000000000000000e+00 1.000000000000000000e+00 1.000000000000000000e+00 3.569868269615534828e-01 3.613084620856851226e-01
1.198000000000000000e+03 9.897184893666702843e-01 7.754356322648857658e-01 9.940029937477077304e-01 3.569868269615534828e-01 3.613084620856851226e-01
1.199000000000000000e+03 1.000000000000000000e+00 1.000000000000000000e+00 1.000000000000000000e+00 5.281539658295294482e-01 5.273031968756808352e-01
1.199000000000000000e+03 9.862913191555603420e-01 7.005808430198476877e-01 9.920039916636103072e-01 5.281539658295294482e-01 5.273031968756808352e-01
