1.320000000000000000e+03 1.000000000000000000e+00 1.000000000000000000e+00 1.000000000000000000e+00 5.040320615338657051e-01 5.772385793748798788e-01
1.320000000000000000e+03 9.031385493337613646e-01 9.933529421833664497e-01 1.006173863602421559e+00 5.040320615338657051e-01 5.772385793748798788e-01
1.321000000000000000e+03 1.000000000000000000e+00 1.000000000000000000e+00 1.000000000000000000e+00 4.876268657172889154e-01 2.629789857162777023e-01
1.321000000000000000e+03 8.062770986675226181e-01 9.867058843667327883e-01 1.012347727204843117e+00 4.876268657172889154e-01 2.629789857162777023e-01
1.322000000000000000e+03 1.000000000000000000e+00 1.000000000000000000e+00 1.000000000000000000e+00 8.169122317381434240e-01 4.834563293428661979e-01
1.322000000000000000e+03 7.094156480012838717e-01 9.800588265500991270e-01 1.018521590807264676e+00 8.169122317381434240e-01 4.834563293428661979e-01
1.323000000000000000e+03 1.000000000000000000e+00 1.000000000000000000e+00 1.000000000000000000e+00 3.428702031706989395e-01 5.082025979082883671e-01
1.323000000000000000e+03 6.125541973350452363e-01 9.734117687334655766e-01 1.024695454409686235e+00 3.428702031706989395e-01 5.082025979082883671e-01
1.324000000000000000e+03 1.000000000000000000e+00 1.000000000000000000e+00 1.000000000000000000e+00 4.214638712736994419e-01 5.871873393833556554e-01
1.324000000000000000e+03 9.031385493337613646e-01 9.933529421833664497e-01 1.006173863602421559e+00 4.214638712736994419e-01 5.871873393833556554e-01
1.325000000000000000e+03 1.000000000000000000e+00 1.000000000000000000e+00 1.000000000000000000e+00 6.856213428617622396e-01 2.939313882750247409e-01
1.325000000000000000e+03 8.062770986675226181e-01 9.867058843667327883e-01 1.012347727204843117e+00 6.856213428617622396e-01 2.939313882750247409e-01
1.326000000000000000e+03 1.000000000000000000e+00 1.000000000000000000e+00 1.000000000000000000e+00 3.533720244458344872e-01 3.679212642059686011e-01
1.326000000000000000e+03 7.094156480012838717e-01 9.800588265500991270e-01 1.018521590807264676e+00 3.533720244458344872e-01 3.679212642059686011e-01
1.327000000000000000e+03 1.000000000000000000e+00 1.000000000000000000e+00 1.000000000000000000e+00 5.277467032125459090e-01 5.249935216585697173e-01
1.327000000000000000e+03 6.125541973350452363e-01 9.734117687334655766e-01 1.024695454409686235e+00 5.277467032125459090e-01 5.249935216585697173e-01
1.328000000000000000e+03 1.000000000000000000e+00 1.000000000000000000e+00 1.000000000000000000e+00 5.234965340956994062e-01 5.139854763791632530e-01
1.328000000000000000e+03 9.031385493337613646e-01 9.933529421833664497e-01 1.006173863602421559e+00 5.234965340956994062e-01 5.139854763791632530e-01
1.329000000000000000e+03 1.000000000000000000e+00 1.000000000000000000e+00 1.000000000000000000e+00 3.390151749671792003e-01 4.041795075507614854e-01
1.329000000000000000e+03 8.062770986675226181e-01 9.867058843667327883e-01 1.012347727204843117e+00 3.390151749671792003e-01 4.041795075507614854e-01
1.330000000000000000e+03 1.000000000000000000e+00 1.000000000000000000e+00 1.000000000000000000e+00 6.367380004842759789e-01 2.702710294986184758e-01
1.330000000000000000e+03 7.094156480012838717e-01 9.800588265500991270e-01 1.018521590807264676e+00 6.367380004842759789e-01 2.702710294986184758e-01
1.331000000000000000e+03 1.000000000000000000e+00 1.000000000000000000e+00 1.000000000000000000e+00 4.450970155857991162e-01 5.922406795642600752e-01
1.331000000000000000e+03 6.125541973350452363e-01 9.734117687334655766e-01 1.024695454409686235e+00 4.450970155857991162e-01 5.922406795642600752e-01
1.332000000000000000e+03 1.000000000000000000e+00 1.000000000000000000e+00 1.000000000000000000e+00 3.571824679779335709e-01 5.362399394479147041e-01
1.332000000000000000e+03 9.031385493337613646e-01 9.933529421833664497e-01 1.006173863602421559e+00 3.571824679779335709e-01 5.362399394479147041e-01
1.333000000000000000e+03 1.000000000000000000e+00 1.000000000000000000e+00 1.000000000000000000e+00 7.979025296791142363e-01 4.244072524983579231e-01
1.333000000000000000e+03 8.062770986675226181e-01 9.867058843667327883e-01 1.012347727204843117e+00 7.979025296791142363e-01 4.244072524983579231e-01
1.334000000000000000e+03 1.000000000000000000e+00 1.000000000000000000e+00 1.000000000000000000e+00 4.440836565252215817e-01 2.796399691494096951e-01
1.334000000000000000e+03 7.094156480012838717e-01 9.800588265500991270e-01 1.018521590807264676e+00 4.440836565252215817e-01 2.796399691494096951e-01
1.335000000000000000e+03 1.000000000000000000e+00 1.000000000000000000e+00 1.000000000000000000e+00 5.165635354210511565e-01 5.652750331935425532e-01
1.335000000000000000e+03 6.125541973350452363e-01 9.734117687334655766e-01 1.024695454409686235e+00 5.165635354210511565e-01 5.652750331935425532e-01
1.336000000000000000e+03 1.000000000000000000e+00 1.000000000000000000e+00 1.000000000000000000e+00 5.283191709718580986e-01 5.379401531300174177e-01
1.336000000000000000e+03 9.031385493337613646e-01 9.933529421833664497e-01 1.006173863602421559e+00 5.283191709718580986e-01 5.379401531300174177e-01
1.337000000000000000e+03 1.000000000000000000e+00 1.000000000000000000e+00 1.000000000000000000e+00 3.759751159087271200e-01 3.338396593942801749e-01
1.337000000000000000e+03 8.062770986675226181e-01 9.867058843667327883e-01 1.012347727204843117e+00 3.759751159087271200e-01 3.338396593942801749e-01
1.338000000000000000e+03 1.000000000000000000e+00 1.000000000000000000e+00 1.000000000000000000e+00 7.302704343435710843e-01 3.281222593490197292e-01
1.338000000000000000e+03 7.094156480012838717e-01 9.800588265500991270e-01 1.018521590807264676e+00 7.302704343435710843e-01 3.281222593490197292e-01
1.339000000000000000e+03 1.000000000000000000e+00 1.000000000000000000e+00 1.000000000000000000e+00 3.979497531321313231e-01 5.761720275315654893e-01
1.339000000000000000e+03 6.125541973350452363e-01 9.734117687334655766e-01 1.024695454409686235e+00 3.979497531321313231e-01 5.761720275315654893e-01
