3.940000000000000000e+03 1.000000000000000000e+00 1.000000000000000000e+00 1.000000000000000000e+00 3.834568394746683540e-01 5.657849433820718588e-01
3.940000000000000000e+03 9.820988020902934323e-01 9.787775594413897773e-01 8.878043126548614827e-01 3.834568394746683540e-01 5.657849433820718588e-01
3.941000000000000000e+03 1.000000000000000000e+00 1.000000000000000000e+00 1.000000000000000000e+00 7.558778906805443398e-01 3.555649900408801023e-01
3.941000000000000000e+03 9.641976041805869757e-01 9.575551188827795546e-01 7.756086253097229655e-01 7.558778906805443398e-01 3.555649900408801023e-01
3.942000000000000000e+03 1.000000000000000000e+00 1.000000000000000000e+00 1.000000000000000000e+00 3.948900233294041495e-01 3.137894743970620626e-01
3.942000000000000000e+03 9.462964062708805191e-01 9.363326783241693319e-01 6.634129379645844482e-01 3.948900233294041495e-01 3.137894743970620626e-01
3.943000000000000000e+03 1.000000000000000000e+00 1.000000000000000000e+00 1.000000000000000000e+00 5.264599100935478670e-01 5.468757954477253547e-01
3.943000000000000000e+03 9.283952083611739514e-01 9.151102377655591091e-01 5.512172506194459309e-01 5.264599100935478670e-01 5.468757954477253547e-01
3.944000000000000000e+03 1.000000000000000000e+00 1.000000000000000000e+00 1.000000000000000000e+00 5.089249408154539189e-01 5.732866800479887726e-01
3.944000000000000000e+03 9.820988020902934323e-01 9.787775594413897773e-01 8.878043126548614827e-01 5.089249408154539189e-01 5.732866800479887726e-01
3.945000000000000000e+03 1.000000000000000000e+00 1.000000000000000000e+00 1.000000000000000000e+00 4.717329652268216766e-01 2.678867371601796332e-01
3.945000000000000000e+03 9.641976041805869757e-01 9.575551188827795546e-01 7.756086253097229655e-01 4.717329652268216766e-01 2.678867371601796332e-01
3.946000000000000000e+03 1.000000000000000000e+00 1.000000000000000000e+00 1.000000000000000000e+00 8.115265542357361639e-01 4.620619182479595022e-01
3.946000000000000000e+03 9.462964062708805191e-01 9.363326783241693319e-01 6.634129379645844482e-01 8.115265542357361639e-01 4.620619182479595022e-01
3.947000000000000000e+03 1.000000000000000000e+00 1.000000000000000000e+00 1.000000000000000000e+00 3.473000285560954303e-01 5.185959877943160379e-01
3.947000000000000000e+03 9.283952083611739514e-01 9.151102377655591091e-01 5.512172506194459309e-01 3.473000285560954303e-01 5.185959877943160379e-01
3.948000000000000000e+03 1.000000000000000000e+00 1.000000000000000000e+00 1.000000000000000000e+00 4.298317707584801695e-01 5.896284644860390056e-01
3.948000000000000000e+03 9.820988020902934323e-01 9.787775594413897773e-01 8.878043126548614827e-01 4.298317707584801695e-01 5.896284644860390056e-01
3.949000000000000000e+03 1.000000000000000000e+00 1.000000000000000000e+00 1.000000000000000000e+00 6.687986571664563673e-01 2.843872559893159124e-01
3.949000000000000000e+03 9.641976041805869757e-01 9.575551188827795546e-01 7.756086253097229655e-01 6.687986571664563673e-01 2.843872559893159124e-01
3.950000000000000000e+03 1.000000000000000000e+00 1.000000000000000000e+00 1.000000000000000000e+00 3.473793957516385089e-01 3.805165567960118733e-01
3.950000000000000000e+03 9.462964062708805191e-01 9.363326783241693319e-01 6.634129379645844482e-01 3.473793957516385089e-01 3.805165567960118733e-01
3.951000000000000000e+03 1.000000000000000000e+00 1.000000000000000000e+00 1.000000000000000000e+00 5.266363247237164646e-01 5.208530152790515899e-01
3.951000000000000000e+03 9.283952083611739514e-01 9.151102377655591091e-01 5.512172506194459309e-01 5.266363247237164646e-01 5.208530152790515899e-01
3.952000000000000000e+03 1.000000000000000000e+00 1.000000000000000000e+00 1.000000000000000000e+00 5.212674011248314976e-01 5.107460313795904039e-01
3.952000000000000000e+03 9.820988020902934323e-01 9.787775594413897773e-01 8.878043126548614827e-01 5.212674011248314976e-01 5.107460313795904039e-01
3.953000000000000000e+03 1.000000000000000000e+00 1.000000000000000000e+00 1.000000000000000000e+00 3.359272300107261078e-01 4.170970103731930223e-01
3.953000000000000000e+03 9.641976041805869757e-01 9.575551188827795546e-01 7.756086253097229655e-01 3.359272300107261078e-01 4.170970103731930223e-01
3.954000000000000000e+03 1.000000000000000000e+00 1.000000000000000000e+00 1.000000000000000000e+00 6.189814687504153756e-01 2.645245455785049660e-01
3.954000000000000000e+03 9.462964062708805191e-01 9.363326783241693319e-01 6.634129379645844482e-01 6.189814687504153756e-01 2.645245455785049660e-01
3.955000000000000000e+03 1.000000000000000000e+00 1.000000000000000000e+00 1.000000000000000000e+00 4.531754894968013092e-01 5.926700855570526949e-01
3.955000000000000000e+03 9.283952083611739514e-01 9.151102377655591091e-01 5.512172506194459309e-01 4.531754894968013092e-01 5.926700855570526949e-01
3.956000000000000000e+03 1.000000000000000000e+00 1.000000000000000000e+00 1.000000000000000000e+00 3.633620953868442749e-01 5.449067095648499892e-01
3.956000000000000000e+03 9.820988020902934323e-01 9.787775594413897773e-01 8.878043126548614827e-01 3.633620953868442749e-01 5.449067095648499892e-01
3.957000000000000000e+03 1.000000000000000000e+00 1.000000000000000000e+00 1.000000000000000000e+00 7.886392238134506405e-01 4.051373202076580804e-01
3.957000000000000000e+03 9.641976041805869757e-01 9.575551188827795546e-01 7.756086253097229655e-01 7.886392238134506405e-01 4.051373202076580804e-01
3.958000000000000000e+03 1.000000000000000000e+00 1.000000000000000000e+00 1.000000000000000000e+00 4.301153053214040733e-01 2.873614357866968172e-01
3.958000000000000000e+03 9.462964062708805191e-01 9.363326783241693319e-01 6.634129379645844482e-01 4.301153053214040733e-01 2.873614357866968172e-01
3.959000000000000000e+03 1.000000000000000000e+00 1.000000000000000000e+00 1.000000000000000000e+00 5.199287244511039408e-01 5.606372450130082674e-01
3.959000000000000000e+03 9.283952083611739514e-01 9.151102377655591091e-01 5.512172506194459309e-01 5.199287244511039408e-01 5.606372450130082674e-01
