3.200000000000000000e+02 1.000000000000000000e+00 1.000000000000000000e+00 1.000000000000000000e+00 5.092166139446676620e-01 5.017159989495794115e-01
3.200000000000000000e+02 1.003884816528980206e+00 1.011078263591154602e+00 9.146231269845053191e-01 5.092166139446676620e-01 5.017159989495794115e-01
3.210000000000000000e+02 1.000000000000000000e+00 1.000000000000000000e+00 1.000000000000000000e+00 3.334865080663377279e-01 4.689976189775980631e-01
3.210000000000000000e+02 1.007769633057960190e+00 1.022156527182309427e+00 8.292462539690105272e-01 3.334865080663377279e-01 4.689976189775980631e-01
3.220000000000000000e+02 1.000000000000000000e+00 1.000000000000000000e+00 1.000000000000000000e+00 5.456455720588131442e-01 2.548380690718403674e-01
3.220000000000000000e+02 1.011654449586940174e+00 1.033234790773464251e+00 7.438693809535157353e-01 5.456455720588131442e-01 2.548380690718403674e-01
3.230000000000000000e+02 1.000000000000000000e+00 1.000000000000000000e+00 1.000000000000000000e+00 4.836408100140092703e-01 5.878650529391649115e-01
3.230000000000000000e+02 1.015539266115920380e+00 1.044313054364618853e+00 6.584925079380210544e-01 4.836408100140092703e-01 5.878650529391649115e-01
3.240000000000000000e+02 1.000000000000000000e+00 1.000000000000000000e+00 1.000000000000000000e+00 3.933187589521873750e-01 5.731915530201300291e-01
3.240000000000000000e+02 1.003884816528980206e+00 1.011078263591154602e+00 9.146231269845053191e-01 3.933187589521873750e-01 5.731915530201300291e-01
3.250000000000000000e+02 1.000000000000000000e+00 1.000000000000000000e+00 1.000000000000000000e+00 7.386155294934166893e-01 3.362913572544918295e-01
3.250000000000000000e+02 1.007769633057960190e+00 1.022156527182309427e+00 8.292462539690105272e-01 7.386155294934166893e-01 3.362913572544918295e-01
3.260000000000000000e+02 1.000000000000000000e+00 1.000000000000000000e+00 1.000000000000000000e+00 3.815499021171809280e-01 3.273516147293853429e-01
3.260000000000000000e+02 1.011654449586940174e+00 1.033234790773464251e+00 7.438693809535157353e-01 3.815499021171809280e-01 3.273516147293853429e-01
3.270000000000000000e+02 1.000000000000000000e+00 1.000000000000000000e+00 1.000000000000000000e+00 5.279330081574409306e-01 5.407140968250105928e-01
3.270000000000000000e+02 1.015539266115920380e+00 1.044313054364618853e+00 6.584925079380210544e-01 5.279330081574409306e-01 5.407140968250105928e-01
3.280000000000000000e+02 1.000000000000000000e+00 1.000000000000000000e+00 1.000000000000000000e+00 5.143683517233351710e-01 5.678707675936741639e-01
3.280000000000000000e+02 1.003884816528980206e+00 1.011078263591154602e+00 9.146231269845053191e-01 5.143683517233351710e-01 5.678707675936741639e-01
3.290000000000000000e+02 1.000000000000000000e+00 1.000000000000000000e+00 1.000000000000000000e+00 4.524938280859098771e-01 2.755984530911854136e-01
3.290000000000000000e+02 1.007769633057960190e+00 1.022156527182309427e+00 8.292462539690105272e-01 4.524938280859098771e-01 2.755984530911854136e-01
3.300000000000000000e+02 1.000000000000000000e+00 1.000000000000000000e+00 1.000000000000000000e+00 8.026669365663847699e-01 4.359249179905324012e-01
3.300000000000000000e+02 1.011654449586940174e+00 1.033234790773464251e+00 7.438693809535157353e-01 8.026669365663847699e-01 4.359249179905324012e-01
3.310000000000000000e+02 1.000000000000000000e+00 1.000000000000000000e+00 1.000000000000000000e+00 3.538638427487555971e-01 5.309372618187127024e-01
3.310000000000000000e+02 1.015539266115920380e+00 1.044313054364618853e+00 6.584925079380210544e-01 3.538638427487555971e-01 5.309372618187127024e-01
3.320000000000000000e+02 1.000000000000000000e+00 1.000000000000000000e+00 1.000000000000000000e+00 4.403550793913386663e-01 5.916808271700604305e-01
3.320000000000000000e+02 1.003884816528980206e+00 1.011078263591154602e+00 9.146231269845053191e-01 4.403550793913386663e-01 5.916808271700604305e-01
3.330000000000000000e+02 1.000000000000000000e+00 1.000000000000000000e+00 1.000000000000000000e+00 6.468969187561888212e-01 2.742032199411654769e-01
3.330000000000000000e+02 1.007769633057960190e+00 1.022156527182309427e+00 8.292462539690105272e-01 6.468969187561888212e-01 2.742032199411654769e-01
3.340000000000000000e+02 1.000000000000000000e+00 1.000000000000000000e+00 1.000000000000000000e+00 3.412611963855525232e-01 3.967290803175750336e-01
3.340000000000000000e+02 1.011654449586940174e+00 1.033234790773464251e+00 7.438693809535157353e-01 3.412611963855525232e-01 3.967290803175750336e-01
3.350000000000000000e+02 1.000000000000000000e+00 1.000000000000000000e+00 1.000000000000000000e+00 5.246228507256733842e-01 5.160189215348975900e-01
3.350000000000000000e+02 1.015539266115920380e+00 1.044313054364618853e+00 6.584925079380210544e-01 5.246228507256733842e-01 5.160189215348975900e-01
3.360000000000000000e+02 1.000000000000000000e+00 1.000000000000000000e+00 1.000000000000000000e+00 5.281819012455503115e-01 5.274985648204782995e-01
3.360000000000000000e+02 1.003884816528980206e+00 1.011078263591154602e+00 9.146231269845053191e-01 5.281819012455503115e-01 5.274985648204782995e-01
3.370000000000000000e+02 1.000000000000000000e+00 1.000000000000000000e+00 1.000000000000000000e+00 3.573011667090386645e-01 3.607612352740860451e-01
3.370000000000000000e+02 1.007769633057960190e+00 1.022156527182309427e+00 8.292462539690105272e-01 3.573011667090386645e-01 3.607612352740860451e-01
3.380000000000000000e+02 1.000000000000000000e+00 1.000000000000000000e+00 1.000000000000000000e+00 6.951088646786316438e-01 3.000427006863330970e-01
3.380000000000000000e+02 1.011654449586940174e+00 1.033234790773464251e+00 7.438693809535157353e-01 6.951088646786316438e-01 3.000427006863330970e-01
3.390000000000000000e+02 1.000000000000000000e+00 1.000000000000000000e+00 1.000000000000000000e+00 4.166313352268038450e-01 5.854403672682558790e-01
3.390000000000000000e+02 1.015539266115920380e+00 1.044313054364618853e+00 6.584925079380210544e-01 4.166313352268038450e-01 5.854403672682558790e-01
