4.480000000000000000e+03 1.000000000000000000e+00 1.000000000000000000e+00 1.000000000000000000e+00 5.032356200391674417e-01 5.002062589326411457e-01
4.480000000000000000e+03 9.067387981608348024e-01 1.005213124677193814e+00 9.955333879033906319e-01 5.032356200391674417e-01 5.002062589326411457e-01
4.481000000000000000e+03 1.000000000000000000e+00 1.000000000000000000e+00 1.000000000000000000e+00 3.370884801966170241e-01 4.896149869938880017e-01
4.481000000000000000e+03 8.134775963216696049e-01 1.010426249354387629e+00 9.910667758067812638e-01 3.370884801966170241e-01 4.896149869938880017e-01
4.482000000000000000e+03 1.000000000000000000e+00 1.000000000000000000e+00 1.000000000000000000e+00 5.154743900428474523e-01 2.572505303145092848e-01
4.482000000000000000e+03 7.202163944825044073e-01 1.015639374031581443e+00 9.866001637101717847e-01 5.154743900428474523e-01 2.572505303145092848e-01
4.483000000000000000e+03 1.000000000000000000e+00 1.000000000000000000e+00 1.000000000000000000e+00 4.947043640306234003e-01 5.830735699212752365e-01
4.483000000000000000e+03 6.269551926433392097e-01 1.020852498708775258e+00 9.821335516135624166e-01 4.947043640306234003e-01 5.830735699212752365e-01
4.484000000000000000e+03 1.000000000000000000e+00 1.000000000000000000e+00 1.000000000000000000e+00 4.074871908804694742e-01 5.814249158955566710e-01
4.484000000000000000e+03 9.067387981608348024e-01 1.005213124677193814e+00 9.955333879033906319e-01 4.074871908804694742e-01 5.814249158955566710e-01
4.485000000000000000e+03 1.000000000000000000e+00 1.000000000000000000e+00 1.000000000000000000e+00 7.126181866642522511e-01 3.128646386184845696e-01
4.485000000000000000e+03 8.134775963216696049e-01 1.010426249354387629e+00 9.910667758067812638e-01 7.126181866642522511e-01 3.128646386184845696e-01
4.486000000000000000e+03 1.000000000000000000e+00 1.000000000000000000e+00 1.000000000000000000e+00 3.657198613614639493e-01 3.474345021081086671e-01
4.486000000000000000e+03 7.202163944825044073e-01 1.015639374031581443e+00 9.866001637101717847e-01 3.657198613614639493e-01 3.474345021081086671e-01
4.487000000000000000e+03 1.000000000000000000e+00 1.000000000000000000e+00 1.000000000000000000e+00 5.285696931525771802e-01 5.324601203471696076e-01
4.487000000000000000e+03 6.269551926433392097e-01 1.020852498708775258e+00 9.821335516135624166e-01 5.285696931525771802e-01 5.324601203471696076e-01
4.488000000000000000e+03 1.000000000000000000e+00 1.000000000000000000e+00 1.000000000000000000e+00 5.204356768384562626e-01 5.598494560705387091e-01
4.488000000000000000e+03 9.067387981608348024e-01 1.005213124677193814e+00 9.955333879033906319e-01 5.204356768384562626e-01 5.598494560705387091e-01
4.489000000000000000e+03 1.000000000000000000e+00 1.000000000000000000e+00 1.000000000000000000e+00 4.278629443287352840e-01 2.887340077559428786e-01
4.489000000000000000e+03 8.134775963216696049e-01 1.010426249354387629e+00 9.910667758067812638e-01 4.278629443287352840e-01 2.887340077559428786e-01
4.490000000000000000e+03 1.000000000000000000e+00 1.000000000000000000e+00 1.000000000000000000e+00 7.869742603308162998e-01 4.020122549123310018e-01
4.490000000000000000e+03 7.202163944825044073e-01 1.015639374031581443e+00 9.866001637101717847e-01 7.869742603308162998e-01 4.020122549123310018e-01
4.491000000000000000e+03 1.000000000000000000e+00 1.000000000000000000e+00 1.000000000000000000e+00 3.644422758427020570e-01 5.462863662548604893e-01
4.491000000000000000e+03 6.269551926433392097e-01 1.020852498708775258e+00 9.821335516135624166e-01 3.644422758427020570e-01 5.462863662548604893e-01
4.492000000000000000e+03 1.000000000000000000e+00 1.000000000000000000e+00 1.000000000000000000e+00 4.545029334471300531e-01 5.926766756787751333e-01
4.492000000000000000e+03 9.067387981608348024e-01 1.005213124677193814e+00 9.955333879033906319e-01 4.545029334471300531e-01 5.926766756787751333e-01
4.493000000000000000e+03 1.000000000000000000e+00 1.000000000000000000e+00 1.000000000000000000e+00 6.160063304955694097e-01 2.636972692397782092e-01
4.493000000000000000e+03 8.134775963216696049e-01 1.010426249354387629e+00 9.910667758067812638e-01 6.160063304955694097e-01 2.636972692397782092e-01
4.494000000000000000e+03 1.000000000000000000e+00 1.000000000000000000e+00 1.000000000000000000e+00 3.355102967805014824e-01 4.192483014757802384e-01
4.494000000000000000e+03 7.202163944825044073e-01 1.015639374031581443e+00 9.866001637101717847e-01 3.355102967805014824e-01 4.192483014757802384e-01
4.495000000000000000e+03 1.000000000000000000e+00 1.000000000000000000e+00 1.000000000000000000e+00 5.208636481380519712e-01 5.102424345815200768e-01
4.495000000000000000e+03 6.269551926433392097e-01 1.020852498708775258e+00 9.821335516135624166e-01 5.208636481380519712e-01 5.102424345815200768e-01
4.496000000000000000e+03 1.000000000000000000e+00 1.000000000000000000e+00 1.000000000000000000e+00 5.264089744847360031e-01 5.201893312531573610e-01
4.496000000000000000e+03 9.067387981608348024e-01 1.005213124677193814e+00 9.955333879033906319e-01 5.264089744847360031e-01 5.201893312531573610e-01
4.497000000000000000e+03 1.000000000000000000e+00 1.000000000000000000e+00 1.000000000000000000e+00 3.464803798166990467e-01 3.826361672040309858e-01
4.497000000000000000e+03 8.134775963216696049e-01 1.010426249354387629e+00 9.910667758067812638e-01 3.464803798166990467e-01 3.826361672040309858e-01
4.498000000000000000e+03 1.000000000000000000e+00 1.000000000000000000e+00 1.000000000000000000e+00 6.659510835673747575e-01 2.829250569674165439e-01
4.498000000000000000e+03 7.202163944825044073e-01 1.015639374031581443e+00 9.866001637101717847e-01 6.659510835673747575e-01 2.829250569674165439e-01
4.499000000000000000e+03 1.000000000000000000e+00 1.000000000000000000e+00 1.000000000000000000e+00 4.312234179754367847e-01 5.899642973340184504e-01
4.499000000000000000e+03 6.269551926433392097e-01 1.020852498708775258e+00 9.821335516135624166e-01 4.312234179754367847e-01 5.899642973340184504e-01
