4.500000000000000000e+03 1.000000000000000000e+00 1.000000000000000000e+00 1.000000000000000000e+00 3.481048606205811025e-01 5.202739898069436153e-01
4.500000000000000000e+03 9.995111550144036849e-01 8.964659237128004277e-01 9.963799647345301658e-01 3.481048606205811025e-01 5.202739898069436153e-01
4.501000000000000000e+03 1.000000000000000000e+00 1.000000000000000000e+00 1.000000000000000000e+00 8.104886879132195965e-01 4.585579596579451023e-01
4.501000000000000000e+03 9.990223100288073699e-01 7.929318474256008553e-01 9.927599294690604426e-01 8.104886879132195965e-01 4.585579596579451023e-01
4.502000000000000000e+03 1.000000000000000000e+00 1.000000000000000000e+00 1.000000000000000000e+00 4.691419849255007435e-01 2.688080863536807530e-01
4.502000000000000000e+03 9.985334650432111658e-01 6.893977711384011720e-01 9.891398942035907194e-01 4.691419849255007435e-01 2.688080863536807530e-01
4.503000000000000000e+03 1.000000000000000000e+00 1.000000000000000000e+00 1.000000000000000000e+00 5.096899645393880851e-01 5.725983651125186036e-01
4.503000000000000000e+03 9.980446200576148508e-01 5.858636948512015996e-01 9.855198589381208851e-01 5.096899645393880851e-01 5.725983651125186036e-01
4.504000000000000000e+03 1.000000000000000000e+00 1.000000000000000000e+00 1.000000000000000000e+00 5.267035699369998492e-01 5.460613708263759580e-01
4.504000000000000000e+03 9.995111550144036849e-01 8.964659237128004277e-01 9.963799647345301658e-01 5.267035699369998492e-01 5.460613708263759580e-01
4.505000000000000000e+03 1.000000000000000000e+00 1.000000000000000000e+00 1.000000000000000000e+00 3.930485779265721069e-01 3.155179579301642390e-01
4.505000000000000000e+03 9.990223100288073699e-01 7.929318474256008553e-01 9.927599294690604426e-01 3.930485779265721069e-01 3.155179579301642390e-01
4.506000000000000000e+03 1.000000000000000000e+00 1.000000000000000000e+00 1.000000000000000000e+00 7.536923776915656070e-01 3.529246518583580294e-01
4.506000000000000000e+03 9.985334650432111658e-01 6.893977711384011720e-01 9.891398942035907194e-01 7.536923776915656070e-01 3.529246518583580294e-01
4.507000000000000000e+03 1.000000000000000000e+00 1.000000000000000000e+00 1.000000000000000000e+00 3.847282935518941960e-01 5.668274960052139821e-01
4.507000000000000000e+03 9.980446200576148508e-01 5.858636948512015996e-01 9.855198589381208851e-01 3.847282935518941960e-01 5.668274960052139821e-01
4.508000000000000000e+03 1.000000000000000000e+00 1.000000000000000000e+00 1.000000000000000000e+00 4.760283690044330718e-01 5.901080819749123796e-01
4.508000000000000000e+03 9.995111550144036849e-01 8.964659237128004277e-01 9.963799647345301658e-01 4.760283690044330718e-01 5.901080819749123796e-01
4.509000000000000000e+03 1.000000000000000000e+00 1.000000000000000000e+00 1.000000000000000000e+00 5.651060258668874070e-01 2.552699223111197790e-01
4.509000000000000000e+03 9.990223100288073699e-01 7.929318474256008553e-01 9.927599294690604426e-01 5.651060258668874070e-01 2.552699223111197790e-01
4.510000000000000000e+03 1.000000000000000000e+00 1.000000000000000000e+00 1.000000000000000000e+00 3.325809201681036997e-01 4.554611715687729157e-01
4.510000000000000000e+03 9.985334650432111658e-01 6.893977711384011720e-01 9.891398942035907194e-01 3.325809201681036997e-01 4.554611715687729157e-01
4.511000000000000000e+03 1.000000000000000000e+00 1.000000000000000000e+00 1.000000000000000000e+00 5.127970841179284589e-01 5.034044335599066056e-01
4.511000000000000000e+03 9.980446200576148508e-01 5.858636948512015996e-01 9.855198589381208851e-01 5.127970841179284589e-01 5.034044335599066056e-01
4.512000000000000000e+03 1.000000000000000000e+00 1.000000000000000000e+00 1.000000000000000000e+00 5.170844439677315663e-01 5.063952466018597498e-01
4.512000000000000000e+03 9.995111550144036849e-01 8.964659237128004277e-01 9.963799647345301658e-01 5.170844439677315663e-01 5.063952466018597498e-01
4.513000000000000000e+03 1.000000000000000000e+00 1.000000000000000000e+00 1.000000000000000000e+00 3.330699832446275543e-01 4.375128260293663085e-01
4.513000000000000000e+03 9.990223100288073699e-01 7.929318474256008553e-01 9.927599294690604426e-01 3.330699832446275543e-01 4.375128260293663085e-01
4.514000000000000000e+03 1.000000000000000000e+00 1.000000000000000000e+00 1.000000000000000000e+00 5.905331376550206901e-01 2.581471968508071146e-01
4.514000000000000000e+03 9.985334650432111658e-01 6.893977711384011720e-01 9.891398942035907194e-01 5.905331376550206901e-01 2.581471968508071146e-01
4.515000000000000000e+03 1.000000000000000000e+00 1.000000000000000000e+00 1.000000000000000000e+00 4.655587897137532516e-01 5.920072303615520060e-01
4.515000000000000000e+03 9.980446200576148508e-01 5.858636948512015996e-01 9.855198589381208851e-01 4.655587897137532516e-01 5.920072303615520060e-01
4.516000000000000000e+03 1.000000000000000000e+00 1.000000000000000000e+00 1.000000000000000000e+00 3.741824994321751863e-01 5.572787827703292729e-01
4.516000000000000000e+03 9.995111550144036849e-01 8.964659237128004277e-01 9.963799647345301658e-01 3.741824994321751863e-01 5.572787827703292729e-01
4.517000000000000000e+03 1.000000000000000000e+00 1.000000000000000000e+00 1.000000000000000000e+00 7.714373034290313846e-01 3.764273787930308424e-01
4.517000000000000000e+03 9.990223100288073699e-01 7.929318474256008553e-01 9.927599294690604426e-01 7.714373034290313846e-01 3.764273787930308424e-01
4.518000000000000000e+03 1.000000000000000000e+00 1.000000000000000000e+00 1.000000000000000000e+00 4.095742980113508125e-01 3.013725980015719008e-01
4.518000000000000000e+03 9.985334650432111658e-01 6.893977711384011720e-01 9.891398942035907194e-01 4.095742980113508125e-01 3.013725980015719008e-01
4.519000000000000000e+03 1.000000000000000000e+00 1.000000000000000000e+00 1.000000000000000000e+00 5.241318635520092473e-01 5.530075991372214173e-01
4.519000000000000000e+03 9.980446200576148508e-01 5.858636948512015996e-01 9.855198589381208851e-01 5.241318635520092473e-01 5.530075991372214173e-01
