7.400000000000000000e+02 1.000000000000000000e+00 1.000000000000000000e+00 1.000000000000000000e+00 3.870381159129486215e-01 5.686523699500138918e-01
7.400000000000000000e+02 8.973264763875585803e-01 1.000314134613539796e+00 1.000432806336326141e+00 3.870381159129486215e-01 5.686523699500138918e-01
7.410000000000000000e+02 1.000000000000000000e+00 1.000000000000000000e+00 1.000000000000000000e+00 7.496911622255154617e-01 3.482506716234918254e-01
7.410000000000000000e+02 7.946529527751171607e-01 1.000628269227079592e+00 1.000865612672652283e+00 7.496911622255154617e-01 3.482506716234918254e-01
7.420000000000000000e+02 1.000000000000000000e+00 1.000000000000000000e+00 1.000000000000000000e+00 3.897991508367389946e-01 3.186734768437165521e-01
7.420000000000000000e+02 6.919794291626756300e-01 1.000942403840619166e+00 1.001298419008978646e+00 3.897991508367389946e-01 3.186734768437165521e-01
7.430000000000000000e+02 1.000000000000000000e+00 1.000000000000000000e+00 1.000000000000000000e+00 5.271038907367666670e-01 5.445972450178193647e-01
7.430000000000000000e+02 5.893059055502342103e-01 1.001256538454158962e+00 1.001731225345304788e+00 5.271038907367666670e-01 5.445972450178193647e-01
7.440000000000000000e+02 1.000000000000000000e+00 1.000000000000000000e+00 1.000000000000000000e+00 5.110300468108438521e-01 5.713398431705635216e-01
7.440000000000000000e+02 8.973264763875585803e-01 1.000314134613539796e+00 1.000432806336326141e+00 5.110300468108438521e-01 5.713398431705635216e-01
7.450000000000000000e+02 1.000000000000000000e+00 1.000000000000000000e+00 1.000000000000000000e+00 4.645224035478051072e-01 2.705389459925165996e-01
7.450000000000000000e+02 7.946529527751171607e-01 1.000628269227079592e+00 1.000865612672652283e+00 4.645224035478051072e-01 2.705389459925165996e-01
7.460000000000000000e+02 1.000000000000000000e+00 1.000000000000000000e+00 1.000000000000000000e+00 8.085216594259433398e-01 4.522986287271295591e-01
7.460000000000000000e+02 6.919794291626756300e-01 1.000942403840619166e+00 1.001298419008978646e+00 8.085216594259433398e-01 4.522986287271295591e-01
7.470000000000000000e+02 1.000000000000000000e+00 1.000000000000000000e+00 1.000000000000000000e+00 3.495995514109765390e-01 5.232538216315194557e-01
7.470000000000000000e+02 5.893059055502342103e-01 1.001256538454158962e+00 1.001731225345304788e+00 3.495995514109765390e-01 5.232538216315194557e-01
7.480000000000000000e+02 1.000000000000000000e+00 1.000000000000000000e+00 1.000000000000000000e+00 4.337241459477075844e-01 5.905182099131950357e-01
7.480000000000000000e+02 8.973264763875585803e-01 1.000314134613539796e+00 1.000432806336326141e+00 4.337241459477075844e-01 5.905182099131950357e-01
7.490000000000000000e+02 1.000000000000000000e+00 1.000000000000000000e+00 1.000000000000000000e+00 6.607974063497122907e-01 2.803861815197971064e-01
7.490000000000000000e+02 7.946529527751171607e-01 1.000628269227079592e+00 1.000865612672652283e+00 6.607974063497122907e-01 2.803861815197971064e-01
7.500000000000000000e+02 1.000000000000000000e+00 1.000000000000000000e+00 1.000000000000000000e+00 3.449339858033010353e-01 3.864633697989976469e-01
7.500000000000000000e+02 6.919794291626756300e-01 1.000942403840619166e+00 1.001298419008978646e+00 3.449339858033010353e-01 3.864633697989976469e-01
7.510000000000000000e+02 1.000000000000000000e+00 1.000000000000000000e+00 1.000000000000000000e+00 5.259704056296909958e-01 5.190150779035824780e-01
7.510000000000000000e+02 5.893059055502342103e-01 1.001256538454158962e+00 1.001731225345304788e+00 5.259704056296909958e-01 5.190150779035824780e-01
7.520000000000000000e+02 1.000000000000000000e+00 1.000000000000000000e+00 1.000000000000000000e+00 5.201150921939247107e-01 5.093631310083706065e-01
7.520000000000000000e+02 8.973264763875585803e-01 1.000314134613539796e+00 1.000432806336326141e+00 5.201150921939247107e-01 5.093631310083706065e-01
7.530000000000000000e+02 1.000000000000000000e+00 1.000000000000000000e+00 1.000000000000000000e+00 3.348295950836888135e-01 4.231168256636614888e-01
7.530000000000000000e+02 7.946529527751171607e-01 1.000628269227079592e+00 1.000865612672652283e+00 3.348295950836888135e-01 4.231168256636614888e-01
7.540000000000000000e+02 1.000000000000000000e+00 1.000000000000000000e+00 1.000000000000000000e+00 6.106431960003223525e-01 2.623019387224955201e-01
7.540000000000000000e+02 6.919794291626756300e-01 1.000942403840619166e+00 1.001298419008978646e+00 6.106431960003223525e-01 2.623019387224955201e-01
7.550000000000000000e+02 1.000000000000000000e+00 1.000000000000000000e+00 1.000000000000000000e+00 4.568768473276454412e-01 5.926427485551178931e-01
7.550000000000000000e+02 5.893059055502342103e-01 1.001256538454158962e+00 1.001731225345304788e+00 4.568768473276454412e-01 5.926427485551178931e-01
7.560000000000000000e+02 1.000000000000000000e+00 1.000000000000000000e+00 1.000000000000000000e+00 3.664206416440636271e-01 5.487220707427992172e-01
7.560000000000000000e+02 8.973264763875585803e-01 1.000314134613539796e+00 1.000432806336326141e+00 3.664206416440636271e-01 5.487220707427992172e-01
7.570000000000000000e+02 1.000000000000000000e+00 1.000000000000000000e+00 1.000000000000000000e+00 7.838928341322867199e-01 3.964522144872815179e-01
7.570000000000000000e+02 7.946529527751171607e-01 1.000628269227079592e+00 1.000865612672652283e+00 7.838928341322867199e-01 3.964522144872815179e-01
7.580000000000000000e+02 1.000000000000000000e+00 1.000000000000000000e+00 1.000000000000000000e+00 4.238650718722411503e-01 2.912639037558884536e-01
7.580000000000000000e+02 6.919794291626756300e-01 1.000942403840619166e+00 1.001298419008978646e+00 4.238650718722411503e-01 2.912639037558884536e-01
7.590000000000000000e+02 1.000000000000000000e+00 1.000000000000000000e+00 1.000000000000000000e+00 5.213092133578396403e-01 5.584226204677611438e-01
7.590000000000000000e+02 5.893059055502342103e-01 1.001256538454158962e+00 1.001731225345304788e+00 5.213092133578396403e-01 5.584226204677611438e-01
