2.620000000000000000e+03 1.000000000000000000e+00 1.000000000000000000e+00 1.000000000000000000e+00 4.895828468577295145e-01 5.855399027438429327e-01
2.620000000000000000e+03 9.423301861740948082e-01 9.980643632000598675e-01 9.916086231649985372e-01 4.895828468577295145e-01 5.855399027438429327e-01
2.621000000000000000e+03 1.000000000000000000e+00 1.000000000000000000e+00 1.000000000000000000e+00 5.297592470999948899e-01 2.556335144643253621e-01
2.621000000000000000e+03 8.846603723481896164e-01 9.961287264001196240e-01 9.832172463299969634e-01 5.297592470999948899e-01 2.556335144643253621e-01
2.622000000000000000e+03 1.000000000000000000e+00 1.000000000000000000e+00 1.000000000000000000e+00 3.350468058602412147e-01 4.799117998788673956e-01
2.622000000000000000e+03 8.269905585222844246e-01 9.941930896001793805e-01 9.748258694949953895e-01 3.350468058602412147e-01 4.799117998788673956e-01
2.623000000000000000e+03 1.000000000000000000e+00 1.000000000000000000e+00 1.000000000000000000e+00 5.061266113479271356e-01 5.007461061634083110e-01
2.623000000000000000e+03 7.693207446963792329e-01 9.922574528002392480e-01 9.664344926599939267e-01 5.061266113479271356e-01 5.007461061634083110e-01
2.624000000000000000e+03 1.000000000000000000e+00 1.000000000000000000e+00 1.000000000000000000e+00 5.085464687202853051e-01 5.014694517442945809e-01
2.624000000000000000e+03 9.423301861740948082e-01 9.980643632000598675e-01 9.916086231649985372e-01 5.085464687202853051e-01 5.014694517442945809e-01
2.625000000000000000e+03 1.000000000000000000e+00 1.000000000000000000e+00 1.000000000000000000e+00 3.337673336297665161e-01 4.714185016582705390e-01
2.625000000000000000e+03 8.846603723481896164e-01 9.961287264001196240e-01 9.832172463299969634e-01 3.337673336297665161e-01 4.714185016582705390e-01
2.626000000000000000e+03 1.000000000000000000e+00 1.000000000000000000e+00 1.000000000000000000e+00 5.421375216404469288e-01 2.549242348047924267e-01
2.626000000000000000e+03 8.269905585222844246e-01 9.941930896001793805e-01 9.748258694949953895e-01 5.421375216404469288e-01 2.549242348047924267e-01
2.627000000000000000e+03 1.000000000000000000e+00 1.000000000000000000e+00 1.000000000000000000e+00 4.849745249569880068e-01 5.873895675452593945e-01
2.627000000000000000e+03 7.693207446963792329e-01 9.922574528002392480e-01 9.664344926599939267e-01 4.849745249569880068e-01 5.873895675452593945e-01
2.628000000000000000e+03 1.000000000000000000e+00 1.000000000000000000e+00 1.000000000000000000e+00 3.949136059756511719e-01 5.742516074369768964e-01
2.628000000000000000e+03 9.423301861740948082e-01 9.980643632000598675e-01 9.916086231649985372e-01 3.949136059756511719e-01 5.742516074369768964e-01
2.629000000000000000e+03 1.000000000000000000e+00 1.000000000000000000e+00 1.000000000000000000e+00 7.357584856830412523e-01 3.334185249061143441e-01
2.629000000000000000e+03 8.846603723481896164e-01 9.961287264001196240e-01 9.832172463299969634e-01 7.357584856830412523e-01 3.334185249061143441e-01
2.630000000000000000e+03 1.000000000000000000e+00 1.000000000000000000e+00 1.000000000000000000e+00 3.795834587345687239e-01 3.295775601463049043e-01
2.630000000000000000e+03 8.269905585222844246e-01 9.941930896001793805e-01 9.748258694949953895e-01 3.795834587345687239e-01 3.295775601463049043e-01
2.631000000000000000e+03 1.000000000000000000e+00 1.000000000000000000e+00 1.000000000000000000e+00 5.280866736085225721e-01 5.397503481950026716e-01
2.631000000000000000e+03 7.693207446963792329e-01 9.922574528002392480e-01 9.664344926599939267e-01 5.280866736085225721e-01 5.397503481950026716e-01
2.632000000000000000e+03 1.000000000000000000e+00 1.000000000000000000e+00 1.000000000000000000e+00 5.151488570004453260e-01 5.669801354701203833e-01
2.632000000000000000e+03 9.423301861740948082e-01 9.980643632000598675e-01 9.916086231649985372e-01 5.151488570004453260e-01 5.669801354701203833e-01
2.633000000000000000e+03 1.000000000000000000e+00 1.000000000000000000e+00 1.000000000000000000e+00 4.495555125821348308e-01 2.769614829112144738e-01
2.633000000000000000e+03 8.846603723481896164e-01 9.961287264001196240e-01 9.832172463299969634e-01 4.495555125821348308e-01 2.769614829112144738e-01
2.634000000000000000e+03 1.000000000000000000e+00 1.000000000000000000e+00 1.000000000000000000e+00 8.010677078981180976e-01 4.319076973734248814e-01
2.634000000000000000e+03 8.269905585222844246e-01 9.941930896001793805e-01 9.748258694949953895e-01 8.010677078981180976e-01 4.319076973734248814e-01
2.635000000000000000e+03 1.000000000000000000e+00 1.000000000000000000e+00 1.000000000000000000e+00 3.549906737205470453e-01 5.327966722091551643e-01
2.635000000000000000e+03 7.693207446963792329e-01 9.922574528002392480e-01 9.664344926599939267e-01 3.549906737205470453e-01 5.327966722091551643e-01
2.636000000000000000e+03 1.000000000000000000e+00 1.000000000000000000e+00 1.000000000000000000e+00 4.420017114442382766e-01 5.919008973874478885e-01
2.636000000000000000e+03 9.423301861740948082e-01 9.980643632000598675e-01 9.916086231649985372e-01 4.420017114442382766e-01 5.919008973874478885e-01
2.637000000000000000e+03 1.000000000000000000e+00 1.000000000000000000e+00 1.000000000000000000e+00 6.433904488449060377e-01 2.727913830945841722e-01
2.637000000000000000e+03 8.846603723481896164e-01 9.961287264001196240e-01 9.832172463299969634e-01 6.433904488449060377e-01 2.727913830945841722e-01
2.638000000000000000e+03 1.000000000000000000e+00 1.000000000000000000e+00 1.000000000000000000e+00 3.404452428535681419e-01 3.993056312996660639e-01
2.638000000000000000e+03 8.269905585222844246e-01 9.941930896001793805e-01 9.748258694949953895e-01 3.404452428535681419e-01 3.993056312996660639e-01
2.639000000000000000e+03 1.000000000000000000e+00 1.000000000000000000e+00 1.000000000000000000e+00 5.242470376284639189e-01 5.153022084111894552e-01
2.639000000000000000e+03 7.693207446963792329e-01 9.922574528002392480e-01 9.664344926599939267e-01 5.242470376284639189e-01 5.153022084111894552e-01
