0.000000000000000000e+00 1.000000000000000000e+00 1.000000000000000000e+00 1.000000000000000000e+00 5.000000000000000000e-01 5.000000000000000000e-01
0.000000000000000000e+00 1.014570988099710469e+00 8.906322449949390929e-01 1.011781738270937758e+00 5.000000000000000000e-01 5.000000000000000000e-01
1.000000000000000000e+00 1.000000000000000000e+00 1.000000000000000000e+00 1.000000000000000000e+00 3.399999999999999689e-01 5.000000000000000000e-01
1.000000000000000000e+00 1.029141976199421160e+00 7.812644899898782969e-01 1.023563476541875739e+00 3.399999999999999689e-01 5.000000000000000000e-01
2.000000000000000000e+00 1.000000000000000000e+00 1.000000000000000000e+00 1.000000000000000000e+00 4.999999999999999445e-01 2.600000000000000089e-01
2.000000000000000000e+00 1.043712964299131851e+00 6.718967349848175008e-01 1.035345214812813719e+00 4.999999999999999445e-01 2.600000000000000089e-01
3.000000000000000000e+00 1.000000000000000000e+00 1.000000000000000000e+00 1.000000000000000000e+00 5.000000000000000000e-01 5.799999999999999600e-01
3.000000000000000000e+00 1.058283952398842320e+00 5.625289799797565937e-01 1.047126953083751477e+00 5.000000000000000000e-01 5.799999999999999600e-01
4.000000000000000000e+00 1.000000000000000000e+00 1.000000000000000000e+00 1.000000000000000000e+00 4.151471862576143201e-01 5.848528137423857354e-01
4.000000000000000000e+00 1.014570988099710469e+00 8.906322449949390929e-01 1.011781738270937758e+00 4.151471862576143201e-01 5.848528137423857354e-01
5.000000000000000000e+00 1.000000000000000000e+00 1.000000000000000000e+00 1.000000000000000000e+00 6.979898987322332715e-01 3.020101012677666175e-01
5.000000000000000000e+00 1.029141976199421160e+00 7.812644899898782969e-01 1.023563476541875739e+00 6.979898987322332715e-01 3.020101012677666175e-01
6.000000000000000000e+00 1.000000000000000000e+00 1.000000000000000000e+00 1.000000000000000000e+00 3.585786437626904410e-01 3.585786437626904966e-01
6.000000000000000000e+00 1.043712964299131851e+00 6.718967349848175008e-01 1.035345214812813719e+00 3.585786437626904410e-01 3.585786437626904966e-01
7.000000000000000000e+00 1.000000000000000000e+00 1.000000000000000000e+00 1.000000000000000000e+00 5.282842712474619118e-01 5.282842712474619118e-01
7.000000000000000000e+00 1.058283952398842320e+00 5.625289799797565937e-01 1.047126953083751477e+00 5.282842712474619118e-01 5.282842712474619118e-01
8.000000000000000000e+00 1.000000000000000000e+00 1.000000000000000000e+00 1.000000000000000000e+00 5.229610059419054213e-01 5.554327719506771954e-01
8.000000000000000000e+00 1.014570988099710469e+00 8.906322449949390929e-01 1.011781738270937758e+00 5.229610059419054213e-01 5.554327719506771954e-01
9.000000000000000000e+00 1.000000000000000000e+00 1.000000000000000000e+00 1.000000000000000000e+00 4.158096448796801403e-01 2.967465028475169686e-01
9.000000000000000000e+00 1.029141976199421160e+00 7.812644899898782969e-01 1.023563476541875739e+00 4.158096448796801403e-01 2.967465028475169686e-01
1.000000000000000000e+01 1.000000000000000000e+00 1.000000000000000000e+00 1.000000000000000000e+00 7.771638597533858661e-01 3.851949702904728934e-01
1.000000000000000000e+01 1.043712964299131851e+00 6.718967349848175008e-01 1.035345214812813719e+00 7.771638597533858661e-01 3.851949702904728934e-01
1.100000000000000000e+01 1.000000000000000000e+00 1.000000000000000000e+00 1.000000000000000000e+00 3.706568654484198033e-01 5.535756805311126127e-01
1.100000000000000000e+01 1.058283952398842320e+00 5.625289799797565937e-01 1.047126953083751477e+00 3.706568654484198033e-01 5.535756805311126127e-01
1.200000000000000000e+01 1.000000000000000000e+00 1.000000000000000000e+00 1.000000000000000000e+00 4.617316567634910385e-01 5.923879532511286961e-01
1.200000000000000000e+01 1.014570988099710469e+00 8.906322449949390929e-01 1.011781738270937758e+00 4.617316567634910385e-01 5.923879532511286961e-01
1.300000000000000000e+01 1.000000000000000000e+00 1.000000000000000000e+00 1.000000000000000000e+00 5.994976924149233444e-01 2.597913215470654680e-01
1.300000000000000000e+01 1.029141976199421160e+00 7.812644899898782969e-01 1.023563476541875739e+00 5.994976924149233444e-01 2.597913215470654680e-01
1.400000000000000000e+01 1.000000000000000000e+00 1.000000000000000000e+00 1.000000000000000000e+00 3.337016841479684137e-01 4.311169821742838471e-01
1.400000000000000000e+01 1.043712964299131851e+00 6.718967349848175008e-01 1.035345214812813719e+00 3.337016841479684137e-01 4.311169821742838471e-01
1.500000000000000000e+01 1.000000000000000000e+00 1.000000000000000000e+00 1.000000000000000000e+00 5.184775906502256948e-01 5.076536686473017701e-01
1.500000000000000000e+01 1.058283952398842320e+00 5.625289799797565937e-01 1.047126953083751477e+00 5.184775906502256948e-01 5.076536686473017701e-01
1.600000000000000000e+01 1.000000000000000000e+00 1.000000000000000000e+00 1.000000000000000000e+00 5.249440883690763560e-01 5.166671069905880431e-01
1.600000000000000000e+01 1.014570988099710469e+00 8.906322449949390929e-01 1.011781738270937758e+00 5.249440883690763560e-01 5.166671069905880431e-01
1.700000000000000000e+01 1.000000000000000000e+00 1.000000000000000000e+00 1.000000000000000000e+00 3.420207736625163752e-01 3.944416557262756529e-01
1.700000000000000000e+01 1.029141976199421160e+00 7.812644899898782969e-01 1.023563476541875739e+00 3.420207736625163752e-01 3.944416557262756529e-01
1.800000000000000000e+01 1.000000000000000000e+00 1.000000000000000000e+00 1.000000000000000000e+00 6.500039629152924991e-01 2.755032046783126853e-01
1.800000000000000000e+01 1.043712964299131851e+00 6.718967349848175008e-01 1.035345214812813719e+00 6.500039629152924991e-01 2.755032046783126853e-01
1.900000000000000000e+01 1.000000000000000000e+00 1.000000000000000000e+00 1.000000000000000000e+00 4.388872743678438049e-01 5.914616573532800459e-01
1.900000000000000000e+01 1.058283952398842320e+00 5.625289799797565937e-01 1.047126953083751477e+00 4.388872743678438049e-01 5.914616573532800459e-01
