4.940000000000000000e+03 1.000000000000000000e+00 1.000000000000000000e+00 1.000000000000000000e+00 4.408129888554382925e-01 5.917447648335925070e-01
4.940000000000000000e+03 1.003709786789197089e+00 8.975972163270797832e-01 1.019263980907065825e+00 4.408129888554382925e-01 5.917447648335925070e-01
4.941000000000000000e+03 1.000000000000000000e+00 1.000000000000000000e+00 1.000000000000000000e+00 6.459240407145527829e-01 2.738056620864810498e-01
4.941000000000000000e+03 1.007419573578393956e+00 7.951944326541595665e-01 1.038527961814131650e+00 6.459240407145527829e-01 2.738056620864810498e-01
4.942000000000000000e+03 1.000000000000000000e+00 1.000000000000000000e+00 1.000000000000000000e+00 3.410304486264442714e-01 3.974444740704428103e-01
4.942000000000000000e+03 1.011129360367590824e+00 6.927916489812394607e-01 1.057791942721197476e+00 3.410304486264442714e-01 3.974444740704428103e-01
4.943000000000000000e+03 1.000000000000000000e+00 1.000000000000000000e+00 1.000000000000000000e+00 5.245199782936291744e-01 5.158184963595662254e-01
4.943000000000000000e+03 1.014839147156787913e+00 5.903888653083192439e-01 1.077055923628263301e+00 5.245199782936291744e-01 5.158184963595662254e-01
4.944000000000000000e+03 1.000000000000000000e+00 1.000000000000000000e+00 1.000000000000000000e+00 5.281468361878344231e-01 5.272544221221597827e-01
4.944000000000000000e+03 1.003709786789197089e+00 8.975972163270797832e-01 1.019263980907065825e+00 5.281468361878344231e-01 5.272544221221597827e-01
4.945000000000000000e+03 1.000000000000000000e+00 1.000000000000000000e+00 1.000000000000000000e+00 3.569085566084072569e-01 3.614453655025994250e-01
4.945000000000000000e+03 1.007419573578393956e+00 7.951944326541595665e-01 1.038527961814131650e+00 3.569085566084072569e-01 3.614453655025994250e-01
4.946000000000000000e+03 1.000000000000000000e+00 1.000000000000000000e+00 1.000000000000000000e+00 6.942047406850208047e-01 2.994362530065279859e-01
4.946000000000000000e+03 1.011129360367590824e+00 6.927916489812394607e-01 1.057791942721197476e+00 6.942047406850208047e-01 2.994362530065279859e-01
4.947000000000000000e+03 1.000000000000000000e+00 1.000000000000000000e+00 1.000000000000000000e+00 4.170954716902198212e-01 5.856191397897135831e-01
4.947000000000000000e+03 1.014839147156787913e+00 5.903888653083192439e-01 1.077055923628263301e+00 4.170954716902198212e-01 5.856191397897135831e-01
4.948000000000000000e+03 1.000000000000000000e+00 1.000000000000000000e+00 1.000000000000000000e+00 3.408409599632575837e-01 5.025637642598892452e-01
4.948000000000000000e+03 1.003709786789197089e+00 8.975972163270797832e-01 1.019263980907065825e+00 3.408409599632575837e-01 5.025637642598892452e-01
4.949000000000000000e+03 1.000000000000000000e+00 1.000000000000000000e+00 1.000000000000000000e+00 8.191382861693796702e-01 4.948592594435445857e-01
4.949000000000000000e+03 1.007419573578393956e+00 7.951944326541595665e-01 1.038527961814131650e+00 8.191382861693796702e-01 4.948592594435445857e-01
4.950000000000000000e+03 1.000000000000000000e+00 1.000000000000000000e+00 1.000000000000000000e+00 4.961477475918276703e-01 2.608513368969389568e-01
4.950000000000000000e+03 1.011129360367590824e+00 6.927916489812394607e-01 1.057791942721197476e+00 4.961477475918276703e-01 2.608513368969389568e-01
4.951000000000000000e+03 1.000000000000000000e+00 1.000000000000000000e+00 1.000000000000000000e+00 5.012752761116062716e-01 5.791694169704237893e-01
4.951000000000000000e+03 1.014839147156787913e+00 5.903888653083192439e-01 1.077055923628263301e+00 5.012752761116062716e-01 5.791694169704237893e-01
4.952000000000000000e+03 1.000000000000000000e+00 1.000000000000000000e+00 1.000000000000000000e+00 5.235247478882256722e-01 5.543030537759441323e-01
4.952000000000000000e+03 1.003709786789197089e+00 8.975972163270797832e-01 1.019263980907065825e+00 5.235247478882256722e-01 5.543030537759441323e-01
4.953000000000000000e+03 1.000000000000000000e+00 1.000000000000000000e+00 1.000000000000000000e+00 4.128730294383931021e-01 2.988815612298202362e-01
4.953000000000000000e+03 1.007419573578393956e+00 7.951944326541595665e-01 1.038527961814131650e+00 4.128730294383931021e-01 2.988815612298202362e-01
4.954000000000000000e+03 1.000000000000000000e+00 1.000000000000000000e+00 1.000000000000000000e+00 7.745261312672975240e-01 3.810719181017024892e-01
4.954000000000000000e+03 1.011129360367590824e+00 6.927916489812394607e-01 1.057791942721197476e+00 7.745261312672975240e-01 3.810719181017024892e-01
4.955000000000000000e+03 1.000000000000000000e+00 1.000000000000000000e+00 1.000000000000000000e+00 3.722892537269381075e-01 5.553258592249162851e-01
4.955000000000000000e+03 1.014839147156787913e+00 5.903888653083192439e-01 1.077055923628263301e+00 3.722892537269381075e-01 5.553258592249162851e-01
4.956000000000000000e+03 1.000000000000000000e+00 1.000000000000000000e+00 1.000000000000000000e+00 4.635263033530971910e-01 5.922294956372817776e-01
4.956000000000000000e+03 1.003709786789197089e+00 8.975972163270797832e-01 1.019263980907065825e+00 4.635263033530971910e-01 5.922294956372817776e-01
4.957000000000000000e+03 1.000000000000000000e+00 1.000000000000000000e+00 1.000000000000000000e+00 5.953142880079558275e-01 2.589827870998959725e-01
4.957000000000000000e+03 1.007419573578393956e+00 7.951944326541595665e-01 1.038527961814131650e+00 5.953142880079558275e-01 2.589827870998959725e-01
4.958000000000000000e+03 1.000000000000000000e+00 1.000000000000000000e+00 1.000000000000000000e+00 3.333766457313070974e-01 4.341060076725706818e-01
4.958000000000000000e+03 1.011129360367590824e+00 6.927916489812394607e-01 1.057791942721197476e+00 3.333766457313070974e-01 4.341060076725706818e-01
4.959000000000000000e+03 1.000000000000000000e+00 1.000000000000000000e+00 1.000000000000000000e+00 5.178356370058705416e-01 5.070534009663761887e-01
4.959000000000000000e+03 1.014839147156787913e+00 5.903888653083192439e-01 1.077055923628263301e+00 5.178356370058705416e-01 5.070534009663761887e-01
