3.640000000000000000e+03 1.000000000000000000e+00 1.000000000000000000e+00 1.000000000000000000e+00 5.285032620119165525e-01 5.357258966219976548e-01
3.640000000000000000e+03 1.019570550971947265e+00 9.983831671824376919e-01 8.954615216698434965e-01 5.285032620119165525e-01 5.357258966219976548e-01
3.641000000000000000e+03 1.000000000000000000e+00 1.000000000000000000e+00 1.000000000000000000e+00 3.717109591839723448e-01 3.392029302466328389e-01
3.641000000000000000e+03 1.039141101943894530e+00 9.967663343648753838e-01 7.909230433396869930e-01 3.717109591839723448e-01 3.392029302466328389e-01
3.642000000000000000e+03 1.000000000000000000e+00 1.000000000000000000e+00 1.000000000000000000e+00 7.233326563190518588e-01 3.218180697819167935e-01
3.642000000000000000e+03 1.058711652915841794e+00 9.951495015473129646e-01 6.863845650095304896e-01 7.233326563190518588e-01 3.218180697819167935e-01
3.643000000000000000e+03 1.000000000000000000e+00 1.000000000000000000e+00 1.000000000000000000e+00 4.017385168123176475e-01 5.783961514139721594e-01
3.643000000000000000e+03 1.078282203887789059e+00 9.935326687297506565e-01 5.818460866793739861e-01 4.017385168123176475e-01 5.783961514139721594e-01
3.644000000000000000e+03 1.000000000000000000e+00 1.000000000000000000e+00 1.000000000000000000e+00 4.904229576407339031e-01 5.851663424975761529e-01
3.644000000000000000e+03 1.019570550971947265e+00 9.983831671824376919e-01 8.954615216698434965e-01 4.904229576407339031e-01 5.851663424975761529e-01
3.645000000000000000e+03 1.000000000000000000e+00 1.000000000000000000e+00 1.000000000000000000e+00 5.274565161530463397e-01 2.558357819919079290e-01
3.645000000000000000e+03 1.039141101943894530e+00 9.967663343648753838e-01 7.909230433396869930e-01 5.274565161530463397e-01 2.558357819919079290e-01
3.646000000000000000e+03 1.000000000000000000e+00 1.000000000000000000e+00 1.000000000000000000e+00 3.353347197471658325e-01 4.814832207438438649e-01
3.646000000000000000e+03 1.058711652915841794e+00 9.951495015473129646e-01 6.863845650095304896e-01 3.353347197471658325e-01 4.814832207438438649e-01
3.647000000000000000e+03 1.000000000000000000e+00 1.000000000000000000e+00 1.000000000000000000e+00 5.056674047423181939e-01 5.006373054623759478e-01
3.647000000000000000e+03 1.078282203887789059e+00 9.935326687297506565e-01 5.818460866793739861e-01 5.056674047423181939e-01 5.006373054623759478e-01
3.648000000000000000e+03 1.000000000000000000e+00 1.000000000000000000e+00 1.000000000000000000e+00 5.080969484364924460e-01 5.013155553133209485e-01
3.648000000000000000e+03 1.019570550971947265e+00 9.983831671824376919e-01 8.954615216698434965e-01 5.080969484364924460e-01 5.013155553133209485e-01
3.649000000000000000e+03 1.000000000000000000e+00 1.000000000000000000e+00 1.000000000000000000e+00 3.339740001545873360e-01 4.730248515278105970e-01
3.649000000000000000e+03 1.039141101943894530e+00 9.967663343648753838e-01 7.909230433396869930e-01 3.339740001545873360e-01 4.730248515278105970e-01
3.650000000000000000e+03 1.000000000000000000e+00 1.000000000000000000e+00 1.000000000000000000e+00 5.398049450516236858e-01 2.550094744501272270e-01
3.650000000000000000e+03 1.058711652915841794e+00 9.951495015473129646e-01 6.863845650095304896e-01 5.398049450516236858e-01 2.550094744501272270e-01
3.651000000000000000e+03 1.000000000000000000e+00 1.000000000000000000e+00 1.000000000000000000e+00 4.858546481072448242e-01 5.870614741409525550e-01
3.651000000000000000e+03 1.078282203887789059e+00 9.935326687297506565e-01 5.818460866793739861e-01 4.858546481072448242e-01 5.870614741409525550e-01
3.652000000000000000e+03 1.000000000000000000e+00 1.000000000000000000e+00 1.000000000000000000e+00 3.959817731285155129e-01 5.749416422176483188e-01
3.652000000000000000e+03 1.019570550971947265e+00 9.983831671824376919e-01 8.954615216698434965e-01 3.959817731285155129e-01 5.749416422176483188e-01
3.653000000000000000e+03 1.000000000000000000e+00 1.000000000000000000e+00 1.000000000000000000e+00 7.338350023942146194e-01 3.315297269098692601e-01
3.653000000000000000e+03 1.039141101943894530e+00 9.967663343648753838e-01 7.909230433396869930e-01 7.338350023942146194e-01 3.315297269098692601e-01
3.654000000000000000e+03 1.000000000000000000e+00 1.000000000000000000e+00 1.000000000000000000e+00 3.782940423461104706e-01 3.310733853671503635e-01
3.654000000000000000e+03 1.058711652915841794e+00 9.951495015473129646e-01 6.863845650095304896e-01 3.782940423461104706e-01 3.310733853671503635e-01
3.655000000000000000e+03 1.000000000000000000e+00 1.000000000000000000e+00 1.000000000000000000e+00 5.281773267814070527e-01 5.391098391101194487e-01
3.655000000000000000e+03 1.078282203887789059e+00 9.935326687297506565e-01 5.818460866793739861e-01 5.281773267814070527e-01 5.391098391101194487e-01
3.656000000000000000e+03 1.000000000000000000e+00 1.000000000000000000e+00 1.000000000000000000e+00 5.156570753407275776e-01 5.663816409223243475e-01
3.656000000000000000e+03 1.019570550971947265e+00 9.983831671824376919e-01 8.954615216698434965e-01 5.156570753407275776e-01 5.663816409223243475e-01
3.657000000000000000e+03 1.000000000000000000e+00 1.000000000000000000e+00 1.000000000000000000e+00 4.476124661279892725e-01 2.778914397089239374e-01
3.657000000000000000e+03 1.039141101943894530e+00 9.967663343648753838e-01 7.909230433396869930e-01 4.476124661279892725e-01 2.778914397089239374e-01
3.658000000000000000e+03 1.000000000000000000e+00 1.000000000000000000e+00 1.000000000000000000e+00 7.999720199754518646e-01 4.292472368623476697e-01
3.658000000000000000e+03 1.058711652915841794e+00 9.951495015473129646e-01 6.863845650095304896e-01 7.999720199754518646e-01 4.292472368623476697e-01
3.659000000000000000e+03 1.000000000000000000e+00 1.000000000000000000e+00 1.000000000000000000e+00 3.557548993932997949e-01 5.340223046063691248e-01
3.659000000000000000e+03 1.078282203887789059e+00 9.935326687297506565e-01 5.818460866793739861e-01 3.557548993932997949e-01 5.340223046063691248e-01
