3.880000000000000000e+03 1.000000000000000000e+00 1.000000000000000000e+00 1.000000000000000000e+00 5.054982700173602517e-01 5.761298344463707810e-01
3.880000000000000000e+03 9.145801205124676203e-01 1.004510176892426054e+00 1.018276009088518341e+00 5.054982700173602517e-01 5.761298344463707810e-01
3.881000000000000000e+03 1.000000000000000000e+00 1.000000000000000000e+00 1.000000000000000000e+00 4.829761854631375306e-01 2.642858247694251927e-01
3.881000000000000000e+03 8.291602410249352406e-01 1.009020353784852109e+00 1.036552018177036683e+00 4.829761854631375306e-01 2.642858247694251927e-01
3.882000000000000000e+03 1.000000000000000000e+00 1.000000000000000000e+00 1.000000000000000000e+00 8.155063456226768759e-01 4.772134132033863940e-01
3.882000000000000000e+03 7.437403615374027499e-01 1.013530530677278385e+00 1.054828027265554802e+00 8.155063456226768759e-01 4.772134132033863940e-01
3.883000000000000000e+03 1.000000000000000000e+00 1.000000000000000000e+00 1.000000000000000000e+00 3.440779951615271504e-01 5.112610422771114438e-01
3.883000000000000000e+03 6.583204820498703702e-01 1.018040707569704439e+00 1.073104036354073143e+00 3.440779951615271504e-01 5.112610422771114438e-01
3.884000000000000000e+03 1.000000000000000000e+00 1.000000000000000000e+00 1.000000000000000000e+00 4.238825971131601200e-01 5.879680262582838157e-01
3.884000000000000000e+03 9.145801205124676203e-01 1.004510176892426054e+00 1.018276009088518341e+00 4.238825971131601200e-01 5.879680262582838157e-01
3.885000000000000000e+03 1.000000000000000000e+00 1.000000000000000000e+00 1.000000000000000000e+00 6.808107817399280393e-01 2.910390135154130586e-01
3.885000000000000000e+03 8.291602410249352406e-01 1.009020353784852109e+00 1.036552018177036683e+00 6.808107817399280393e-01 2.910390135154130586e-01
3.886000000000000000e+03 1.000000000000000000e+00 1.000000000000000000e+00 1.000000000000000000e+00 3.515354936285645659e-01 3.715359076866160404e-01
3.886000000000000000e+03 7.437403615374027499e-01 1.013530530677278385e+00 1.054828027265554802e+00 3.515354936285645659e-01 3.715359076866160404e-01
3.887000000000000000e+03 1.000000000000000000e+00 1.000000000000000000e+00 1.000000000000000000e+00 5.274715461451322529e-01 5.237707134602959114e-01
3.887000000000000000e+03 6.583204820498703702e-01 1.018040707569704439e+00 1.073104036354073143e+00 5.274715461451322529e-01 5.237707134602959114e-01
3.888000000000000000e+03 1.000000000000000000e+00 1.000000000000000000e+00 1.000000000000000000e+00 5.228878255191000690e-01 5.130122099976467398e-01
3.888000000000000000e+03 9.145801205124676203e-01 1.004510176892426054e+00 1.018276009088518341e+00 5.228878255191000690e-01 5.130122099976467398e-01
3.889000000000000000e+03 1.000000000000000000e+00 1.000000000000000000e+00 1.000000000000000000e+00 3.380193950651229073e-01 4.079106206397996592e-01
3.889000000000000000e+03 8.291602410249352406e-01 1.009020353784852109e+00 1.036552018177036683e+00 3.380193950651229073e-01 4.079106206397996592e-01
3.890000000000000000e+03 1.000000000000000000e+00 1.000000000000000000e+00 1.000000000000000000e+00 6.316279640414771412e-01 2.684730053572342845e-01
3.890000000000000000e+03 7.437403615374027499e-01 1.013530530677278385e+00 1.054828027265554802e+00 6.316279640414771412e-01 2.684730053572342845e-01
3.891000000000000000e+03 1.000000000000000000e+00 1.000000000000000000e+00 1.000000000000000000e+00 4.474492053210764597e-01 5.924342152269885808e-01
3.891000000000000000e+03 6.583204820498703702e-01 1.018040707569704439e+00 1.073104036354073143e+00 4.474492053210764597e-01 5.924342152269885808e-01
3.892000000000000000e+03 1.000000000000000000e+00 1.000000000000000000e+00 1.000000000000000000e+00 3.589127537670609436e-01 5.388111983378721659e-01
3.892000000000000000e+03 9.145801205124676203e-01 1.004510176892426054e+00 1.018276009088518341e+00 3.589127537670609436e-01 5.388111983378721659e-01
3.893000000000000000e+03 1.000000000000000000e+00 1.000000000000000000e+00 1.000000000000000000e+00 7.953566964652183380e-01 4.187513568164459299e-01
3.893000000000000000e+03 8.291602410249352406e-01 1.009020353784852109e+00 1.036552018177036683e+00 7.953566964652183380e-01 4.187513568164459299e-01
3.894000000000000000e+03 1.000000000000000000e+00 1.000000000000000000e+00 1.000000000000000000e+00 4.399700792392868820e-01 2.817780286509212750e-01
3.894000000000000000e+03 7.437403615374027499e-01 1.013530530677278385e+00 1.054828027265554802e+00 4.399700792392868820e-01 2.817780286509212750e-01
3.895000000000000000e+03 1.000000000000000000e+00 1.000000000000000000e+00 1.000000000000000000e+00 5.175924759150312138e-01 5.639525211167993879e-01
3.895000000000000000e+03 6.583204820498703702e-01 1.018040707569704439e+00 1.073104036354073143e+00 5.175924759150312138e-01 5.639525211167993879e-01
3.896000000000000000e+03 1.000000000000000000e+00 1.000000000000000000e+00 1.000000000000000000e+00 5.284464675348520268e-01 5.365662911819647496e-01
3.896000000000000000e+03 9.145801205124676203e-01 1.004510176892426054e+00 1.018276009088518341e+00 5.284464675348520268e-01 5.365662911819647496e-01
3.897000000000000000e+03 1.000000000000000000e+00 1.000000000000000000e+00 1.000000000000000000e+00 3.733100830361817390e-01 3.371474283110135195e-01
3.897000000000000000e+03 8.291602410249352406e-01 1.009020353784852109e+00 1.036552018177036683e+00 3.733100830361817390e-01 3.371474283110135195e-01
3.898000000000000000e+03 1.000000000000000000e+00 1.000000000000000000e+00 1.000000000000000000e+00 7.259957119424972349e-01 3.241883583216986775e-01
3.898000000000000000e+03 7.437403615374027499e-01 1.013530530677278385e+00 1.054828027265554802e+00 7.259957119424972349e-01 3.241883583216986775e-01
3.899000000000000000e+03 1.000000000000000000e+00 1.000000000000000000e+00 1.000000000000000000e+00 4.002905685645243294e-01 5.775681922493350884e-01
3.899000000000000000e+03 6.583204820498703702e-01 1.018040707569704439e+00 1.073104036354073143e+00 4.002905685645243294e-01 5.775681922493350884e-01
