2.200000000000000000e+03 1.000000000000000000e+00 1.000000000000000000e+00 1.000000000000000000e+00 5.263923615446528537e-01 5.470930567731269178e-01
2.200000000000000000e+03 9.049286979652664265e-01 1.006908705562056250e+00 1.000000490898649286e+00 5.263923615446528537e-01 5.470930567731269178e-01
2.201000000000000000e+03 1.000000000000000000e+00 1.000000000000000000e+00 1.000000000000000000e+00 3.953854149481849101e-01 3.133315738037705245e-01
2.201000000000000000e+03 8.098573959305329639e-01 1.013817411124112500e+00 1.000000981797298572e+00 3.953854149481849101e-01 3.133315738037705245e-01
2.202000000000000000e+03 1.000000000000000000e+00 1.000000000000000000e+00 1.000000000000000000e+00 7.564561109077807544e-01 3.562743031946038474e-01
2.202000000000000000e+03 7.147860938957995014e-01 1.020726116686168972e+00 1.000001472695948079e+00 7.564561109077807544e-01 3.562743031946038474e-01
2.203000000000000000e+03 1.000000000000000000e+00 1.000000000000000000e+00 1.000000000000000000e+00 3.831192585153217478e-01 5.655034732982339163e-01
2.203000000000000000e+03 6.197147918610659278e-01 1.027634822248225221e+00 1.000001963594597365e+00 3.831192585153217478e-01 5.655034732982339163e-01
2.204000000000000000e+03 1.000000000000000000e+00 1.000000000000000000e+00 1.000000000000000000e+00 4.745165916475976298e-01 5.904635763326065989e-01
2.204000000000000000e+03 9.049286979652664265e-01 1.006908705562056250e+00 1.000000490898649286e+00 4.745165916475976298e-01 5.904635763326065989e-01
2.205000000000000000e+03 1.000000000000000000e+00 1.000000000000000000e+00 1.000000000000000000e+00 5.688666338766914521e-01 2.555302687802959438e-01
2.205000000000000000e+03 8.098573959305329639e-01 1.013817411124112500e+00 1.000000981797298572e+00 5.688666338766914521e-01 2.555302687802959438e-01
2.206000000000000000e+03 1.000000000000000000e+00 1.000000000000000000e+00 1.000000000000000000e+00 3.325333462238446725e-01 4.528249788854530333e-01
2.206000000000000000e+03 7.147860938957995014e-01 1.020726116686168972e+00 1.000001472695948079e+00 3.325333462238446725e-01 4.528249788854530333e-01
2.207000000000000000e+03 1.000000000000000000e+00 1.000000000000000000e+00 1.000000000000000000e+00 5.134604988890578703e-01 5.037917955902576628e-01
2.207000000000000000e+03 6.197147918610659278e-01 1.027634822248225221e+00 1.000001963594597365e+00 5.134604988890578703e-01 5.037917955902576628e-01
2.208000000000000000e+03 1.000000000000000000e+00 1.000000000000000000e+00 1.000000000000000000e+00 5.176806554927130266e-01 5.069138206144375713e-01
2.208000000000000000e+03 9.049286979652664265e-01 1.006908705562056250e+00 1.000000490898649286e+00 5.176806554927130266e-01 5.069138206144375713e-01
2.209000000000000000e+03 1.000000000000000000e+00 1.000000000000000000e+00 1.000000000000000000e+00 3.333070710542981319e-01 4.348166130548296593e-01
2.209000000000000000e+03 8.098573959305329639e-01 1.013817411124112500e+00 1.000000981797298572e+00 3.333070710542981319e-01 4.348166130548296593e-01
2.210000000000000000e+03 1.000000000000000000e+00 1.000000000000000000e+00 1.000000000000000000e+00 5.943181701105366699e-01 2.588009343278036556e-01
2.210000000000000000e+03 7.147860938957995014e-01 1.020726116686168972e+00 1.000001472695948079e+00 5.943181701105366699e-01 2.588009343278036556e-01
2.211000000000000000e+03 1.000000000000000000e+00 1.000000000000000000e+00 1.000000000000000000e+00 4.639513962201960995e-01 5.921867922192074474e-01
2.211000000000000000e+03 6.197147918610659278e-01 1.027634822248225221e+00 1.000001963594597365e+00 4.639513962201960995e-01 5.921867922192074474e-01
2.212000000000000000e+03 1.000000000000000000e+00 1.000000000000000000e+00 1.000000000000000000e+00 3.726812832689835320e-01 5.557368896163734640e-01
2.212000000000000000e+03 9.049286979652664265e-01 1.006908705562056250e+00 1.000000490898649286e+00 3.726812832689835320e-01 5.557368896163734640e-01
2.213000000000000000e+03 1.000000000000000000e+00 1.000000000000000000e+00 1.000000000000000000e+00 7.738891112589095789e-01 3.800983268342543187e-01
2.213000000000000000e+03 8.098573959305329639e-01 1.013817411124112500e+00 1.000000981797298572e+00 7.738891112589095789e-01 3.800983268342543187e-01
2.214000000000000000e+03 1.000000000000000000e+00 1.000000000000000000e+00 1.000000000000000000e+00 4.121807186089403996e-01 2.993960860050369766e-01
2.214000000000000000e+03 7.147860938957995014e-01 1.020726116686168972e+00 1.000001472695948079e+00 4.121807186089403996e-01 2.993960860050369766e-01
2.215000000000000000e+03 1.000000000000000000e+00 1.000000000000000000e+00 1.000000000000000000e+00 5.236544978416874940e-01 5.540335194670699126e-01
2.215000000000000000e+03 6.197147918610659278e-01 1.027634822248225221e+00 1.000001963594597365e+00 5.236544978416874940e-01 5.540335194670699126e-01
2.216000000000000000e+03 1.000000000000000000e+00 1.000000000000000000e+00 1.000000000000000000e+00 5.015749822863735385e-01 5.789686705278633827e-01
2.216000000000000000e+03 9.049286979652664265e-01 1.006908705562056250e+00 1.000000490898649286e+00 5.015749822863735385e-01 5.789686705278633827e-01
2.217000000000000000e+03 1.000000000000000000e+00 1.000000000000000000e+00 1.000000000000000000e+00 4.952345491453840620e-01 2.610631422900751564e-01
2.217000000000000000e+03 8.098573959305329639e-01 1.013817411124112500e+00 1.000000981797298572e+00 4.952345491453840620e-01 2.610631422900751564e-01
2.218000000000000000e+03 1.000000000000000000e+00 1.000000000000000000e+00 1.000000000000000000e+00 8.189209513009555463e-01 4.936393148612628345e-01
2.218000000000000000e+03 7.147860938957995014e-01 1.020726116686168972e+00 1.000001472695948079e+00 8.189209513009555463e-01 4.936393148612628345e-01
2.219000000000000000e+03 1.000000000000000000e+00 1.000000000000000000e+00 1.000000000000000000e+00 3.410472358811058591e-01 5.031702165704946550e-01
2.219000000000000000e+03 6.197147918610659278e-01 1.027634822248225221e+00 1.000001963594597365e+00 3.410472358811058591e-01 5.031702165704946550e-01
