1.020000000000000000e+03 1.000000000000000000e+00 1.000000000000000000e+00 1.000000000000000000e+00 4.995072117641147780e-01 5.803109881398839098e-01
1.020000000000000000e+03 8.876411661624967753e-01 9.835037757239837308e-01 1.002608315450092213e+00 4.995072117641147780e-01 5.803109881398839098e-01
1.021000000000000000e+03 1.000000000000000000e+00 1.000000000000000000e+00 1.000000000000000000e+00 5.014745297797498225e-01 2.596920238148999194e-01
1.021000000000000000e+03 7.752823323249934395e-01 9.670075514479675727e-01 1.005216630900184649e+00 5.014745297797498225e-01 2.596920238148999194e-01
1.022000000000000000e+03 1.000000000000000000e+00 1.000000000000000000e+00 1.000000000000000000e+00 3.396905178375080325e-01 4.990163409921823945e-01
1.022000000000000000e+03 6.629234984874901038e-01 9.505113271719514145e-01 1.007824946350277084e+00 3.396905178375080325e-01 4.990163409921823945e-01
1.023000000000000000e+03 1.000000000000000000e+00 1.000000000000000000e+00 1.000000000000000000e+00 5.003124941172758522e-01 5.000019174639528385e-01
1.023000000000000000e+03 5.505646646499868790e-01 9.340151028959351454e-01 1.010433261800369298e+00 5.003124941172758522e-01 5.000019174639528385e-01
1.024000000000000000e+03 1.000000000000000000e+00 1.000000000000000000e+00 1.000000000000000000e+00 5.004687301458837778e-01 5.000043142600540946e-01
1.024000000000000000e+03 8.876411661624967753e-01 9.835037757239837308e-01 1.002608315450092213e+00 5.004687301458837778e-01 5.000043142600540946e-01
1.025000000000000000e+03 1.000000000000000000e+00 1.000000000000000000e+00 1.000000000000000000e+00 3.395380467258020118e-01 4.985230849748163440e-01
1.025000000000000000e+03 7.752823323249934395e-01 9.670075514479675727e-01 1.005216630900184649e+00 3.395380467258020118e-01 4.985230849748163440e-01
1.026000000000000000e+03 1.000000000000000000e+00 1.000000000000000000e+00 1.000000000000000000e+00 5.022132154077484367e-01 2.595414351616449622e-01
1.026000000000000000e+03 6.629234984874901038e-01 9.505113271719514145e-01 1.007824946350277084e+00 5.022132154077484367e-01 2.595414351616449622e-01
1.027000000000000000e+03 1.000000000000000000e+00 1.000000000000000000e+00 1.000000000000000000e+00 4.992593853573811247e-01 5.804653417100408275e-01
1.027000000000000000e+03 5.505646646499868790e-01 9.340151028959351454e-01 1.010433261800369298e+00 4.992593853573811247e-01 5.804653417100408275e-01
1.028000000000000000e+03 1.000000000000000000e+00 1.000000000000000000e+00 1.000000000000000000e+00 4.140353228390637463e-01 5.843966468953507576e-01
1.028000000000000000e+03 8.876411661624967753e-01 9.835037757239837308e-01 1.002608315450092213e+00 4.140353228390637463e-01 5.843966468953507576e-01
1.029000000000000000e+03 1.000000000000000000e+00 1.000000000000000000e+00 1.000000000000000000e+00 7.001382561658631154e-01 3.035123460737295664e-01
1.029000000000000000e+03 7.752823323249934395e-01 9.670075514479675727e-01 1.005216630900184649e+00 7.001382561658631154e-01 3.035123460737295664e-01
1.030000000000000000e+03 1.000000000000000000e+00 1.000000000000000000e+00 1.000000000000000000e+00 3.595578495891894044e-01 3.569485333366002600e-01
1.030000000000000000e+03 6.629234984874901038e-01 9.505113271719514145e-01 1.007824946350277084e+00 3.595578495891894044e-01 3.569485333366002600e-01
1.031000000000000000e+03 1.000000000000000000e+00 1.000000000000000000e+00 1.000000000000000000e+00 5.283511433798908641e-01 5.288778876584727673e-01
1.031000000000000000e+03 5.505646646499868790e-01 9.340151028959351454e-01 1.010433261800369298e+00 5.283511433798908641e-01 5.288778876584727673e-01
1.032000000000000000e+03 1.000000000000000000e+00 1.000000000000000000e+00 1.000000000000000000e+00 5.226252331828054043e-01 5.560764527229227205e-01
1.032000000000000000e+03 8.876411661624967753e-01 9.835037757239837308e-01 1.002608315450092213e+00 5.226252331828054043e-01 5.560764527229227205e-01
1.033000000000000000e+03 1.000000000000000000e+00 1.000000000000000000e+00 1.000000000000000000e+00 4.175085167417612597e-01 2.955455431730131810e-01
1.033000000000000000e+03 7.752823323249934395e-01 9.670075514479675727e-01 1.005216630900184649e+00 4.175085167417612597e-01 2.955455431730131810e-01
1.034000000000000000e+03 1.000000000000000000e+00 1.000000000000000000e+00 1.000000000000000000e+00 7.786434588790189792e-01 3.875753917040445362e-01
1.034000000000000000e+03 6.629234984874901038e-01 9.505113271719514145e-01 1.007824946350277084e+00 7.786434588790189792e-01 3.875753917040445362e-01
1.035000000000000000e+03 1.000000000000000000e+00 1.000000000000000000e+00 1.000000000000000000e+00 3.697345452250452302e-01 5.525583582205220168e-01
1.035000000000000000e+03 5.505646646499868790e-01 9.340151028959351454e-01 1.010433261800369298e+00 3.697345452250452302e-01 5.525583582205220168e-01
1.036000000000000000e+03 1.000000000000000000e+00 1.000000000000000000e+00 1.000000000000000000e+00 4.606996004521329291e-01 5.924632268631184751e-01
1.036000000000000000e+03 8.876411661624967753e-01 9.835037757239837308e-01 1.002608315450092213e+00 4.606996004521329291e-01 5.924632268631184751e-01
1.037000000000000000e+03 1.000000000000000000e+00 1.000000000000000000e+00 1.000000000000000000e+00 6.018876610362275947e-01 2.602858488634237633e-01
1.037000000000000000e+03 7.752823323249934395e-01 9.670075514479675727e-01 1.005216630900184649e+00 6.018876610362275947e-01 2.602858488634237633e-01
1.038000000000000000e+03 1.000000000000000000e+00 1.000000000000000000e+00 1.000000000000000000e+00 3.339113110001526996e-01 4.294059697079526394e-01
1.038000000000000000e+03 6.629234984874901038e-01 9.505113271719514145e-01 1.007824946350277084e+00 3.339113110001526996e-01 4.294059697079526394e-01
1.039000000000000000e+03 1.000000000000000000e+00 1.000000000000000000e+00 1.000000000000000000e+00 5.188377647263896497e-01 5.080067688036867812e-01
1.039000000000000000e+03 5.505646646499868790e-01 9.340151028959351454e-01 1.010433261800369298e+00 5.188377647263896497e-01 5.080067688036867812e-01
