2.700000000000000000e+03 1.000000000000000000e+00 1.000000000000000000e+00 1.000000000000000000e+00 4.506821722270908936e-01 5.926085941869182472e-01
2.700000000000000000e+03 9.108549496878890483e-01 1.011882071736247335e+00 9.979166377105783692e-01 4.506821722270908936e-01 5.926085941869182472e-01
2.701000000000000000e+03 1.000000000000000000e+00 1.000000000000000000e+00 1.000000000000000000e+00 6.245247609664443811e-01 2.661684714163516929e-01
2.701000000000000000e+03 8.217098993757780967e-01 1.023764143472494670e+00 9.958332754211567384e-01 6.245247609664443811e-01 2.661684714163516929e-01
2.702000000000000000e+03 1.000000000000000000e+00 1.000000000000000000e+00 1.000000000000000000e+00 3.367799386147167784e-01 4.130787056303232285e-01
2.702000000000000000e+03 7.325648490636671450e-01 1.035646215208742005e+00 9.937499131317349965e-01 3.367799386147167784e-01 4.130787056303232285e-01
2.703000000000000000e+03 1.000000000000000000e+00 1.000000000000000000e+00 1.000000000000000000e+00 5.219971269885531617e-01 5.117143611761414412e-01
2.703000000000000000e+03 6.434197987515561934e-01 1.047528286944989340e+00 9.916665508423133657e-01 5.219971269885531617e-01 5.117143611761414412e-01
2.704000000000000000e+03 1.000000000000000000e+00 1.000000000000000000e+00 1.000000000000000000e+00 5.270289267735351890e-01 5.221127671490136679e-01
2.704000000000000000e+03 9.108549496878890483e-01 1.011882071736247335e+00 9.979166377105783692e-01 5.270289267735351890e-01 5.221127671490136679e-01
2.705000000000000000e+03 1.000000000000000000e+00 1.000000000000000000e+00 1.000000000000000000e+00 3.491338427293732005e-01 3.765741520429771172e-01
2.705000000000000000e+03 8.217098993757780967e-01 1.023764143472494670e+00 9.958332754211567384e-01 3.491338427293732005e-01 3.765741520429771172e-01
2.706000000000000000e+03 1.000000000000000000e+00 1.000000000000000000e+00 1.000000000000000000e+00 6.740823883610274070e-01 2.872152274808273953e-01
2.706000000000000000e+03 7.325648490636671450e-01 1.035646215208742005e+00 9.937499131317349965e-01 6.740823883610274070e-01 2.872152274808273953e-01
2.707000000000000000e+03 1.000000000000000000e+00 1.000000000000000000e+00 1.000000000000000000e+00 4.272306924469816969e-01 5.889475420220809943e-01
2.707000000000000000e+03 6.434197987515561934e-01 1.047528286944989340e+00 9.916665508423133657e-01 4.272306924469816969e-01 5.889475420220809943e-01
2.708000000000000000e+03 1.000000000000000000e+00 1.000000000000000000e+00 1.000000000000000000e+00 3.458475910557977095e-01 5.154214840471029735e-01
2.708000000000000000e+03 9.108549496878890483e-01 1.011882071736247335e+00 9.979166377105783692e-01 3.458475910557977095e-01 5.154214840471029735e-01
2.709000000000000000e+03 1.000000000000000000e+00 1.000000000000000000e+00 1.000000000000000000e+00 8.133577208543012471e-01 4.686515369672859532e-01
2.709000000000000000e+03 8.217098993757780967e-01 1.023764143472494670e+00 9.958332754211567384e-01 8.133577208543012471e-01 4.686515369672859532e-01
2.710000000000000000e+03 1.000000000000000000e+00 1.000000000000000000e+00 1.000000000000000000e+00 4.766150264600915176e-01 2.662449351007482035e-01
2.710000000000000000e+03 7.325648490636671450e-01 1.035646215208742005e+00 9.937499131317349965e-01 4.766150264600915176e-01 2.662449351007482035e-01
2.711000000000000000e+03 1.000000000000000000e+00 1.000000000000000000e+00 1.000000000000000000e+00 5.074579945542974091e-01 5.745497529891527844e-01
2.711000000000000000e+03 6.434197987515561934e-01 1.047528286944989340e+00 9.916665508423133657e-01 5.074579945542974091e-01 5.745497529891527844e-01
2.712000000000000000e+03 1.000000000000000000e+00 1.000000000000000000e+00 1.000000000000000000e+00 5.259642632391476891e-01 5.483969977164272480e-01
2.712000000000000000e+03 9.108549496878890483e-01 1.011882071736247335e+00 9.979166377105783692e-01 5.259642632391476891e-01 5.483969977164272480e-01
2.713000000000000000e+03 1.000000000000000000e+00 1.000000000000000000e+00 1.000000000000000000e+00 3.983958916487973512e-01 3.106114641281771949e-01
2.713000000000000000e+03 8.217098993757780967e-01 1.023764143472494670e+00 9.958332754211567384e-01 3.983958916487973512e-01 3.106114641281771949e-01
2.714000000000000000e+03 1.000000000000000000e+00 1.000000000000000000e+00 1.000000000000000000e+00 7.598843049495205282e-01 3.605759690927698990e-01
2.714000000000000000e+03 7.325648490636671450e-01 1.035646215208742005e+00 9.937499131317349965e-01 7.598843049495205282e-01 3.605759690927698990e-01
2.715000000000000000e+03 1.000000000000000000e+00 1.000000000000000000e+00 1.000000000000000000e+00 3.811072332058749734e-01 5.637841857951750857e-01
2.715000000000000000e+03 6.434197987515561934e-01 1.047528286944989340e+00 9.916665508423133657e-01 3.811072332058749734e-01 5.637841857951750857e-01
2.716000000000000000e+03 1.000000000000000000e+00 1.000000000000000000e+00 1.000000000000000000e+00 4.725850050023164273e-01 5.908767319108285676e-01
2.716000000000000000e+03 9.108549496878890483e-01 1.011882071736247335e+00 9.979166377105783692e-01 4.725850050023164273e-01 5.908767319108285676e-01
2.717000000000000000e+03 1.000000000000000000e+00 1.000000000000000000e+00 1.000000000000000000e+00 5.736256203106514517e-01 2.559417479629352288e-01
2.717000000000000000e+03 8.217098993757780967e-01 1.023764143472494670e+00 9.958332754211567384e-01 5.736256203106514517e-01 2.559417479629352288e-01
2.718000000000000000e+03 1.000000000000000000e+00 1.000000000000000000e+00 1.000000000000000000e+00 3.325325080260533861e-01 4.494796923458324045e-01
2.718000000000000000e+03 7.325648490636671450e-01 1.035646215208742005e+00 9.937499131317349965e-01 3.325325080260533861e-01 4.494796923458324045e-01
2.719000000000000000e+03 1.000000000000000000e+00 1.000000000000000000e+00 1.000000000000000000e+00 5.142859718477105213e-01 5.043096823411996610e-01
2.719000000000000000e+03 6.434197987515561934e-01 1.047528286944989340e+00 9.916665508423133657e-01 5.142859718477105213e-01 5.043096823411996610e-01
