2.600000000000000000e+02 1.000000000000000000e+00 1.000000000000000000e+00 1.000000000000000000e+00 4.107077606399247016e-01 5.829482466063208301e-01
2.600000000000000000e+02 9.082114561662243402e-01 9.884873244704071027e-01 9.960353357631217541e-01 4.107077606399247016e-01 5.829482466063208301e-01
2.610000000000000000e+02 1.000000000000000000e+00 1.000000000000000000e+00 1.000000000000000000e+00 7.065169228276613200e-01 3.081555937464066641e-01
2.610000000000000000e+02 8.164229123324486803e-01 9.769746489408142054e-01 9.920706715262436193e-01 7.065169228276613200e-01 3.081555937464066641e-01
2.620000000000000000e+02 1.000000000000000000e+00 1.000000000000000000e+00 1.000000000000000000e+00 3.626036735700428615e-01 3.520954189061317186e-01
2.620000000000000000e+02 7.246343684986729095e-01 9.654619734112214191e-01 9.881060072893654844e-01 3.626036735700428615e-01 3.520954189061317186e-01
2.630000000000000000e+02 1.000000000000000000e+00 1.000000000000000000e+00 1.000000000000000000e+00 5.285001667826846328e-01 5.306798976262823153e-01
2.630000000000000000e+02 6.328458246648972496e-01 9.539492978816285218e-01 9.841413430524872386e-01 5.285001667826846328e-01 5.306798976262823153e-01
2.640000000000000000e+02 1.000000000000000000e+00 1.000000000000000000e+00 1.000000000000000000e+00 5.215584058404337808e-01 5.579978513620905689e-01
2.640000000000000000e+02 9.082114561662243402e-01 9.884873244704071027e-01 9.960353357631217541e-01 5.215584058404337808e-01 5.579978513620905689e-01
2.650000000000000000e+02 1.000000000000000000e+00 1.000000000000000000e+00 1.000000000000000000e+00 4.226946053196566355e-01 2.920279067318974353e-01
2.650000000000000000e+02 8.164229123324486803e-01 9.769746489408142054e-01 9.920706715262436193e-01 4.226946053196566355e-01 2.920279067318974353e-01
2.660000000000000000e+02 1.000000000000000000e+00 1.000000000000000000e+00 1.000000000000000000e+00 7.829592142211085903e-01 3.948211108997018437e-01
2.660000000000000000e+02 7.246343684986729095e-01 9.654619734112214191e-01 9.881060072893654844e-01 7.829592142211085903e-01 3.948211108997018437e-01
2.670000000000000000e+02 1.000000000000000000e+00 1.000000000000000000e+00 1.000000000000000000e+00 3.670150276849034610e-01 5.494319002603885727e-01
2.670000000000000000e+02 6.328458246648972496e-01 9.539492978816285218e-01 9.841413430524872386e-01 3.670150276849034610e-01 5.494319002603885727e-01
2.680000000000000000e+02 1.000000000000000000e+00 1.000000000000000000e+00 1.000000000000000000e+00 4.575762385650532504e-01 5.926214882773469528e-01
2.680000000000000000e+02 9.082114561662243402e-01 9.884873244704071027e-01 9.960353357631217541e-01 4.575762385650532504e-01 5.926214882773469528e-01
2.690000000000000000e+02 1.000000000000000000e+00 1.000000000000000000e+00 1.000000000000000000e+00 6.090524910505686895e-01 2.619116344281693931e-01
2.690000000000000000e+02 8.164229123324486803e-01 9.769746489408142054e-01 9.920706715262436193e-01 6.090524910505686895e-01 2.619116344281693931e-01
2.700000000000000000e+02 1.000000000000000000e+00 1.000000000000000000e+00 1.000000000000000000e+00 3.346450730754112479e-01 4.242618737572422805e-01
2.700000000000000000e+02 7.246343684986729095e-01 9.654619734112214191e-01 9.881060072893654844e-01 3.346450730754112479e-01 4.242618737572422805e-01
2.710000000000000000e+02 1.000000000000000000e+00 1.000000000000000000e+00 1.000000000000000000e+00 5.198880496301051535e-01 5.091093966271358351e-01
2.710000000000000000e+02 6.328458246648972496e-01 9.539492978816285218e-01 9.841413430524872386e-01 5.198880496301051535e-01 5.091093966271358351e-01
2.720000000000000000e+02 1.000000000000000000e+00 1.000000000000000000e+00 1.000000000000000000e+00 5.258333231943014274e-01 5.186723067064239467e-01
2.720000000000000000e+02 9.082114561662243402e-01 9.884873244704071027e-01 9.960353357631217541e-01 5.258333231943014274e-01 5.186723067064239467e-01
2.730000000000000000e+02 1.000000000000000000e+00 1.000000000000000000e+00 1.000000000000000000e+00 3.444935250852833586e-01 3.876000361005457751e-01
2.730000000000000000e+02 8.164229123324486803e-01 9.769746489408142054e-01 9.920706715262436193e-01 3.444935250852833586e-01 3.876000361005457751e-01
2.740000000000000000e+02 1.000000000000000000e+00 1.000000000000000000e+00 1.000000000000000000e+00 6.592637924959693363e-01 2.796569492250757794e-01
2.740000000000000000e+02 7.246343684986729095e-01 9.654619734112214191e-01 9.881060072893654844e-01 6.592637924959693363e-01 2.796569492250757794e-01
2.750000000000000000e+02 1.000000000000000000e+00 1.000000000000000000e+00 1.000000000000000000e+00 4.344638646970608864e-01 5.906698990545090622e-01
2.750000000000000000e+02 6.328458246648972496e-01 9.539492978816285218e-01 9.841413430524872386e-01 4.344638646970608864e-01 5.906698990545090622e-01
2.760000000000000000e+02 1.000000000000000000e+00 1.000000000000000000e+00 1.000000000000000000e+00 3.500535971172752392e-01 5.241265805188302096e-01
2.760000000000000000e+02 9.082114561662243402e-01 9.884873244704071027e-01 9.960353357631217541e-01 3.500535971172752392e-01 5.241265805188302096e-01
2.770000000000000000e+02 1.000000000000000000e+00 1.000000000000000000e+00 1.000000000000000000e+00 8.079146297879820082e-01 4.504561165477519169e-01
2.770000000000000000e+02 8.164229123324486803e-01 9.769746489408142054e-01 9.920706715262436193e-01 8.079146297879820082e-01 4.504561165477519169e-01
2.780000000000000000e+02 1.000000000000000000e+00 1.000000000000000000e+00 1.000000000000000000e+00 4.631647680144608814e-01 2.710694836646466155e-01
2.780000000000000000e+02 7.246343684986729095e-01 9.654619734112214191e-01 9.881060072893654844e-01 4.631647680144608814e-01 2.710694836646466155e-01
2.790000000000000000e+02 1.000000000000000000e+00 1.000000000000000000e+00 1.000000000000000000e+00 5.114179290521212451e-01 5.709622894300960816e-01
2.790000000000000000e+02 6.328458246648972496e-01 9.539492978816285218e-01 9.841413430524872386e-01 5.114179290521212451e-01 5.709622894300960816e-01
