1.920000000000000000e+03 1.000000000000000000e+00 1.000000000000000000e+00 1.000000000000000000e+00 5.026526380795413029e-01 5.001384748405569569e-01
1.920000000000000000e+03 1.013226480416048680e+00 1.006573749763581604e+00 8.977582765240599283e-01 5.026526380795413029e-01 5.001384748405569569e-01
1.921000000000000000e+03 1.000000000000000000e+00 1.000000000000000000e+00 1.000000000000000000e+00 3.375649270116162226e-01 4.915204524105976636e-01
1.921000000000000000e+03 1.026452960832097139e+00 1.013147499527163209e+00 7.955165530481198566e-01 3.375649270116162226e-01 4.915204524105976636e-01
1.922000000000000000e+03 1.000000000000000000e+00 1.000000000000000000e+00 1.000000000000000000e+00 5.126500839638249429e-01 2.576737095571949854e-01
1.922000000000000000e+03 1.039679441248145597e+00 1.019721249290744813e+00 6.932748295721796739e-01 5.126500839638249429e-01 2.576737095571949854e-01
1.923000000000000000e+03 1.000000000000000000e+00 1.000000000000000000e+00 1.000000000000000000e+00 4.956909887850203256e-01 5.825438555339625957e-01
1.923000000000000000e+03 1.052905921664194278e+00 1.026294999054326418e+00 5.910331060962396021e-01 4.956909887850203256e-01 5.825438555339625957e-01
1.924000000000000000e+03 1.000000000000000000e+00 1.000000000000000000e+00 1.000000000000000000e+00 4.088654308709264718e-01 5.820916924768920753e-01
1.924000000000000000e+03 1.013226480416048680e+00 1.006573749763581604e+00 8.977582765240599283e-01 4.088654308709264718e-01 5.820916924768920753e-01
1.925000000000000000e+03 1.000000000000000000e+00 1.000000000000000000e+00 1.000000000000000000e+00 7.100158414706929655e-01 3.108230933876461322e-01
1.925000000000000000e+03 1.026452960832097139e+00 1.013147499527163209e+00 7.955165530481198566e-01 7.100158414706929655e-01 3.108230933876461322e-01
1.926000000000000000e+03 1.000000000000000000e+00 1.000000000000000000e+00 1.000000000000000000e+00 3.643657004553770284e-01 3.494247947001167254e-01
1.926000000000000000e+03 1.039679441248145597e+00 1.019721249290744813e+00 6.932748295721796739e-01 3.643657004553770284e-01 3.494247947001167254e-01
1.927000000000000000e+03 1.000000000000000000e+00 1.000000000000000000e+00 1.000000000000000000e+00 5.285490854091612345e-01 5.316939329582638374e-01
1.927000000000000000e+03 1.052905921664194278e+00 1.026294999054326418e+00 5.910331060962396021e-01 5.285490854091612345e-01 5.316939329582638374e-01
1.928000000000000000e+03 1.000000000000000000e+00 1.000000000000000000e+00 1.000000000000000000e+00 5.209271656606634382e-01 5.590581019122156103e-01
1.928000000000000000e+03 1.013226480416048680e+00 1.006573749763581604e+00 8.977582765240599283e-01 5.209271656606634382e-01 5.590581019122156103e-01
1.929000000000000000e+03 1.000000000000000000e+00 1.000000000000000000e+00 1.000000000000000000e+00 4.256328901086149918e-01 2.901301864715528644e-01
1.929000000000000000e+03 1.026452960832097139e+00 1.013147499527163209e+00 7.955165530481198566e-01 4.256328901086149918e-01 2.901301864715528644e-01
1.930000000000000000e+03 1.000000000000000000e+00 1.000000000000000000e+00 1.000000000000000000e+00 7.852756693365628982e-01 3.989129179932541791e-01
1.930000000000000000e+03 1.039679441248145597e+00 1.019721249290744813e+00 6.932748295721796739e-01 7.852756693365628982e-01 3.989129179932541791e-01
1.931000000000000000e+03 1.000000000000000000e+00 1.000000000000000000e+00 1.000000000000000000e+00 3.655360422796685715e-01 5.476471377760241399e-01
1.931000000000000000e+03 1.052905921664194278e+00 1.026294999054326418e+00 5.910331060962396021e-01 3.655360422796685715e-01 5.476471377760241399e-01
1.932000000000000000e+03 1.000000000000000000e+00 1.000000000000000000e+00 1.000000000000000000e+00 4.558242971499321117e-01 5.926650578252936619e-01
1.932000000000000000e+03 1.013226480416048680e+00 1.006573749763581604e+00 8.977582765240599283e-01 4.558242971499321117e-01 5.926650578252936619e-01
1.933000000000000000e+03 1.000000000000000000e+00 1.000000000000000000e+00 1.000000000000000000e+00 6.130279398644808975e-01 2.629072112567449326e-01
1.933000000000000000e+03 1.026452960832097139e+00 1.013147499527163209e+00 7.955165530481198566e-01 6.130279398644808975e-01 2.629072112567449326e-01
1.934000000000000000e+03 1.000000000000000000e+00 1.000000000000000000e+00 1.000000000000000000e+00 3.351210767157256631e-01 4.213981786427255516e-01
1.934000000000000000e+03 1.039679441248145597e+00 1.019721249290744813e+00 6.932748295721796739e-01 3.351210767157256631e-01 4.213981786427255516e-01
1.935000000000000000e+03 1.000000000000000000e+00 1.000000000000000000e+00 1.000000000000000000e+00 5.204511923663128758e-01 5.097495843428612172e-01
1.935000000000000000e+03 1.052905921664194278e+00 1.026294999054326418e+00 5.910331060962396021e-01 5.204511923663128758e-01 5.097495843428612172e-01
1.936000000000000000e+03 1.000000000000000000e+00 1.000000000000000000e+00 1.000000000000000000e+00 5.261699406078338415e-01 5.195336855878492921e-01
1.936000000000000000e+03 1.013226480416048680e+00 1.006573749763581604e+00 8.977582765240599283e-01 5.261699406078338415e-01 5.195336855878492921e-01
1.937000000000000000e+03 1.000000000000000000e+00 1.000000000000000000e+00 1.000000000000000000e+00 3.456098719164637512e-01 3.847606012927359265e-01
1.937000000000000000e+03 1.026452960832097139e+00 1.013147499527163209e+00 7.955165530481198566e-01 3.456098719164637512e-01 3.847606012927359265e-01
1.938000000000000000e+03 1.000000000000000000e+00 1.000000000000000000e+00 1.000000000000000000e+00 6.630922552669713532e-01 2.814997781786124920e-01
1.938000000000000000e+03 1.039679441248145597e+00 1.019721249290744813e+00 6.932748295721796739e-01 6.630922552669713532e-01 2.814997781786124920e-01
1.939000000000000000e+03 1.000000000000000000e+00 1.000000000000000000e+00 1.000000000000000000e+00 4.326134578524433172e-01 5.902800343456849896e-01
1.939000000000000000e+03 1.052905921664194278e+00 1.026294999054326418e+00 5.910331060962396021e-01 4.326134578524433172e-01 5.902800343456849896e-01
