9.600000000000000000e+02 1.000000000000000000e+00 1.000000000000000000e+00 1.000000000000000000e+00 5.052836242820257784e-01 5.005531461799452853e-01
9.600000000000000000e+02 9.191971226149628915e-01 1.009421384917358111e+00 1.008329685446252677e+00 5.052836242820257784e-01 5.005531461799452853e-01
9.610000000000000000e+02 1.000000000000000000e+00 1.000000000000000000e+00 1.000000000000000000e+00 3.355860444004933885e-01 4.827873924005260386e-01
9.610000000000000000e+02 8.383942452299256720e-01 1.018842769834716444e+00 1.016659370892505354e+00 3.355860444004933885e-01 4.827873924005260386e-01
9.620000000000000000e+02 1.000000000000000000e+00 1.000000000000000000e+00 1.000000000000000000e+00 5.255423383092384659e-01 2.560208787417529441e-01
9.620000000000000000e+02 7.575913678448884525e-01 1.028264154752074777e+00 1.024989056338757809e+00 5.255423383092384659e-01 2.560208787417529441e-01
9.630000000000000000e+02 1.000000000000000000e+00 1.000000000000000000e+00 1.000000000000000000e+00 4.911171231102903212e-01 5.848487899407661672e-01
9.630000000000000000e+02 6.767884904598513440e-01 1.037685539669432888e+00 1.033318741785010486e+00 4.911171231102903212e-01 5.848487899407661672e-01
9.640000000000000000e+02 1.000000000000000000e+00 1.000000000000000000e+00 1.000000000000000000e+00 4.026461641453230600e-01 5.789015418140268654e-01
9.640000000000000000e+02 9.191971226149628915e-01 1.009421384917358111e+00 1.008329685446252677e+00 4.026461641453230600e-01 5.789015418140268654e-01
9.650000000000000000e+02 1.000000000000000000e+00 1.000000000000000000e+00 1.000000000000000000e+00 7.216559903623942507e-01 3.203563399595849015e-01
9.650000000000000000e+02 8.383942452299256720e-01 1.018842769834716444e+00 1.016659370892505354e+00 7.216559903623942507e-01 3.203563399595849015e-01
9.660000000000000000e+02 1.000000000000000000e+00 1.000000000000000000e+00 1.000000000000000000e+00 3.707273990727790736e-01 3.404950868914644602e-01
9.660000000000000000e+02 7.575913678448884525e-01 1.028264154752074777e+00 1.024989056338757809e+00 3.707273990727790736e-01 3.404950868914644602e-01
9.670000000000000000e+02 1.000000000000000000e+00 1.000000000000000000e+00 1.000000000000000000e+00 5.285304827008325823e-01 5.352027586008183402e-01
9.670000000000000000e+02 6.767884904598513440e-01 1.037685539669432888e+00 1.033318741785010486e+00 5.285304827008325823e-01 5.352027586008183402e-01
9.680000000000000000e+02 1.000000000000000000e+00 1.000000000000000000e+00 1.000000000000000000e+00 5.185753672741112430e-01 5.626153207041366677e-01
9.680000000000000000e+02 9.191971226149628915e-01 1.009421384917358111e+00 1.008329685446252677e+00 5.185753672741112430e-01 5.626153207041366677e-01
9.690000000000000000e+02 1.000000000000000000e+00 1.000000000000000000e+00 1.000000000000000000e+00 4.359194267720852278e-01 2.839921233125239919e-01
9.690000000000000000e+02 8.383942452299256720e-01 1.018842769834716444e+00 1.016659370892505354e+00 4.359194267720852278e-01 2.839921233125239919e-01
9.700000000000000000e+02 1.000000000000000000e+00 1.000000000000000000e+00 1.000000000000000000e+00 7.927041546791457893e-01 4.131668237951834355e-01
9.700000000000000000e+02 7.575913678448884525e-01 1.028264154752074777e+00 1.024989056338757809e+00 7.927041546791457893e-01 4.131668237951834355e-01
9.710000000000000000e+02 1.000000000000000000e+00 1.000000000000000000e+00 1.000000000000000000e+00 3.606884013041936621e-01 5.413279702510129798e-01
9.710000000000000000e+02 6.767884904598513440e-01 1.037685539669432888e+00 1.033318741785010486e+00 3.606884013041936621e-01 5.413279702510129798e-01
9.720000000000000000e+02 1.000000000000000000e+00 1.000000000000000000e+00 1.000000000000000000e+00 4.497870810839564304e-01 5.925709750957655064e-01
9.720000000000000000e+02 9.191971226149628915e-01 1.009421384917358111e+00 1.008329685446252677e+00 4.497870810839564304e-01 5.925709750957655064e-01
9.730000000000000000e+02 1.000000000000000000e+00 1.000000000000000000e+00 1.000000000000000000e+00 6.265007957261751192e-01 2.667870686756531606e-01
9.730000000000000000e+02 8.383942452299256720e-01 1.018842769834716444e+00 1.016659370892505354e+00 6.265007957261751192e-01 2.667870686756531606e-01
9.740000000000000000e+02 1.000000000000000000e+00 1.000000000000000000e+00 1.000000000000000000e+00 3.371080467899438271e-01 4.116431426788906833e-01
9.740000000000000000e+02 7.575913678448884525e-01 1.028264154752074777e+00 1.024989056338757809e+00 3.371080467899438271e-01 4.116431426788906833e-01
9.750000000000000000e+02 1.000000000000000000e+00 1.000000000000000000e+00 1.000000000000000000e+00 5.222499969814747844e-01 5.120689805109778225e-01
9.750000000000000000e+02 6.767884904598513440e-01 1.037685539669432888e+00 1.033318741785010486e+00 5.222499969814747844e-01 5.120689805109778225e-01
9.760000000000000000e+02 1.000000000000000000e+00 1.000000000000000000e+00 1.000000000000000000e+00 5.271589616106094889e-01 5.225690819592521130e-01
9.760000000000000000e+02 9.191971226149628915e-01 1.009421384917358111e+00 1.008329685446252677e+00 5.271589616106094889e-01 5.225690819592521130e-01
9.770000000000000000e+02 1.000000000000000000e+00 1.000000000000000000e+00 1.000000000000000000e+00 3.497845043660977038e-01 3.751710068625437877e-01
9.770000000000000000e+02 8.383942452299256720e-01 1.018842769834716444e+00 1.016659370892505354e+00 3.497845043660977038e-01 3.751710068625437877e-01
9.780000000000000000e+02 1.000000000000000000e+00 1.000000000000000000e+00 1.000000000000000000e+00 6.759589487265582619e-01 2.882562373544513279e-01
9.780000000000000000e+02 7.575913678448884525e-01 1.028264154752074777e+00 1.024989056338757809e+00 6.759589487265582619e-01 2.882562373544513279e-01
9.790000000000000000e+02 1.000000000000000000e+00 1.000000000000000000e+00 1.000000000000000000e+00 4.263009624516458373e-01 5.886872286222558648e-01
9.790000000000000000e+02 6.767884904598513440e-01 1.037685539669432888e+00 1.033318741785010486e+00 4.263009624516458373e-01 5.886872286222558648e-01
