5.600000000000000000e+02 1.000000000000000000e+00 1.000000000000000000e+00 1.000000000000000000e+00 5.226459010027244556e-01 5.126458322788500777e-01
5.600000000000000000e+02 1.005079821225333347e+00 9.290350552006909624e-01 1.011691498099084985e+00 5.226459010027244556e-01 5.126458322788500777e-01
5.610000000000000000e+02 1.000000000000000000e+00 1.000000000000000000e+00 1.000000000000000000e+00 3.376589024503491299e-01 4.093461420974002229e-01
5.610000000000000000e+02 1.010159642450666473e+00 8.580701104013820357e-01 1.023382996198169970e+00 3.376589024503491299e-01 4.093461420974002229e-01
5.620000000000000000e+02 1.000000000000000000e+00 1.000000000000000000e+00 1.000000000000000000e+00 6.296578707144746545e-01 2.678113041768859781e-01
5.620000000000000000e+02 1.015239463675999598e+00 7.871051656020731091e-01 1.035074494297254732e+00 6.296578707144746545e-01 2.678113041768859781e-01
5.630000000000000000e+02 1.000000000000000000e+00 1.000000000000000000e+00 1.000000000000000000e+00 4.483501549092751004e-01 5.924934992761876629e-01
5.630000000000000000e+02 1.020319284901332946e+00 7.161402208027640715e-01 1.046765992396339717e+00 4.483501549092751004e-01 5.924934992761876629e-01
5.640000000000000000e+02 1.000000000000000000e+00 1.000000000000000000e+00 1.000000000000000000e+00 3.595904075644867914e-01 5.397856790609769639e-01
5.640000000000000000e+02 1.005079821225333347e+00 9.290350552006909624e-01 1.011691498099084985e+00 3.595904075644867914e-01 5.397856790609769639e-01
5.650000000000000000e+02 1.000000000000000000e+00 1.000000000000000000e+00 1.000000000000000000e+00 7.943490171185598747e-01 4.165949040670312575e-01
5.650000000000000000e+02 1.010159642450666473e+00 8.580701104013820357e-01 1.023382996198169970e+00 7.943490171185598747e-01 4.165949040670312575e-01
5.660000000000000000e+02 1.000000000000000000e+00 1.000000000000000000e+00 1.000000000000000000e+00 4.384046125030272023e-01 2.826206952229634028e-01
5.660000000000000000e+02 1.015239463675999598e+00 7.871051656020731091e-01 1.035074494297254732e+00 4.384046125030272023e-01 2.826206952229634028e-01
5.670000000000000000e+02 1.000000000000000000e+00 1.000000000000000000e+00 1.000000000000000000e+00 5.179759706249810192e-01 5.634398800939899310e-01
5.670000000000000000e+02 1.020319284901332946e+00 7.161402208027640715e-01 1.046765992396339717e+00 5.179759706249810192e-01 5.634398800939899310e-01
5.680000000000000000e+02 1.000000000000000000e+00 1.000000000000000000e+00 1.000000000000000000e+00 5.284838781653761197e-01 5.360405686818342508e-01
5.680000000000000000e+02 1.005079821225333347e+00 9.290350552006909624e-01 1.011691498099084985e+00 5.284838781653761197e-01 5.360405686818342508e-01
5.690000000000000000e+02 1.000000000000000000e+00 1.000000000000000000e+00 1.000000000000000000e+00 3.723069679524976250e-01 3.384303757732737838e-01
5.690000000000000000e+02 1.010159642450666473e+00 8.580701104013820357e-01 1.023382996198169970e+00 3.723069679524976250e-01 3.384303757732737838e-01
5.700000000000000000e+02 1.000000000000000000e+00 1.000000000000000000e+00 1.000000000000000000e+00 7.243341519991722821e-01 3.227023910114343863e-01
5.700000000000000000e+02 1.015239463675999598e+00 7.871051656020731091e-01 1.035074494297254732e+00 7.243341519991722821e-01 3.227023910114343863e-01
5.710000000000000000e+02 1.000000000000000000e+00 1.000000000000000000e+00 1.000000000000000000e+00 4.011949035457197388e-01 5.780884551064392474e-01
5.710000000000000000e+02 1.020319284901332946e+00 7.161402208027640715e-01 1.046765992396339717e+00 4.011949035457197388e-01 5.780884551064392474e-01
5.720000000000000000e+02 1.000000000000000000e+00 1.000000000000000000e+00 1.000000000000000000e+00 4.900038676560081741e-01 5.853541518873651706e-01
5.720000000000000000e+02 1.005079821225333347e+00 9.290350552006909624e-01 1.011691498099084985e+00 4.900038676560081741e-01 5.853541518873651706e-01
5.730000000000000000e+02 1.000000000000000000e+00 1.000000000000000000e+00 1.000000000000000000e+00 5.286071132898965130e-01 2.557319362350677361e-01
5.730000000000000000e+02 1.010159642450666473e+00 8.580701104013820357e-01 1.023382996198169970e+00 5.286071132898965130e-01 2.557319362350677361e-01
5.740000000000000000e+02 1.000000000000000000e+00 1.000000000000000000e+00 1.000000000000000000e+00 3.351888921738512828e-01 4.806983771830558583e-01
5.740000000000000000e+02 1.015239463675999598e+00 7.871051656020731091e-01 1.035074494297254732e+00 3.351888921738512828e-01 4.806983771830558583e-01
5.750000000000000000e+02 1.000000000000000000e+00 1.000000000000000000e+00 1.000000000000000000e+00 5.058971959485816239e-01 5.006906418710393991e-01
5.750000000000000000e+02 1.020319284901332946e+00 7.161402208027640715e-01 1.046765992396339717e+00 5.058971959485816239e-01 5.006906418710393991e-01
5.760000000000000000e+02 1.000000000000000000e+00 1.000000000000000000e+00 1.000000000000000000e+00 5.083219745705013226e-01 5.013914544541341334e-01
5.760000000000000000e+02 1.005079821225333347e+00 9.290350552006909624e-01 1.011691498099084985e+00 5.083219745705013226e-01 5.013914544541341334e-01
5.770000000000000000e+02 1.000000000000000000e+00 1.000000000000000000e+00 1.000000000000000000e+00 3.338687298703629236e-01 4.722224462674706746e-01
5.770000000000000000e+02 1.010159642450666473e+00 8.580701104013820357e-01 1.023382996198169970e+00 3.338687298703629236e-01 4.722224462674706746e-01
5.780000000000000000e+02 1.000000000000000000e+00 1.000000000000000000e+00 1.000000000000000000e+00 5.409706033717267548e-01 2.549640820907950189e-01
5.780000000000000000e+02 1.015239463675999598e+00 7.871051656020731091e-01 1.035074494297254732e+00 5.409706033717267548e-01 2.549640820907950189e-01
5.790000000000000000e+02 1.000000000000000000e+00 1.000000000000000000e+00 1.000000000000000000e+00 4.854154959066682706e-01 5.872266223500691718e-01
5.790000000000000000e+02 1.020319284901332946e+00 7.161402208027640715e-01 1.046765992396339717e+00 4.854154959066682706e-01 5.872266223500691718e-01
