1.660000000000000000e+03 1.000000000000000000e+00 1.000000000000000000e+00 1.000000000000000000e+00 4.946381340178728214e-01 5.831084652412268365e-01
1.660000000000000000e+03 1.007196556073513660e+00 9.943145139087252726e-01 9.148877878435180966e-01 4.946381340178728214e-01 5.831084652412268365e-01
1.661000000000000000e+03 1.000000000000000000e+00 1.000000000000000000e+00 1.000000000000000000e+00 5.156630869309042353e-01 2.572234889669978153e-01
1.661000000000000000e+03 1.014393112147027320e+00 9.886290278174505453e-01 8.297755756870361932e-01 5.156630869309042353e-01 2.572234889669978153e-01
1.662000000000000000e+03 1.000000000000000000e+00 1.000000000000000000e+00 1.000000000000000000e+00 3.370575118628854616e-01 4.894875235434842375e-01
1.662000000000000000e+03 1.021589668220540759e+00 9.829435417261757069e-01 7.446633635305542898e-01 3.370575118628854616e-01 4.894875235434842375e-01
1.663000000000000000e+03 1.000000000000000000e+00 1.000000000000000000e+00 1.000000000000000000e+00 5.032744423453391347e-01 5.002112555077385947e-01
1.663000000000000000e+03 1.028786224294054419e+00 9.772580556349009795e-01 6.595511513740723863e-01 5.032744423453391347e-01 5.002112555077385947e-01
1.664000000000000000e+03 1.000000000000000000e+00 1.000000000000000000e+00 1.000000000000000000e+00 5.045133275509587900e-01 5.004026176601396037e-01
1.664000000000000000e+03 1.007196556073513660e+00 9.943145139087252726e-01 9.148877878435180966e-01 5.045133275509587900e-01 5.004026176601396037e-01
1.665000000000000000e+03 1.000000000000000000e+00 1.000000000000000000e+00 1.000000000000000000e+00 3.361195203048409352e-01 4.853808139266564958e-01
1.665000000000000000e+03 1.014393112147027320e+00 9.886290278174505453e-01 8.297755756870361932e-01 3.361195203048409352e-01 4.853808139266564958e-01
1.666000000000000000e+03 1.000000000000000000e+00 1.000000000000000000e+00 1.000000000000000000e+00 5.217274702799453712e-01 2.564359442327406868e-01
1.666000000000000000e+03 1.021589668220540759e+00 9.829435417261757069e-01 7.446633635305542898e-01 5.217274702799453712e-01 2.564359442327406868e-01
1.667000000000000000e+03 1.000000000000000000e+00 1.000000000000000000e+00 1.000000000000000000e+00 4.924890981332584738e-01 5.841969036230589829e-01
1.667000000000000000e+03 1.028786224294054419e+00 9.772580556349009795e-01 6.595511513740723863e-01 4.924890981332584738e-01 5.841969036230589829e-01
1.668000000000000000e+03 1.000000000000000000e+00 1.000000000000000000e+00 1.000000000000000000e+00 4.044672323729923691e-01 5.798844323763188147e-01
1.668000000000000000e+03 1.007196556073513660e+00 9.943145139087252726e-01 9.148877878435180966e-01 4.044672323729923691e-01 5.798844323763188147e-01
1.669000000000000000e+03 1.000000000000000000e+00 1.000000000000000000e+00 1.000000000000000000e+00 7.182749935367387373e-01 3.174786055743076818e-01
1.669000000000000000e+03 1.014393112147027320e+00 9.886290278174505453e-01 8.297755756870361932e-01 7.182749935367387373e-01 3.174786055743076818e-01
1.670000000000000000e+03 1.000000000000000000e+00 1.000000000000000000e+00 1.000000000000000000e+00 3.687970865989943503e-01 3.430961194181267881e-01
1.670000000000000000e+03 1.021589668220540759e+00 9.829435417261757069e-01 7.446633635305542898e-01 3.687970865989943503e-01 3.430961194181267881e-01
1.671000000000000000e+03 1.000000000000000000e+00 1.000000000000000000e+00 1.000000000000000000e+00 5.285659513516322017e-01 5.341616546721420500e-01
1.671000000000000000e+03 1.028786224294054419e+00 9.772580556349009795e-01 6.595511513740723863e-01 5.285659513516322017e-01 5.341616546721420500e-01
1.672000000000000000e+03 1.000000000000000000e+00 1.000000000000000000e+00 1.000000000000000000e+00 5.192999950414407540e-01 5.615775317625094631e-01
1.672000000000000000e+03 1.007196556073513660e+00 9.943145139087252726e-01 9.148877878435180966e-01 5.192999950414407540e-01 5.615775317625094631e-01
1.673000000000000000e+03 1.000000000000000000e+00 1.000000000000000000e+00 1.000000000000000000e+00 4.328472327492727256e-01 2.857459730200336279e-01
1.673000000000000000e+03 1.014393112147027320e+00 9.886290278174505453e-01 8.297755756870361932e-01 4.328472327492727256e-01 2.857459730200336279e-01
1.674000000000000000e+03 1.000000000000000000e+00 1.000000000000000000e+00 1.000000000000000000e+00 7.905922745886948544e-01 4.089208466446294654e-01
1.674000000000000000e+03 1.021589668220540759e+00 9.829435417261757069e-01 7.446633635305542898e-01 7.905922745886948544e-01 4.089208466446294654e-01
1.675000000000000000e+03 1.000000000000000000e+00 1.000000000000000000e+00 1.000000000000000000e+00 3.620842206287621101e-01 5.432263811460840142e-01
1.675000000000000000e+03 1.028786224294054419e+00 9.772580556349009795e-01 6.595511513740723863e-01 3.620842206287621101e-01 5.432263811460840142e-01
1.676000000000000000e+03 1.000000000000000000e+00 1.000000000000000000e+00 1.000000000000000000e+00 4.515748757505946287e-01 5.926379488546251739e-01
1.676000000000000000e+03 1.007196556073513660e+00 9.943145139087252726e-01 9.148877878435180966e-01 4.515748757505946287e-01 5.926379488546251739e-01
1.677000000000000000e+03 1.000000000000000000e+00 1.000000000000000000e+00 1.000000000000000000e+00 6.225466896177029863e-01 2.655664463215539062e-01
1.677000000000000000e+03 1.014393112147027320e+00 9.886290278174505453e-01 8.297755756870361932e-01 6.225466896177029863e-01 2.655664463215539062e-01
1.678000000000000000e+03 1.000000000000000000e+00 1.000000000000000000e+00 1.000000000000000000e+00 3.364642487334643661e-01 4.145140930664458212e-01
1.678000000000000000e+03 1.021589668220540759e+00 9.829435417261757069e-01 7.446633635305542898e-01 3.364642487334643661e-01 4.145140930664458212e-01
1.679000000000000000e+03 1.000000000000000000e+00 1.000000000000000000e+00 1.000000000000000000e+00 5.217401464427147140e-01 5.113643415652565638e-01
1.679000000000000000e+03 1.028786224294054419e+00 9.772580556349009795e-01 6.595511513740723863e-01 5.217401464427147140e-01 5.113643415652565638e-01
