2.220000000000000000e+03 1.000000000000000000e+00 1.000000000000000000e+00 1.000000000000000000e+00 4.175597512307079873e-01 5.857956110590621934e-01
2.220000000000000000e+03 1.004206890772295413e+00 9.137287227059411876e-01 1.003882677115771394e+00 4.175597512307079873e-01 5.857956110590621934e-01
2.221000000000000000e+03 1.000000000000000000e+00 1.000000000000000000e+00 1.000000000000000000e+00 6.932988367400798602e-01 2.988337970506164121e-01
2.221000000000000000e+03 1.008413781544590826e+00 8.274574454118823752e-01 1.007765354231543009e+00 6.932988367400798602e-01 2.988337970506164121e-01
2.222000000000000000e+03 1.000000000000000000e+00 1.000000000000000000e+00 1.000000000000000000e+00 3.565190929957772203e-01 3.621304572453140080e-01
2.222000000000000000e+03 1.012620672316886239e+00 7.411861681178236738e-01 1.011648031347314625e+00 3.565190929957772203e-01 3.621304572453140080e-01
2.223000000000000000e+03 1.000000000000000000e+00 1.000000000000000000e+00 1.000000000000000000e+00 5.281103151139014962e-01 5.270109547838980335e-01
2.223000000000000000e+03 1.016827563089181652e+00 6.549148908237648614e-01 1.015530708463086018e+00 5.281103151139014962e-01 5.270109547838980335e-01
2.224000000000000000e+03 1.000000000000000000e+00 1.000000000000000000e+00 1.000000000000000000e+00 5.244159331615330100e-01 5.156190973488284923e-01
2.224000000000000000e+03 1.004206890772295413e+00 9.137287227059411876e-01 1.003882677115771394e+00 5.244159331615330100e-01 5.156190973488284923e-01
2.225000000000000000e+03 1.000000000000000000e+00 1.000000000000000000e+00 1.000000000000000000e+00 3.408028508955572855e-01 3.981601172862102578e-01
2.225000000000000000e+03 1.008413781544590826e+00 8.274574454118823752e-01 1.007765354231543009e+00 3.408028508955572855e-01 3.981601172862102578e-01
2.226000000000000000e+03 1.000000000000000000e+00 1.000000000000000000e+00 1.000000000000000000e+00 6.449502753962704782e-01 2.734122429241024332e-01
2.226000000000000000e+03 1.012620672316886239e+00 7.411861681178236738e-01 1.011648031347314625e+00 6.449502753962704782e-01 2.734122429241024332e-01
2.227000000000000000e+03 1.000000000000000000e+00 1.000000000000000000e+00 1.000000000000000000e+00 4.412705099686908827e-01 5.918065411329878067e-01
2.227000000000000000e+03 1.016827563089181652e+00 6.549148908237648614e-01 1.015530708463086018e+00 4.412705099686908827e-01 5.918065411329878067e-01
2.228000000000000000e+03 1.000000000000000000e+00 1.000000000000000000e+00 1.000000000000000000e+00 3.544869481056677207e-01 5.319733595754024824e-01
2.228000000000000000e+03 1.004206890772295413e+00 9.137287227059411876e-01 1.003882677115771394e+00 3.544869481056677207e-01 5.319733595754024824e-01
2.229000000000000000e+03 1.000000000000000000e+00 1.000000000000000000e+00 1.000000000000000000e+00 8.017850656749262450e-01 4.336892306655916740e-01
2.229000000000000000e+03 1.008413781544590826e+00 8.274574454118823752e-01 1.007765354231543009e+00 8.017850656749262450e-01 4.336892306655916740e-01
2.230000000000000000e+03 1.000000000000000000e+00 1.000000000000000000e+00 1.000000000000000000e+00 4.508579355450946236e-01 2.763509412153707379e-01
2.230000000000000000e+03 1.012620672316886239e+00 7.411861681178236738e-01 1.011648031347314625e+00 4.508579355450946236e-01 2.763509412153707379e-01
2.231000000000000000e+03 1.000000000000000000e+00 1.000000000000000000e+00 1.000000000000000000e+00 5.148046546958995329e-01 5.673770450040354074e-01
2.231000000000000000e+03 1.016827563089181652e+00 6.549148908237648614e-01 1.015530708463086018e+00 5.148046546958995329e-01 5.673770450040354074e-01
2.232000000000000000e+03 1.000000000000000000e+00 1.000000000000000000e+00 1.000000000000000000e+00 5.280210037177048843e-01 5.401782571149246204e-01
2.232000000000000000e+03 1.004206890772295413e+00 9.137287227059411876e-01 1.003882677115771394e+00 5.280210037177048843e-01 5.401782571149246204e-01
2.233000000000000000e+03 1.000000000000000000e+00 1.000000000000000000e+00 1.000000000000000000e+00 3.804526555903339213e-01 3.285855856739658409e-01
2.233000000000000000e+03 1.008413781544590826e+00 8.274574454118823752e-01 1.007765354231543009e+00 3.804526555903339213e-01 3.285855856739658409e-01
2.234000000000000000e+03 1.000000000000000000e+00 1.000000000000000000e+00 1.000000000000000000e+00 7.370324929315889007e-01 3.346894852443532686e-01
2.234000000000000000e+03 1.012620672316886239e+00 7.411861681178236738e-01 1.011648031347314625e+00 7.370324929315889007e-01 3.346894852443532686e-01
2.235000000000000000e+03 1.000000000000000000e+00 1.000000000000000000e+00 1.000000000000000000e+00 3.942036642795205825e-01 5.737841740636855370e-01
2.235000000000000000e+03 1.016827563089181652e+00 6.549148908237648614e-01 1.015530708463086018e+00 3.942036642795205825e-01 5.737841740636855370e-01
2.236000000000000000e+03 1.000000000000000000e+00 1.000000000000000000e+00 1.000000000000000000e+00 4.843837535471318678e-01 5.876033780219913627e-01
2.236000000000000000e+03 1.004206890772295413e+00 9.137287227059411876e-01 1.003882677115771394e+00 4.843837535471318678e-01 5.876033780219913627e-01
2.237000000000000000e+03 1.000000000000000000e+00 1.000000000000000000e+00 1.000000000000000000e+00 5.436953269932315314e-01 2.548797491166933105e-01
2.237000000000000000e+03 1.008413781544590826e+00 8.274574454118823752e-01 1.007765354231543009e+00 5.436953269932315314e-01 2.548797491166933105e-01
2.238000000000000000e+03 1.000000000000000000e+00 1.000000000000000000e+00 1.000000000000000000e+00 3.336381855473510294e-01 4.703442132769501960e-01
2.238000000000000000e+03 1.012620672316886239e+00 7.411861681178236738e-01 1.011648031347314625e+00 3.336381855473510294e-01 4.703442132769501960e-01
2.239000000000000000e+03 1.000000000000000000e+00 1.000000000000000000e+00 1.000000000000000000e+00 5.088449415913336438e-01 5.015767061826864603e-01
2.239000000000000000e+03 1.016827563089181652e+00 6.549148908237648614e-01 1.015530708463086018e+00 5.088449415913336438e-01 5.015767061826864603e-01
