1.420000000000000000e+03 1.000000000000000000e+00 1.000000000000000000e+00 1.000000000000000000e+00 4.537071810894290902e-01 5.926749154646260287e-01
1.420000000000000000e+03 8.985653286101682458e-01 1.000677381601174032e+00 1.001187331269838054e+00 4.537071810894290902e-01 5.926749154646260287e-01
1.421000000000000000e+03 1.000000000000000000e+00 1.000000000000000000e+00 1.000000000000000000e+00 6.177918333365507442e-01 2.641891668343526733e-01
1.421000000000000000e+03 7.971306572203364915e-01 1.001354763202348064e+00 1.002374662539676331e+00 6.177918333365507442e-01 2.641891668343526733e-01
1.422000000000000000e+03 1.000000000000000000e+00 1.000000000000000000e+00 1.000000000000000000e+00 3.357571256848633223e-01 4.179576738764391730e-01
1.422000000000000000e+03 6.956959858305046263e-01 1.002032144803521874e+00 1.003561993809514608e+00 3.357571256848633223e-01 4.179576738764391730e-01
1.423000000000000000e+03 1.000000000000000000e+00 1.000000000000000000e+00 1.000000000000000000e+00 5.211069566141154352e-01 5.105433116975810481e-01
1.423000000000000000e+03 5.942613144406728720e-01 1.002709526404695906e+00 1.004749325079352662e+00 5.211069566141154352e-01 5.105433116975810481e-01
1.424000000000000000e+03 1.000000000000000000e+00 1.000000000000000000e+00 1.000000000000000000e+00 5.265467965014096752e-01 5.205865887066130071e-01
1.424000000000000000e+03 8.985653286101682458e-01 1.000677381601174032e+00 1.001187331269838054e+00 5.265467965014096752e-01 5.205865887066130071e-01
1.425000000000000000e+03 1.000000000000000000e+00 1.000000000000000000e+00 1.000000000000000000e+00 3.470163680686207397e-01 3.813637981046814618e-01
1.425000000000000000e+03 7.971306572203364915e-01 1.001354763202348064e+00 1.002374662539676331e+00 3.470163680686207397e-01 3.813637981046814618e-01
1.426000000000000000e+03 1.000000000000000000e+00 1.000000000000000000e+00 1.000000000000000000e+00 6.676610084896712483e-01 2.837979503536359194e-01
1.426000000000000000e+03 6.956959858305046263e-01 1.002032144803521874e+00 1.003561993809514608e+00 6.676610084896712483e-01 2.837979503536359194e-01
1.427000000000000000e+03 1.000000000000000000e+00 1.000000000000000000e+00 1.000000000000000000e+00 4.303886046990342273e-01 5.897652142163944955e-01
1.427000000000000000e+03 5.942613144406728720e-01 1.002709526404695906e+00 1.004749325079352662e+00 4.303886046990342273e-01 5.897652142163944955e-01
1.428000000000000000e+03 1.000000000000000000e+00 1.000000000000000000e+00 1.000000000000000000e+00 3.476197461220664753e-01 5.192691013583672355e-01
1.428000000000000000e+03 8.985653286101682458e-01 1.000677381601174032e+00 1.001187331269838054e+00 3.476197461220664753e-01 5.192691013583672355e-01
1.429000000000000000e+03 1.000000000000000000e+00 1.000000000000000000e+00 1.000000000000000000e+00 8.111161439806842122e-01 4.606581012957853827e-01
1.429000000000000000e+03 7.971306572203364915e-01 1.001354763202348064e+00 1.002374662539676331e+00 8.111161439806842122e-01 4.606581012957853827e-01
1.430000000000000000e+03 1.000000000000000000e+00 1.000000000000000000e+00 1.000000000000000000e+00 4.706944999687091014e-01 2.682518010706911316e-01
1.430000000000000000e+03 6.956959858305046263e-01 1.002032144803521874e+00 1.003561993809514608e+00 4.706944999687091014e-01 2.682518010706911316e-01
1.431000000000000000e+03 1.000000000000000000e+00 1.000000000000000000e+00 1.000000000000000000e+00 5.092327026854435168e-01 5.730123088265581810e-01
1.431000000000000000e+03 5.942613144406728720e-01 1.002709526404695906e+00 1.004749325079352662e+00 5.092327026854435168e-01 5.730123088265581810e-01
1.432000000000000000e+03 1.000000000000000000e+00 1.000000000000000000e+00 1.000000000000000000e+00 5.265592007509749539e-01 5.465499612731515855e-01
1.432000000000000000e+03 8.985653286101682458e-01 1.000677381601174032e+00 1.001187331269838054e+00 5.265592007509749539e-01 5.465499612731515855e-01
1.433000000000000000e+03 1.000000000000000000e+00 1.000000000000000000e+00 1.000000000000000000e+00 3.941503573569012930e-01 3.144787257714339868e-01
1.433000000000000000e+03 7.971306572203364915e-01 1.001354763202348064e+00 1.002374662539676331e+00 3.941503573569012930e-01 3.144787257714339868e-01
1.434000000000000000e+03 1.000000000000000000e+00 1.000000000000000000e+00 1.000000000000000000e+00 7.550069307062732271e-01 3.545051364108394720e-01
1.434000000000000000e+03 6.956959858305046263e-01 1.002032144803521874e+00 1.003561993809514608e+00 7.550069307062732271e-01 3.545051364108394720e-01
1.435000000000000000e+03 1.000000000000000000e+00 1.000000000000000000e+00 1.000000000000000000e+00 3.839643822491412006e-01 5.662044216970367749e-01
1.435000000000000000e+03 5.942613144406728720e-01 1.002709526404695906e+00 1.004749325079352662e+00 3.839643822491412006e-01 5.662044216970367749e-01
1.436000000000000000e+03 1.000000000000000000e+00 1.000000000000000000e+00 1.000000000000000000e+00 4.753142105146993535e-01 5.902795759657184504e-01
1.436000000000000000e+03 8.985653286101682458e-01 1.000677381601174032e+00 1.001187331269838054e+00 4.753142105146993535e-01 5.902795759657184504e-01
1.437000000000000000e+03 1.000000000000000000e+00 1.000000000000000000e+00 1.000000000000000000e+00 5.668865381212735421e-01 2.553860571079115127e-01
1.437000000000000000e+03 7.971306572203364915e-01 1.001354763202348064e+00 1.002374662539676331e+00 5.668865381212735421e-01 2.553860571079115127e-01
1.438000000000000000e+03 1.000000000000000000e+00 1.000000000000000000e+00 1.000000000000000000e+00 3.325532405710965866e-01 4.542138361967128501e-01
1.438000000000000000e+03 6.956959858305046263e-01 1.002032144803521874e+00 1.003561993809514608e+00 3.325532405710965866e-01 4.542138361967128501e-01
1.439000000000000000e+03 1.000000000000000000e+00 1.000000000000000000e+00 1.000000000000000000e+00 5.131123925025333765e-01 5.035854151673141432e-01
1.439000000000000000e+03 5.942613144406728720e-01 1.002709526404695906e+00 1.004749325079352662e+00 5.131123925025333765e-01 5.035854151673141432e-01
