4.080000000000000000e+03 1.000000000000000000e+00 1.000000000000000000e+00 1.000000000000000000e+00 5.185379604763217243e-01 5.077120117280744527e-01
4.080000000000000000e+03 1.000349423167518514e+00 1.008478078360517838e+00 9.067269654017657832e-01 5.185379604763217243e-01 5.077120117280744527e-01
4.081000000000000000e+03 1.000000000000000000e+00 1.000000000000000000e+00 1.000000000000000000e+00 3.337354128485537919e-01 4.308319570692159539e-01
4.081000000000000000e+03 1.000698846335037029e+00 1.016956156721035676e+00 8.134539308035315663e-01 3.337354128485537919e-01 4.308319570692159539e-01
4.082000000000000000e+03 1.000000000000000000e+00 1.000000000000000000e+00 1.000000000000000000e+00 5.998960585321386763e-01 2.598720995109915499e-01
4.082000000000000000e+03 1.001048269502555321e+00 1.025434235081553291e+00 7.201808962052973495e-01 5.998960585321386763e-01 2.598720995109915499e-01
4.083000000000000000e+03 1.000000000000000000e+00 1.000000000000000000e+00 1.000000000000000000e+00 4.615599726705708061e-01 5.924012738138839662e-01
4.083000000000000000e+03 1.001397692670073836e+00 1.033912313442071129e+00 6.269078616070631327e-01 4.615599726705708061e-01 5.924012738138839662e-01
4.084000000000000000e+03 1.000000000000000000e+00 1.000000000000000000e+00 1.000000000000000000e+00 3.705026097292816178e-01 5.534069940793232556e-01
4.084000000000000000e+03 1.000349423167518514e+00 1.008478078360517838e+00 9.067269654017657832e-01 3.705026097292816178e-01 5.534069940793232556e-01
4.085000000000000000e+03 1.000000000000000000e+00 1.000000000000000000e+00 1.000000000000000000e+00 7.774118661627604787e-01 3.855904828451306443e-01
4.085000000000000000e+03 1.000698846335037029e+00 1.016956156721035676e+00 8.134539308035315663e-01 7.774118661627604787e-01 3.855904828451306443e-01
4.086000000000000000e+03 1.000000000000000000e+00 1.000000000000000000e+00 1.000000000000000000e+00 4.160917443829036944e-01 2.965453717832605696e-01
4.086000000000000000e+03 1.001048269502555321e+00 1.025434235081553291e+00 7.201808962052973495e-01 4.160917443829036944e-01 2.965453717832605696e-01
4.087000000000000000e+03 1.000000000000000000e+00 1.000000000000000000e+00 1.000000000000000000e+00 5.229057325415502611e-01 5.555401523246974449e-01
4.087000000000000000e+03 1.001397692670073836e+00 1.033912313442071129e+00 6.269078616070631327e-01 5.229057325415502611e-01 5.555401523246974449e-01
4.088000000000000000e+03 1.000000000000000000e+00 1.000000000000000000e+00 1.000000000000000000e+00 5.282960083690243502e-01 5.283829528748460458e-01
4.088000000000000000e+03 1.000349423167518514e+00 1.008478078360517838e+00 9.067269654017657832e-01 5.282960083690243502e-01 5.283829528748460458e-01
4.089000000000000000e+03 1.000000000000000000e+00 1.000000000000000000e+00 1.000000000000000000e+00 3.587405897990812997e-01 3.583065451998427298e-01
4.089000000000000000e+03 1.000698846335037029e+00 1.016956156721035676e+00 8.134539308035315663e-01 3.587405897990812997e-01 3.583065451998427298e-01
4.090000000000000000e+03 1.000000000000000000e+00 1.000000000000000000e+00 1.000000000000000000e+00 6.983487057628129380e-01 3.022588888831341247e-01
4.090000000000000000e+03 1.001048269502555321e+00 1.025434235081553291e+00 7.201808962052973495e-01 6.983487057628129380e-01 3.022588888831341247e-01
4.091000000000000000e+03 1.000000000000000000e+00 1.000000000000000000e+00 1.000000000000000000e+00 4.149617961624983420e-01 5.847777092849715252e-01
4.091000000000000000e+03 1.001397692670073836e+00 1.033912313442071129e+00 6.269078616070631327e-01 4.149617961624983420e-01 5.847777092849715252e-01
4.092000000000000000e+03 1.000000000000000000e+00 1.000000000000000000e+00 1.000000000000000000e+00 4.998771617428951486e-01 5.800780307842182681e-01
4.092000000000000000e+03 1.000349423167518514e+00 1.008478078360517838e+00 9.067269654017657832e-01 4.998771617428951486e-01 5.800780307842182681e-01
4.093000000000000000e+03 1.000000000000000000e+00 1.000000000000000000e+00 1.000000000000000000e+00 5.003682750869103968e-01 2.599221574635093845e-01
4.093000000000000000e+03 1.000698846335037029e+00 1.016956156721035676e+00 8.134539308035315663e-01 5.003682750869103968e-01 2.599221574635093845e-01
4.094000000000000000e+03 1.000000000000000000e+00 1.000000000000000000e+00 1.000000000000000000e+00 3.399220633396455304e-01 4.997544433279924037e-01
4.094000000000000000e+03 1.001048269502555321e+00 1.025434235081553291e+00 7.201808962052973495e-01 3.399220633396455304e-01 4.997544433279924037e-01
4.095000000000000000e+03 1.000000000000000000e+00 1.000000000000000000e+00 1.000000000000000000e+00 5.000781249080821222e-01 5.000001198422020510e-01
4.095000000000000000e+03 1.001397692670073836e+00 1.033912313442071129e+00 6.269078616070631327e-01 5.000781249080821222e-01 5.000001198422020510e-01
4.096000000000000000e+03 1.000000000000000000e+00 1.000000000000000000e+00 1.000000000000000000e+00 5.001171871897773791e-01 5.000002696448224704e-01
4.096000000000000000e+03 1.000349423167518514e+00 1.008478078360517838e+00 9.067269654017657832e-01 5.001171871897773791e-01 5.000002696448224704e-01
4.097000000000000000e+03 1.000000000000000000e+00 1.000000000000000000e+00 1.000000000000000000e+00 3.398832363675060586e-01 4.996315752909494812e-01
4.097000000000000000e+03 1.000698846335037029e+00 1.016956156721035676e+00 8.134539308035315663e-01 3.398832363675060586e-01 4.996315752909494812e-01
4.098000000000000000e+03 1.000000000000000000e+00 1.000000000000000000e+00 1.000000000000000000e+00 5.005525022411645431e-01 2.598834481461478330e-01
4.098000000000000000e+03 1.001048269502555321e+00 1.025434235081553291e+00 7.201808962052973495e-01 5.005525022411645431e-01 2.598834481461478330e-01
4.099000000000000000e+03 1.000000000000000000e+00 1.000000000000000000e+00 1.000000000000000000e+00 4.998156528230635054e-01 5.801169754111356047e-01
4.099000000000000000e+03 1.001397692670073836e+00 1.033912313442071129e+00 6.269078616070631327e-01 4.998156528230635054e-01 5.801169754111356047e-01
