2.520000000000000000e+03 1.000000000000000000e+00 1.000000000000000000e+00 1.000000000000000000e+00 5.254969548760759501e-01 5.497008558018670055e-01
2.520000000000000000e+03 1.006106010257478811e+00 9.149311055518212221e-01 1.011938689256971724e+00 5.254969548760759501e-01 5.497008558018670055e-01
2.521000000000000000e+03 1.000000000000000000e+00 1.000000000000000000e+00 1.000000000000000000e+00 4.014712079404225697e-01 3.079392103768414657e-01
2.521000000000000000e+03 1.012212020514957622e+00 8.298622111036424442e-01 1.023877378513943448e+00 4.014712079404225697e-01 3.079392103768414657e-01
2.522000000000000000e+03 1.000000000000000000e+00 1.000000000000000000e+00 1.000000000000000000e+00 7.632407565338044098e-01 3.649552893486718297e-01
2.522000000000000000e+03 1.018318030772436211e+00 7.447933166554637774e-01 1.035816067770915172e+00 7.632407565338044098e-01 3.649552893486718297e-01
2.523000000000000000e+03 1.000000000000000000e+00 1.000000000000000000e+00 1.000000000000000000e+00 3.791191772874872301e-01 5.620128734678266902e-01
2.523000000000000000e+03 1.024424041029915022e+00 6.597244222072849995e-01 1.047754757027886896e+00 3.791191772874872301e-01 5.620128734678266902e-01
2.524000000000000000e+03 1.000000000000000000e+00 1.000000000000000000e+00 1.000000000000000000e+00 4.706296657093713698e-01 5.912491273330728880e-01
2.524000000000000000e+03 1.006106010257478811e+00 9.149311055518212221e-01 1.011938689256971724e+00 4.706296657093713698e-01 5.912491273330728880e-01
2.525000000000000000e+03 1.000000000000000000e+00 1.000000000000000000e+00 1.000000000000000000e+00 5.783927015499662483e-01 2.564458907776578922e-01
2.525000000000000000e+03 1.012212020514957622e+00 8.298622111036424442e-01 1.023877378513943448e+00 5.783927015499662483e-01 2.564458907776578922e-01
2.526000000000000000e+03 1.000000000000000000e+00 1.000000000000000000e+00 1.000000000000000000e+00 3.325983817222925021e-01 4.461184820797025607e-01
2.526000000000000000e+03 1.018318030772436211e+00 7.447933166554637774e-01 1.035816067770915172e+00 3.325983817222925021e-01 4.461184820797025607e-01
2.527000000000000000e+03 1.000000000000000000e+00 1.000000000000000000e+00 1.000000000000000000e+00 5.150966363884382782e-01 5.048591506609597657e-01
2.527000000000000000e+03 1.024424041029915022e+00 6.597244222072849995e-01 1.047754757027886896e+00 5.150966363884382782e-01 5.048591506609597657e-01
2.528000000000000000e+03 1.000000000000000000e+00 1.000000000000000000e+00 1.000000000000000000e+00 5.106134525093892762e-01 5.022979667581501939e-01
2.528000000000000000e+03 1.006106010257478811e+00 9.149311055518212221e-01 1.011938689256971724e+00 5.106134525093892762e-01 5.022979667581501939e-01
2.529000000000000000e+03 1.000000000000000000e+00 1.000000000000000000e+00 1.000000000000000000e+00 3.330099234673786768e-01 4.638442208627733820e-01
2.529000000000000000e+03 1.012212020514957622e+00 8.298622111036424442e-01 1.023877378513943448e+00 3.330099234673786768e-01 4.638442208627733820e-01
2.530000000000000000e+03 1.000000000000000000e+00 1.000000000000000000e+00 1.000000000000000000e+00 5.530846853267648022e-01 2.548216114557627643e-01
2.530000000000000000e+03 1.018318030772436211e+00 7.447933166554637774e-01 1.035816067770915172e+00 5.530846853267648022e-01 2.548216114557627643e-01
2.531000000000000000e+03 1.000000000000000000e+00 1.000000000000000000e+00 1.000000000000000000e+00 4.807731270523115663e-01 5.888017645210052997e-01
2.531000000000000000e+03 1.024424041029915022e+00 6.597244222072849995e-01 1.047754757027886896e+00 4.807731270523115663e-01 5.888017645210052997e-01
2.532000000000000000e+03 1.000000000000000000e+00 1.000000000000000000e+00 1.000000000000000000e+00 3.899832028847252108e-01 5.708553482659360911e-01
2.532000000000000000e+03 1.006106010257478811e+00 9.149311055518212221e-01 1.011938689256971724e+00 3.899832028847252108e-01 5.708553482659360911e-01
2.533000000000000000e+03 1.000000000000000000e+00 1.000000000000000000e+00 1.000000000000000000e+00 7.445328571105480631e-01 3.425107691975641799e-01
2.533000000000000000e+03 1.012212020514957622e+00 8.298622111036424442e-01 1.023877378513943448e+00 7.445328571105480631e-01 3.425107691975641799e-01
2.534000000000000000e+03 1.000000000000000000e+00 1.000000000000000000e+00 1.000000000000000000e+00 3.858277104658140444e-01 3.227251728870885739e-01
2.534000000000000000e+03 1.018318030772436211e+00 7.447933166554637774e-01 1.035816067770915172e+00 3.858277104658140444e-01 3.227251728870885739e-01
2.535000000000000000e+03 1.000000000000000000e+00 1.000000000000000000e+00 1.000000000000000000e+00 5.275384069976861712e-01 5.427587671176381523e-01
2.535000000000000000e+03 1.024424041029915022e+00 6.597244222072849995e-01 1.047754757027886896e+00 5.275384069976861712e-01 5.427587671176381523e-01
2.536000000000000000e+03 1.000000000000000000e+00 1.000000000000000000e+00 1.000000000000000000e+00 5.126493742376305729e-01 5.697211901561282099e-01
2.536000000000000000e+03 1.006106010257478811e+00 9.149311055518212221e-01 1.011938689256971724e+00 5.126493742376305729e-01 5.697211901561282099e-01
2.537000000000000000e+03 1.000000000000000000e+00 1.000000000000000000e+00 1.000000000000000000e+00 4.587884224121298038e-01 2.728488236919967558e-01
2.537000000000000000e+03 1.012212020514957622e+00 8.298622111036424442e-01 1.023877378513943448e+00 4.587884224121298038e-01 2.728488236919967558e-01
2.538000000000000000e+03 1.000000000000000000e+00 1.000000000000000000e+00 1.000000000000000000e+00 8.058661693839407336e-01 4.445073207370099366e-01
2.538000000000000000e+03 1.018318030772436211e+00 7.447933166554637774e-01 1.035816067770915172e+00 8.058661693839407336e-01 4.445073207370099366e-01
2.539000000000000000e+03 1.000000000000000000e+00 1.000000000000000000e+00 1.000000000000000000e+00 3.515638167679342452e-01 5.269304759127503290e-01
2.539000000000000000e+03 1.024424041029915022e+00 6.597244222072849995e-01 1.047754757027886896e+00 3.515638167679342452e-01 5.269304759127503290e-01
