2.940000000000000000e+03 1.000000000000000000e+00 1.000000000000000000e+00 1.000000000000000000e+00 4.928963961161565432e-01 5.839970353442731632e-01
2.940000000000000000e+03 9.072124064430979740e-01 1.001625720809550923e+00 1.009128831772113877e+00 4.928963961161565432e-01 5.839970353442731632e-01
2.941000000000000000e+03 1.000000000000000000e+00 1.000000000000000000e+00 1.000000000000000000e+00 5.205866258987752460e-01 2.565720764397200204e-01
2.941000000000000000e+03 8.144248128861959479e-01 1.003251441619101847e+00 1.018257663544227754e+00 5.205866258987752460e-01 2.565720764397200204e-01
2.942000000000000000e+03 1.000000000000000000e+00 1.000000000000000000e+00 1.000000000000000000e+00 3.362875205477234841e-01 4.861548851086905931e-01
2.942000000000000000e+03 7.216372193292938109e-01 1.004877162428652770e+00 1.027386495316341408e+00 3.362875205477234841e-01 4.861548851086905931e-01
2.943000000000000000e+03 1.000000000000000000e+00 1.000000000000000000e+00 1.000000000000000000e+00 5.042815912362696995e-01 5.003620928763775622e-01
2.943000000000000000e+03 6.288496257723917848e-01 1.006502883238203694e+00 1.036515327088455285e+00 5.042815912362696995e-01 5.003620928763775622e-01
2.944000000000000000e+03 1.000000000000000000e+00 1.000000000000000000e+00 1.000000000000000000e+00 5.030414241508639472e-01 5.001821713483686205e-01
2.944000000000000000e+03 9.072124064430979740e-01 1.001625720809550923e+00 1.009128831772113877e+00 5.030414241508639472e-01 5.001821713483686205e-01
2.945000000000000000e+03 1.000000000000000000e+00 1.000000000000000000e+00 1.000000000000000000e+00 3.372448153114595559e-01 4.902514973321689395e-01
2.945000000000000000e+03 8.144248128861959479e-01 1.003251441619101847e+00 1.018257663544227754e+00 3.372448153114595559e-01 4.902514973321689395e-01
2.946000000000000000e+03 1.000000000000000000e+00 1.000000000000000000e+00 1.000000000000000000e+00 5.145316683275622527e-01 2.573879350426212520e-01
2.946000000000000000e+03 7.216372193292938109e-01 1.004877162428652770e+00 1.027386495316341408e+00 5.145316683275622527e-01 2.573879350426212520e-01
2.947000000000000000e+03 1.000000000000000000e+00 1.000000000000000000e+00 1.000000000000000000e+00 4.950346629919001318e-01 5.828983044197022512e-01
2.947000000000000000e+03 6.288496257723917848e-01 1.006502883238203694e+00 1.036515327088455285e+00 4.950346629919001318e-01 5.828983044197022512e-01
2.948000000000000000e+03 1.000000000000000000e+00 1.000000000000000000e+00 1.000000000000000000e+00 4.079462481086417736e-01 5.816494960792157887e-01
2.948000000000000000e+03 9.072124064430979740e-01 1.001625720809550923e+00 1.009128831772113877e+00 4.079462481086417736e-01 5.816494960792157887e-01
2.949000000000000000e+03 1.000000000000000000e+00 1.000000000000000000e+00 1.000000000000000000e+00 7.117528527634228164e-01 3.121802385428577575e-01
2.949000000000000000e+03 8.144248128861959479e-01 1.003251441619101847e+00 1.018257663544227754e+00 7.117528527634228164e-01 3.121802385428577575e-01
2.950000000000000000e+03 1.000000000000000000e+00 1.000000000000000000e+00 1.000000000000000000e+00 3.652653712318209567e-01 3.480966976726094786e-01
2.950000000000000000e+03 7.216372193292938109e-01 1.004877162428652770e+00 1.027386495316341408e+00 3.652653712318209567e-01 3.480966976726094786e-01
2.951000000000000000e+03 1.000000000000000000e+00 1.000000000000000000e+00 1.000000000000000000e+00 5.285643633902527005e-01 5.322042014553259870e-01
2.951000000000000000e+03 6.288496257723917848e-01 1.006502883238203694e+00 1.036515327088455285e+00 5.285643633902527005e-01 5.322042014553259870e-01
2.952000000000000000e+03 1.000000000000000000e+00 1.000000000000000000e+00 1.000000000000000000e+00 5.206012253923708588e-01 5.595860550766567076e-01
2.952000000000000000e+03 9.072124064430979740e-01 1.001625720809550923e+00 1.009128831772113877e+00 5.206012253923708588e-01 5.595860550766567076e-01
2.953000000000000000e+03 1.000000000000000000e+00 1.000000000000000000e+00 1.000000000000000000e+00 4.271171022364079750e-01 2.891967939977017066e-01
2.953000000000000000e+03 8.144248128861959479e-01 1.003251441619101847e+00 1.018257663544227754e+00 4.271171022364079750e-01 2.891967939977017066e-01
2.954000000000000000e+03 1.000000000000000000e+00 1.000000000000000000e+00 1.000000000000000000e+00 7.864117814651191418e-01 4.009762660507973919e-01
2.954000000000000000e+03 7.216372193292938109e-01 1.004877162428652770e+00 1.027386495316341408e+00 7.864117814651191418e-01 4.009762660507973919e-01
2.955000000000000000e+03 1.000000000000000000e+00 1.000000000000000000e+00 1.000000000000000000e+00 3.648053694605224995e-01 5.467420615779813309e-01
2.955000000000000000e+03 6.288496257723917848e-01 1.006502883238203694e+00 1.036515327088455285e+00 3.648053694605224995e-01 5.467420615779813309e-01
2.956000000000000000e+03 1.000000000000000000e+00 1.000000000000000000e+00 1.000000000000000000e+00 4.549440756203970704e-01 5.926748192637305568e-01
2.956000000000000000e+03 9.072124064430979740e-01 1.001625720809550923e+00 1.009128831772113877e+00 4.549440756203970704e-01 5.926748192637305568e-01
2.957000000000000000e+03 1.000000000000000000e+00 1.000000000000000000e+00 1.000000000000000000e+00 6.150138721653698459e-01 2.634297828195746871e-01
2.957000000000000000e+03 8.144248128861959479e-01 1.003251441619101847e+00 1.018257663544227754e+00 6.150138721653698459e-01 2.634297828195746871e-01
2.958000000000000000e+03 1.000000000000000000e+00 1.000000000000000000e+00 1.000000000000000000e+00 3.353774817779220929e-01 4.199651017275135567e-01
2.958000000000000000e+03 7.216372193292938109e-01 1.004877162428652770e+00 1.027386495316341408e+00 3.353774817779220929e-01 4.199651017275135567e-01
2.959000000000000000e+03 1.000000000000000000e+00 1.000000000000000000e+00 1.000000000000000000e+00 5.207271203053832620e-01 5.100769504867194160e-01
2.959000000000000000e+03 6.288496257723917848e-01 1.006502883238203694e+00 1.036515327088455285e+00 5.207271203053832620e-01 5.100769504867194160e-01
