3.740000000000000000e+03 1.000000000000000000e+00 1.000000000000000000e+00 1.000000000000000000e+00 4.735538198840585355e-01 5.906752026716279858e-01
3.740000000000000000e+03 9.851105996129632114e-01 9.807879061636106677e-01 8.935943920116707906e-01 4.735538198840585355e-01 5.906752026716279858e-01
3.741000000000000000e+03 1.000000000000000000e+00 1.000000000000000000e+00 1.000000000000000000e+00 5.712450030087850017e-01 2.557244540103454367e-01
3.741000000000000000e+03 9.702211992259264228e-01 9.615758123272214464e-01 7.871887840233415812e-01 5.712450030087850017e-01 2.557244540103454367e-01
3.742000000000000000e+03 1.000000000000000000e+00 1.000000000000000000e+00 1.000000000000000000e+00 3.325246256693586977e-01 4.511544084376367114e-01
3.742000000000000000e+03 9.553317988388895232e-01 9.423637184908322251e-01 6.807831760350123718e-01 3.325246256693586977e-01 4.511544084376367114e-01
3.743000000000000000e+03 1.000000000000000000e+00 1.000000000000000000e+00 1.000000000000000000e+00 5.138750310126146692e-01 5.040467686695195848e-01
3.743000000000000000e+03 9.404423984518527346e-01 9.231516246544428927e-01 5.743775680466831624e-01 5.138750310126146692e-01 5.040467686695195848e-01
3.744000000000000000e+03 1.000000000000000000e+00 1.000000000000000000e+00 1.000000000000000000e+00 5.180512432274086976e-01 5.072509785691694528e-01
3.744000000000000000e+03 9.851105996129632114e-01 9.807879061636106677e-01 8.935943920116707906e-01 5.180512432274086976e-01 5.072509785691694528e-01
3.745000000000000000e+03 1.000000000000000000e+00 1.000000000000000000e+00 1.000000000000000000e+00 3.334790936009723872e-01 4.331104507093079814e-01
3.745000000000000000e+03 9.702211992259264228e-01 9.615758123272214464e-01 7.871887840233415812e-01 3.334790936009723872e-01 4.331104507093079814e-01
3.746000000000000000e+03 1.000000000000000000e+00 1.000000000000000000e+00 1.000000000000000000e+00 5.967088346514533015e-01 2.592442620151629296e-01
3.746000000000000000e+03 9.553317988388895232e-01 9.423637184908322251e-01 6.807831760350123718e-01 5.967088346514533015e-01 2.592442620151629296e-01
3.747000000000000000e+03 1.000000000000000000e+00 1.000000000000000000e+00 1.000000000000000000e+00 4.629297360700692643e-01 5.922860748132181552e-01
3.747000000000000000e+03 9.404423984518527346e-01 9.231516246544428927e-01 5.743775680466831624e-01 4.629297360700692643e-01 5.922860748132181552e-01
3.748000000000000000e+03 1.000000000000000000e+00 1.000000000000000000e+00 1.000000000000000000e+00 3.717425698336062068e-01 5.547467412672045795e-01
3.748000000000000000e+03 9.851105996129632114e-01 9.807879061636106677e-01 8.935943920116707906e-01 3.717425698336062068e-01 5.547467412672045795e-01
3.749000000000000000e+03 1.000000000000000000e+00 1.000000000000000000e+00 1.000000000000000000e+00 7.754121735729901932e-01 3.824401908811231876e-01
3.749000000000000000e+03 9.702211992259264228e-01 9.615758123272214464e-01 7.871887840233415812e-01 7.754121735729901932e-01 3.824401908811231876e-01
3.750000000000000000e+03 1.000000000000000000e+00 1.000000000000000000e+00 1.000000000000000000e+00 4.138467248069593318e-01 2.981651981303080068e-01
3.750000000000000000e+03 9.553317988388895232e-01 9.423637184908322251e-01 6.807831760350123718e-01 4.138467248069593318e-01 2.981651981303080068e-01
3.751000000000000000e+03 1.000000000000000000e+00 1.000000000000000000e+00 1.000000000000000000e+00 5.233402073413684352e-01 5.546800584630956488e-01
3.751000000000000000e+03 9.404423984518527346e-01 9.231516246544428927e-01 5.743775680466831624e-01 5.233402073413684352e-01 5.546800584630956488e-01
3.752000000000000000e+03 1.000000000000000000e+00 1.000000000000000000e+00 1.000000000000000000e+00 5.008531405760240363e-01 5.794485445016028802e-01
3.752000000000000000e+03 9.851105996129632114e-01 9.807879061636106677e-01 8.935943920116707906e-01 5.008531405760240363e-01 5.794485445016028802e-01
3.753000000000000000e+03 1.000000000000000000e+00 1.000000000000000000e+00 1.000000000000000000e+00 4.974288339572135453e-01 2.605606795502333206e-01
3.753000000000000000e+03 9.702211992259264228e-01 9.615758123272214464e-01 7.871887840233415812e-01 4.974288339572135453e-01 2.605606795502333206e-01
3.754000000000000000e+03 1.000000000000000000e+00 1.000000000000000000e+00 1.000000000000000000e+00 8.194347084238485790e-01 4.965698212238323084e-01
3.754000000000000000e+03 9.553317988388895232e-01 9.423637184908322251e-01 6.807831760350123718e-01 8.194347084238485790e-01 4.965698212238323084e-01
3.755000000000000000e+03 1.000000000000000000e+00 1.000000000000000000e+00 1.000000000000000000e+00 3.405560675243152202e-01 5.017121533094052177e-01
3.755000000000000000e+03 9.404423984518527346e-01 9.231516246544428927e-01 5.743775680466831624e-01 3.405560675243152202e-01 5.017121533094052177e-01
3.756000000000000000e+03 1.000000000000000000e+00 1.000000000000000000e+00 1.000000000000000000e+00 4.164457231285160765e-01 5.853682135736073544e-01
3.756000000000000000e+03 9.851105996129632114e-01 9.807879061636106677e-01 8.935943920116707906e-01 4.164457231285160765e-01 5.853682135736073544e-01
3.757000000000000000e+03 1.000000000000000000e+00 1.000000000000000000e+00 1.000000000000000000e+00 6.954700120139292174e-01 3.002863963683495285e-01
3.757000000000000000e+03 9.702211992259264228e-01 9.615758123272214464e-01 7.871887840233415812e-01 6.954700120139292174e-01 3.002863963683495285e-01
3.758000000000000000e+03 1.000000000000000000e+00 1.000000000000000000e+00 1.000000000000000000e+00 3.574590913973711426e-01 3.604878555572933463e-01
3.758000000000000000e+03 9.553317988388895232e-01 9.423637184908322251e-01 6.807831760350123718e-01 3.574590913973711426e-01 3.604878555572933463e-01
3.759000000000000000e+03 1.000000000000000000e+00 1.000000000000000000e+00 1.000000000000000000e+00 5.281955185445857959e-01 5.275964093002611932e-01
3.759000000000000000e+03 9.404423984518527346e-01 9.231516246544428927e-01 5.743775680466831624e-01 5.281955185445857959e-01 5.275964093002611932e-01
