2.960000000000000000e+03 1.000000000000000000e+00 1.000000000000000000e+00 1.000000000000000000e+00 5.263305870873563608e-01 5.199698805930523804e-01
2.960000000000000000e+03 9.944639251311336858e-01 8.855153787346161653e-01 1.008773237869595496e+00 5.263305870873563608e-01 5.199698805930523804e-01
2.961000000000000000e+03 1.000000000000000000e+00 1.000000000000000000e+00 1.000000000000000000e+00 3.461870432792966135e-01 3.833437944552426924e-01
2.961000000000000000e+03 9.889278502622673717e-01 7.710307574692324417e-01 1.017546475739190992e+00 3.461870432792966135e-01 3.833437944552426924e-01
2.962000000000000000e+03 1.000000000000000000e+00 1.000000000000000000e+00 1.000000000000000000e+00 6.649993680206096602e-01 2.824458584626231006e-01
2.962000000000000000e+03 9.833917753934011685e-01 6.565461362038487181e-01 1.026319713608786710e+00 6.649993680206096602e-01 2.824458584626231006e-01
2.963000000000000000e+03 1.000000000000000000e+00 1.000000000000000000e+00 1.000000000000000000e+00 4.316869569310952115e-01 5.900717719040298181e-01
2.963000000000000000e+03 9.778557005245348543e-01 5.420615149384648834e-01 1.035092951478382206e+00 4.316869569310952115e-01 5.900717719040298181e-01
2.964000000000000000e+03 1.000000000000000000e+00 1.000000000000000000e+00 1.000000000000000000e+00 3.483772222779546457e-01 5.208297677163444828e-01
2.964000000000000000e+03 9.944639251311336858e-01 8.855153787346161653e-01 1.008773237869595496e+00 3.483772222779546457e-01 5.208297677163444828e-01
2.965000000000000000e+03 1.000000000000000000e+00 1.000000000000000000e+00 1.000000000000000000e+00 8.101339817928716602e-01 4.573941402555424807e-01
2.965000000000000000e+03 9.889278502622673717e-01 7.710307574692324417e-01 1.017546475739190992e+00 8.101339817928716602e-01 4.573941402555424807e-01
2.966000000000000000e+03 1.000000000000000000e+00 1.000000000000000000e+00 1.000000000000000000e+00 4.682821862695989990e-01 2.691216202425414927e-01
2.966000000000000000e+03 9.833917753934011685e-01 6.565461362038487181e-01 1.026319713608786710e+00 4.682821862695989990e-01 2.691216202425414927e-01
2.967000000000000000e+03 1.000000000000000000e+00 1.000000000000000000e+00 1.000000000000000000e+00 5.099417217022879090e-01 5.723671756866322013e-01
2.967000000000000000e+03 9.778557005245348543e-01 5.420615149384648834e-01 1.035092951478382206e+00 5.099417217022879090e-01 5.723671756866322013e-01
2.968000000000000000e+03 1.000000000000000000e+00 1.000000000000000000e+00 1.000000000000000000e+00 5.267814102103696161e-01 5.457900318236352799e-01
2.968000000000000000e+03 9.944639251311336858e-01 8.855153787346161653e-01 1.008773237869595496e+00 5.267814102103696161e-01 5.457900318236352799e-01
2.969000000000000000e+03 1.000000000000000000e+00 1.000000000000000000e+00 1.000000000000000000e+00 3.924404924246276405e-01 3.160980607024247435e-01
2.969000000000000000e+03 9.889278502622673717e-01 7.710307574692324417e-01 1.017546475739190992e+00 3.924404924246276405e-01 3.160980607024247435e-01
2.970000000000000000e+03 1.000000000000000000e+00 1.000000000000000000e+00 1.000000000000000000e+00 7.529578930345450782e-01 3.520514437421262688e-01
2.970000000000000000e+03 9.833917753934011685e-01 6.565461362038487181e-01 1.026319713608786710e+00 7.529578930345450782e-01 3.520514437421262688e-01
2.971000000000000000e+03 1.000000000000000000e+00 1.000000000000000000e+00 1.000000000000000000e+00 3.851540144393947318e-01 5.671704588928709878e-01
2.971000000000000000e+03 9.778557005245348543e-01 5.420615149384648834e-01 1.035092951478382206e+00 3.851540144393947318e-01 5.671704588928709878e-01
2.972000000000000000e+03 1.000000000000000000e+00 1.000000000000000000e+00 1.000000000000000000e+00 4.764235932764278036e-01 5.900104104716245024e-01
2.972000000000000000e+03 9.944639251311336858e-01 8.855153787346161653e-01 1.008773237869595496e+00 4.764235932764278036e-01 5.900104104716245024e-01
2.973000000000000000e+03 1.000000000000000000e+00 1.000000000000000000e+00 1.000000000000000000e+00 5.641175326428634618e-01 2.552109827728029634e-01
2.973000000000000000e+03 9.889278502622673717e-01 7.710307574692324417e-01 1.017546475739190992e+00 5.641175326428634618e-01 2.552109827728029634e-01
2.974000000000000000e+03 1.000000000000000000e+00 1.000000000000000000e+00 1.000000000000000000e+00 3.326002861505892305e-01 4.561530303167822264e-01
2.974000000000000000e+03 9.833917753934011685e-01 6.565461362038487181e-01 1.026319713608786710e+00 3.326002861505892305e-01 4.561530303167822264e-01
2.975000000000000000e+03 1.000000000000000000e+00 1.000000000000000000e+00 1.000000000000000000e+00 5.126211070938382353e-01 5.033058437639266192e-01
2.975000000000000000e+03 9.778557005245348543e-01 5.420615149384648834e-01 1.035092951478382206e+00 5.126211070938382353e-01 5.033058437639266192e-01
2.976000000000000000e+03 1.000000000000000000e+00 1.000000000000000000e+00 1.000000000000000000e+00 5.169256655435654491e-01 5.062619121019850121e-01
2.976000000000000000e+03 9.944639251311336858e-01 8.855153787346161653e-01 1.008773237869595496e+00 5.169256655435654491e-01 5.062619121019850121e-01
2.977000000000000000e+03 1.000000000000000000e+00 1.000000000000000000e+00 1.000000000000000000e+00 3.330147542260362137e-01 4.382212221626672344e-01
2.977000000000000000e+03 9.889278502622673717e-01 7.710307574692324417e-01 1.017546475739190992e+00 3.330147542260362137e-01 4.382212221626672344e-01
2.978000000000000000e+03 1.000000000000000000e+00 1.000000000000000000e+00 1.000000000000000000e+00 5.895372107050066424e-01 2.579849641108369895e-01
2.978000000000000000e+03 9.833917753934011685e-01 6.565461362038487181e-01 1.026319713608786710e+00 5.895372107050066424e-01 2.579849641108369895e-01
2.979000000000000000e+03 1.000000000000000000e+00 1.000000000000000000e+00 1.000000000000000000e+00 4.659796550303411111e-01 5.919554556587646177e-01
2.979000000000000000e+03 9.778557005245348543e-01 5.420615149384648834e-01 1.035092951478382206e+00 4.659796550303411111e-01 5.919554556587646177e-01
