5.418867137823628610e-01
8.281687644018274064e-01
9.712684089222235473e-01
3.255278196514932998e-01
9.809928897000336212e-01
1.008348328759669954e+00
6.271402705902069386e-01
6.025840533886155370e-01
8.049339366431229603e-01
9.975478254774121645e-01
5.808667299258785111e-01
1.013511457884940237e+00
1.014205791232487552e+00
2.038709416576440780e+00
1.511565037580277604e+00
6.635038593205282442e-01
8.297110436589465454e-01
1.208939374408287026e+00
5.534757621732557809e-01
1.806775762544222896e+00
8.053016668292879432e-01
1.244721409774457666e+00
1.518678998741038289e+00
9.606676135788926318e-01
1.057188428471729891e+00
1.270640321163669206e+00
7.360052465117741249e-01
2.176602677492176063e+00
1.119963046387629779e+00
1.249092156054495639e+00
2.151826854650964904e+00
2.703032643916075894e+00
1.900630585143999074e+00
2.216632073519802404e+00
1.763801419512614821e+00
3.885833792234996587e+00
2.212241454139477703e+00
2.177370855435337482e+00
2.136890787000268028e-09
1.196621557386536886e-10
-3.433967992702081687e-07
-4.459773987647226338e-05
5.128192570060419175e-01
1.772180410484956400e-04
1.803634952676525806e-04
1.828742586346132355e-04
1.944604015384603373e-04
1.801614160625241400e-04
1.977064195969718808e-04
1.967644604854002876e-04
1.888402170871333863e-04
1.873070750383408847e-04
1.814167275765218705e-04
1.797653279595843191e-04
1.756125703327449106e-04
1.763460257824053671e-04
1.839806575939823973e-04
1.828086430007243497e-04
1.758860938736609770e-04
1.846683010623511841e-04
1.932531929217152253e-04
1.785170479028726936e-04
1.733515560380064922e-04
2.623659448873321407e-04
3.170910951649316299e-04
2.483397665733219455e-04
2.022498598447783802e-04
1.800548723102470331e-04
1.810533818633211045e-04
1.765089668988103913e-04
1.935347829648716828e-04
1.819461747830527186e-04
-3.445649342314911751e-06
6.665760413119022591e-06
5.667082628720419737e-06
5.459216938779951750e-06
5.083127219635684290e-07
-8.370952985548951896e-06
-2.428557669893544795e-06
-4.120205216231743374e-06
5.707272667998414707e-07
-5.399699831636292705e-07
1.817234949464433439e-06
-2.120670508157275000e-06
3.346408822384199614e-06
-9.434377974650247475e-06
-1.894943588987985913e-05
2.237037513192978959e-05
-5.002319943749980310e-06
6.270871364109486057e-06
3.777537826115439193e-06
6.279770426590643353e-06
-3.332871021731909004e-06
3.903285581691696917e-06
1.235150690838761784e-06
-7.432653349187225700e-06
4.217515396295020104e-06
-5.223693540356930713e-06
2.687576752893956302e-06
-2.905872498064498140e-06
1.849812095929154057e-06
-9.921105313955592794e-07
6.131336905099273531e-06
7.272786751375751403e-07
5.018240643941164511e-08
-2.064142166926753281e-07
-5.708862053919422055e-07
1.728441956871222500e-06
1.277510177466947680e-06
-2.189637046135938296e-07
1.015104993014792832e-06
7.488885027481954752e-07
-3.642941550087766635e-06
-2.584443947881796077e-06
-1.348975094185433291e-06
1.399771484472458067e-06
3.665146029984108823e-05
-1.374201320542524975e-05
1.302494879053226425e-05
-4.212191279093789743e-06
-2.974662901027373641e-06
2.150178580219744472e-06
5.971756577708674851e-06
3.142829497893908982e-06
6.071669531662928157e-06
3.104554493245723711e-06
7.259701352100483900e-07
-4.442615373803836494e-07
-2.859881054425613325e-06
-7.397465539097501476e-06
1.121676496782288148e-06
-5.329772316836901735e-06
3.953572115660955374e-06
-4.555030446949905226e-06
-5.751335495068510148e-07
-1.322229622720565324e-06
2.157165492198764796e-06
-2.060080515703217470e-06
2.059300162391559908e-06
-4.100344686756688459e-06
2.052440303920620431e-06
2.440233854397145094e-06
-5.587356669762256290e-07
3.125187364517981891e-06
5.366069478781719712e-06
-8.713079866604037064e-06
5.607234530469706000e-06
7.135072476381995118e-06
8.243181405184902535e-06
0.000000000000000000e+00
-2.529960958294055917e-06
1.097082111529479510e-06
0.000000000000000000e+00
4.518979421609129398e-06
4.694139467326024461e-06
0.000000000000000000e+00
3.341234390138589524e-07
