9.840682848910640157e-01
9.489302341225913651e-01
1.088372093023255882e+00
1.147304110114346853e+00
1.074374443701079818e+00
1.115731069879069004e+00
6.318357065689752528e-01
1.014623467023219483e+00
9.372673299397209501e-01
1.260523101891962927e+00
2.248264996464468535e+00
1.340897419247369937e+00
1.357819153220388708e+00
3.194239066039422092e-01
9.448726148317490026e-01
1.063963300587278393e+00
1.020279894421261435e+00
9.958039555352491412e-01
9.984540542281443720e-01
1.017516878310779749e+00
9.740224414452860469e-01
1.038329693711329549e+00
9.420291289775972743e-01
1.122066205108416037e+00
1.087137072492058598e+00
1.290056324791272857e+00
1.030422401938669408e+00
1.302068020560303463e+00
1.174205243568040125e+00
1.286618955328584502e+00
1.213162257863203086e+00
1.689503729124443687e+00
1.774518972081729373e+00
2.472263015957580468e+00
1.897714703981114415e+00
2.186869083065038577e+00
1.927097153924951289e+00
2.999858372009639673e+00
1.944152858968370608e-09
1.135230767305299778e-10
1.625370620667619273e-07
-1.779274104971219976e-05
4.805065787405780608e-01
1.828753181194271086e-04
1.836029804493539963e-04
1.794355109999896968e-04
1.769000785474452310e-04
1.826325405698311487e-04
1.798186923466121617e-04
1.915133892772794997e-04
1.904892350822565161e-04
1.863170200315367305e-04
1.861220698467177560e-04
1.836914546511609443e-04
1.835297705760202940e-04
1.897046182229878699e-04
1.810105241242878108e-04
1.826013574182553203e-04
1.867732456876611562e-04
1.799143072007549997e-04
1.873072347169072610e-04
1.850188866927174151e-04
2.090687919370967358e-04
2.259435330513689022e-04
1.936621150113319910e-04
1.936500951083355046e-04
1.897400080369073851e-04
1.858110370330885914e-04
1.896156990466574396e-04
1.885821164468353198e-04
1.912316759813320393e-04
1.863560489021637203e-04
1.372337203136440422e-06
-2.338429459727324063e-06
-1.378320712786795311e-06
2.976963871490152089e-06
-5.102895835531478995e-08
-2.397499718442407165e-07
-2.872849871567141929e-06
-2.522457107709024530e-06
-2.527328502543190561e-06
4.758827538051245301e-06
-1.593941170181836957e-06
-3.906217123990415654e-06
-2.491120827028080007e-06
-6.010998707649096800e-06
-1.048977308955731722e-05
3.053682451716290509e-06
-1.488369418756908469e-06
4.516057469065244021e-06
5.273529875317492986e-06
2.401764922313173540e-06
-2.286160956134635098e-06
1.476436321444561960e-06
-2.205388623912288377e-06
-1.983141804840453342e-06
-6.616487932751461312e-06
-2.854228353736248413e-07
-3.606479034965744696e-06
-5.205966512836378407e-06
4.008354263975801677e-06
2.215517548325369418e-06
-2.175253574153481200e-06
-1.485472002392983989e-06
4.239120579890125748e-06
-9.214731095601757705e-08
3.106759625433950249e-06
4.457571667085588580e-06
-1.905402865661364720e-06
-1.356077367058749552e-06
-7.020812118913034913e-07
3.602898468140199838e-06
3.784969857620334321e-06
-7.223648448572124437e-08
-1.666892235605744151e-06
-3.937489340398654227e-06
3.171538097252575975e-06
-6.904817981351601947e-06
-2.086991045707253143e-06
-5.950610685290726002e-07
-9.614776032686736540e-08
3.228111767834025138e-06
-1.996696546044516501e-06
-4.171636389294780252e-07
-5.847353418754277251e-06
-3.933314359886465921e-06
3.287826042420182462e-06
-4.866464584976181941e-07
2.081687905126547965e-06
-3.115990347639745913e-07
-3.330764948039140391e-06
-3.036968679302783245e-06
3.104725444383602665e-06
1.819445179510659632e-06
-1.476895105783903292e-06
-3.433125585395649258e-06
-2.919349708992207246e-06
-2.149527003418729612e-06
-5.639923842691801323e-06
8.855581635701555620e-07
-1.906829682214496476e-06
2.491868367924803215e-06
3.314843990153570167e-06
-3.693782435067773460e-07
-1.279757107888368956e-06
-2.663072089729440042e-06
5.128515330265782449e-06
1.274534842916099385e-06
-3.430368975561419809e-07
0.000000000000000000e+00
1.307764108602378311e-06
-4.516733928883025635e-06
0.000000000000000000e+00
1.094540894254550520e-06
4.639610709892879668e-06
0.000000000000000000e+00
1.746480138630695945e-07
