1.382548529308094354e+00
1.019181681109561310e+00
1.034884900111550543e+00
3.918988673103332765e+00
1.092564889642849035e+00
1.076665461838964388e+00
2.852515357140110175e-01
1.198578155285158786e+01
1.470495491454707553e+04
1.087589822373368431e+00
4.017651808899224270e+05
1.150397555081096090e+00
1.132623916882879556e+00
-4.247100131146827152e+03
7.631745977995693098e-01
1.310975067680732575e+00
9.507378297381319232e-01
1.057191890500228437e+00
1.374992569646807494e+00
7.272908042932104689e-01
9.149672390229621755e-01
1.099229592366897545e+00
3.496516979790131359e+02
1.091891806414845956e+00
1.827783944784397318e+04
8.162903210012947275e-01
1.389970821911614962e+01
5.959718395712501060e-01
1.876398037333313914e+04
8.580688077021579874e-01
1.442466460385834807e+03
1.581095165393827440e+00
7.664440138105058577e+04
1.224908702894627055e+00
4.584123821814202415e+01
9.128333475141733322e-01
7.594385594454253442e+04
1.328169640068358248e+00
2.085638460661107573e-09
1.274718248287014292e-10
-4.250808338313140766e-07
-4.140780945563758063e-05
5.528791556968475351e-01
1.834865930912016503e-04
1.766570417643652268e-04
1.765015357736147061e-04
1.872126517082906547e-04
1.704174830588851472e-04
2.289036594845047395e-04
2.323896455742357797e-04
1.930117881289714131e-04
1.904968376185414084e-04
1.772563762441255750e-04
1.792847573600247514e-04
1.831328970439209094e-04
1.717817188600273049e-04
1.783255077859494217e-04
1.808313285599390252e-04
1.778298987912769265e-04
1.779628027730828597e-04
1.828926664466371172e-04
1.763466683403976413e-04
1.831213207533194235e-04
1.558220725479150088e-04
2.288527406504097742e-04
2.363291345615817056e-04
2.236665749503020993e-04
2.017821951215493571e-04
1.865505311506109693e-04
1.842905596363772914e-04
1.797326756121882848e-04
1.871952282740158729e-04
2.437253278251231318e-06
4.249106255877951380e-06
3.667385645971043385e-06
7.599129908905948195e-07
-8.950908119666921606e-07
1.569030900086137954e-06
-1.559645181013099744e-06
-7.884074175928513341e-07
-4.816891252967074057e-06
2.175087241301596590e-07
-2.674221418455229529e-06
-1.140816746573586700e-07
-2.838091072659487778e-06
6.192930961517608711e-06
2.102498886375477181e-06
4.943163739958178306e-06
-1.239859877415240767e-05
1.108945992315434070e-06
-1.142127649660160483e-05
3.799326616919118179e-06
-4.660944484721759030e-06
1.267988357536760950e-06
1.240941689064460584e-05
-3.157959766257478575e-06
-4.917060381510103640e-06
1.874298033520526264e-07
-3.936835938708979145e-06
2.349686600269164009e-06
-1.397304965403925511e-06
1.037557084033252917e-07
-1.666166036141586074e-06
-1.624061475018761729e-06
-2.637565584911386323e-06
1.990024729309370555e-06
2.991692808453245469e-06
5.511305333054537739e-06
1.544451469743413949e-07
-3.956561689356063633e-06
2.469414824763147050e-06
8.418209346811390598e-06
2.878868219329900375e-06
1.849158360523884957e-06
-5.204655834459727127e-06
2.998662450580423960e-06
9.226171689689954044e-06
-6.408840230077594128e-06
-2.165376536279969018e-06
-1.973529484547535616e-05
2.794895585501015851e-06
6.370306000812114412e-08
1.340723403290961548e-06
-1.736431855629376659e-06
1.140156446368331098e-06
-8.040814679559113472e-06
1.130525164980591653e-06
-1.652824256161294746e-06
1.007413380031140873e-06
-8.497710467743257577e-07
-1.875331514597669238e-06
-6.634534827750076459e-06
1.105909877954589626e-06
5.669502729508644282e-07
9.477949219114152358e-08
-4.957031487831326110e-06
-2.824024322785041478e-06
-1.576354620497729458e-06
-1.885218372766394471e-06
-2.548603448994712564e-06
-2.133117670091178330e-06
1.641770466638111754e-06
5.069504451245920417e-06
-4.465623360242037229e-06
-2.087062653537299936e-06
-1.569710066430417429e-07
2.047018132200358201e-06
2.090689975729205480e-06
-2.314595797465899607e-06
0.000000000000000000e+00
9.339668112426209264e-06
4.236796630080968394e-06
0.000000000000000000e+00
2.200092780098483649e-06
-1.846414898952040741e-06
0.000000000000000000e+00
-4.407241505998190235e-06
