5.183541206517208177e-01
8.586132655082552301e-01
1.272416529329182699e+00
7.335919585509113050e-01
1.378179985300262089e+00
1.405090921337426746e+00
1.042961901565263999e-01
5.037320943088141600e-01
8.539805621659013468e-01
1.194405279696810096e+00
1.196303424364074219e+00
1.349262643352336699e+00
1.320733098130421723e+00
4.169701432638119876e-01
1.475713832559347516e+00
6.777863185522878808e-01
6.716285366790570865e-01
1.491291026048475965e+00
4.507927478539312527e-01
2.220727674259773465e+00
5.847931787657336677e-01
1.711218382792441872e+00
1.713805230509069411e+00
6.661045343209223146e-01
7.748662348417625356e-01
1.547522990307723445e+00
4.460027059080153844e-01
2.720013474424672673e+00
7.353116262768537581e-01
1.662011609320485306e+00
2.786301019926046507e+00
1.075201135641121741e+00
1.419936529431919503e+00
2.228395689625296772e+00
6.476086821249119607e-01
4.627713550934014819e+00
1.429959345923136560e+00
2.291668861748828778e+00
2.955855111477378590e-09
1.777593125946190989e-10
-6.497202952787171792e-07
-4.836319158700718178e-05
3.337959187030773434e-01
1.828857772493256730e-04
1.921883023034208862e-04
1.826867472570433445e-04
1.967114821688260731e-04
1.597545685947741444e-04
2.292453277739118448e-04
3.975488103163414338e-04
3.519621637377614567e-04
2.489978375841750738e-04
1.941965119009809093e-04
1.939745816395358207e-04
2.023575237504125204e-04
2.075247264630649974e-04
1.906324642237549097e-04
1.991467040936831581e-04
2.045083504799649838e-04
1.813433319953898807e-04
2.053084245536793964e-04
3.954385860803412856e-04
2.619806723842113333e-04
1.910653447412051205e-04
2.611596031713332581e-04
3.194506162513808026e-04
2.451129893862170721e-04
2.040903405669898985e-04
1.912780535732682655e-04
1.905245710207330789e-04
1.912072075537279623e-04
1.843838355426963239e-04
-3.673552876159849790e-05
5.278422608916351580e-06
-3.447045491081868429e-06
2.435632790659623270e-06
-8.195893326859233073e-06
1.418525409398967983e-06
7.796295632011836056e-06
2.124559742560221481e-06
1.032739003259519465e-07
-4.605935051162599419e-06
-1.680424324448191149e-06
7.253030019883828482e-06
-8.097359787517907810e-06
2.340313747880213874e-05
-1.132380872449433583e-05
2.279981678335929042e-06
-1.740865640578104486e-05
1.583553773424613266e-06
-1.655899092217156745e-05
9.524186537138925882e-07
-1.827458550448177270e-06
8.277218733490178187e-06
1.156156787494120831e-05
-1.525494444191544272e-05
2.532714322114489443e-05
4.951925273707076063e-07
1.188081093875822356e-06
4.133996435539143695e-06
5.486175203073514868e-06
-3.730761410307120081e-06
-3.677223145179410600e-06
3.469529358447086403e-06
2.926142077000701647e-06
-2.471842606014692171e-07
-1.561514337858104747e-06
-5.342252580949052995e-06
-5.250978381720938571e-07
1.493175917091718362e-06
-5.054893346444069606e-06
-3.306566379999267574e-06
3.964462037674773706e-06
4.554163187352784066e-06
9.945591348833274242e-06
1.959991679852547415e-06
-4.863592439290879270e-06
1.522366457311701141e-06
2.580016946872015049e-06
1.018094182958730577e-05
-2.475422955842210358e-07
1.429325144995067799e-06
-1.401264880900608320e-06
-3.545397401387938303e-06
9.501153991332397168e-06
-1.620179185628528465e-05
-3.427987164251583253e-06
-3.087245128023126192e-06
3.093556821597405010e-06
-1.798074380875660768e-06
2.921825069250769516e-06
1.269925297220139287e-06
-2.128944620231511185e-06
-2.433821410758526737e-06
1.403215429290486485e-06
-2.685820263288467763e-06
5.695631877523017918e-06
1.089286591835061210e-05
3.634609111956657239e-06
-5.810450582872278963e-06
5.756289929043791230e-06
3.023562947330251052e-06
-2.662867156789206247e-06
9.422457629606407011e-08
-1.881740466328029983e-06
-4.740052215480613831e-06
6.573449226415128393e-07
3.810694165053549111e-06
1.447379403319123048e-05
0.000000000000000000e+00
-6.499473545904064787e-06
5.845505872251163373e-06
0.000000000000000000e+00
-2.407413208119694304e-06
3.944521515855639123e-06
0.000000000000000000e+00
-4.955036352089126435e-07
