1.054738558781428637e+00
9.075627044157161816e-01
9.429339064544139948e-01
1.447338950084476661e+00
8.981835231565655775e-01
8.832709245849839075e-01
5.639416861215379440e-01
1.043472294146207346e+00
9.740088856598415077e+03
8.372475503351579640e-01
7.442252067151467782e+04
8.542221068530222450e-01
7.971127044617423163e-01
3.145852852902094043e-01
9.465121775886553568e-01
1.060584902753431980e+00
1.036741869489842038e+00
9.646173669735028655e-01
1.151180568039559482e+00
8.755481185381309706e-01
1.095987226130130221e+00
9.128446969163561686e-01
9.933695425537334813e+03
1.112737527624850120e+00
1.093752732976506923e+04
8.479213468277895238e-01
1.371487257102789181e+00
8.185242103916750001e-01
8.500191894160476295e+03
8.101931622407955169e-01
6.642609536124087754e+04
1.851184751545675855e+00
6.939105998469621409e+04
1.182537710810728671e+00
2.212650622159699765e+00
1.119767321319151243e+00
5.716957612438806973e+04
1.156106146918004285e+00
2.004435886498495095e-09
1.081583272077144884e-10
-1.728895049843944893e-07
-3.399481578042609425e-05
4.524082203982948691e-01
1.529089818401150908e-04
1.572241117166521215e-04
1.534700621832687129e-04
1.591267981539721079e-04
1.479279735269637503e-04
1.777915444004009857e-04
1.955994024262419292e-04
1.804127474196484909e-04
1.778533346641294501e-04
1.749164619249025747e-04
1.828348702147871568e-04
1.858339466794015852e-04
1.755738155540454608e-04
1.818911665444081444e-04
1.788383906692247375e-04
1.772865282613595925e-04
1.802870236945597186e-04
1.786513552712782108e-04
1.833441697501565835e-04
2.435305074076610211e-04
2.164977566040136641e-04
1.940409828482234133e-04
1.715937150842287507e-04
1.583634762330089893e-04
1.514571142799362867e-04
1.515195940056531204e-04
1.550000532660515901e-04
1.511922957618338321e-04
1.538667356247004300e-04
-9.589804526348501301e-06
-7.400481844031203334e-07
-1.942179109017181787e-07
4.404035325827863556e-06
1.652061992078661843e-06
-1.425645131781350072e-06
-1.255822793892654881e-06
1.241169327131718159e-06
3.334653613235680349e-06
-2.850631076091804755e-06
1.300526406182325058e-06
2.563994925236655550e-06
-6.384264318909822614e-07
1.715676405892759389e-05
3.353446376500054832e-06
-5.744059909025481219e-06
3.291381991517684460e-06
1.856484210110611740e-06
9.024746185470210542e-07
-4.950624783258068587e-07
-4.817178123097184498e-08
2.215225997043629981e-06
1.091131656138869609e-05
-6.290575542178303791e-06
-1.234429250809511296e-06
3.808864361447392074e-06
-4.636070224594883045e-06
8.958965322223536544e-07
-2.565572829685776570e-06
-7.445405996308034593e-07
-5.126260099274636822e-07
1.401481787977414979e-06
-2.508190045837615390e-06
2.883186473015365219e-07
9.466892910071610129e-08
-1.475916503319837064e-06
-3.020717317778251934e-06
4.595984983515771883e-06
-1.604578612793631100e-06
-3.889181263974768346e-06
-3.561403824411801382e-06
-3.001650298776449173e-06
-1.152017850215981181e-05
5.049465827756327915e-06
-2.508877735419495654e-06
5.175071316781121436e-06
-1.467479005273082045e-06
9.937457247719948955e-07
3.871245314968888101e-06
-1.522570728512054129e-07
-2.650466702125317880e-07
-1.918975452507162262e-07
8.945108646361018509e-06
1.473558446660504641e-07
1.413253286370107911e-06
1.497759089021394375e-06
-4.429309248231695143e-07
7.211462044517900792e-07
6.372325223743287163e-06
-8.345681820177296809e-07
-5.694130969782549430e-07
3.471641001313008222e-06
-2.110067214580430809e-06
-7.957185703836732962e-07
3.556167919796553729e-06
4.351466961004519425e-06
-1.401056581774155039e-06
-3.545038960428312187e-06
-1.787259235409203584e-06
-7.437127529177958798e-06
2.915025631269668560e-06
-2.736943642960728193e-06
-2.240255308730042607e-07
1.512462217985300462e-06
-2.881787849820753278e-06
-9.605528532861263876e-07
8.614101814230068810e-06
0.000000000000000000e+00
-2.635107479509619599e-06
8.462966508238799939e-06
0.000000000000000000e+00
-4.943175865996215320e-07
9.326039617901717583e-06
0.000000000000000000e+00
-1.529777882495917009e-06
