9.622590330666338510e-01
1.057912585959390306e+00
9.396725879484499888e-01
8.444596772321820710e-01
8.307624171178410455e-01
9.489356551255248018e-01
1.083508933104801342e+00
9.638661650498243638e-01
1.062575380800181435e+00
1.116696812172137676e+00
2.052165438463747993e+00
1.197693577976268742e+00
1.275963412930282814e+00
8.243128251751651314e-01
1.062343126263603166e+00
9.429185718425814322e-01
1.143258208447353930e+00
8.747933181849316675e-01
1.059136913901356003e+00
9.499234102945895986e-01
1.135512881053743151e+00
8.818841830691372952e-01
1.201772087510065479e+00
9.044048030354522316e-01
1.214446275419348575e+00
9.352278461293863643e-01
1.139780235898165461e+00
1.134279003122830476e+00
1.287893592394438791e+00
1.138224688454957612e+00
1.402462753419134733e+00
1.047962831217717827e+00
2.315050280010836570e+00
1.369777404005575017e+00
2.398026997157317375e+00
2.044977954868196335e+00
2.674260747950620853e+00
1.384520438116807473e+00
1.805610978326871861e-09
1.077754541558029203e-10
-3.518721706578142808e-07
-1.935431558279445286e-05
5.773183431823128986e-01
1.959254053236633101e-04
1.926087886678359362e-04
1.913579811124826969e-04
1.857445882531169015e-04
1.868130325016721996e-04
1.921708555321445294e-04
1.861593662878360312e-04
1.891918493360725945e-04
1.851265996725964943e-04
1.869926900129700756e-04
1.941823249306254750e-04
1.865780124353114220e-04
1.863861641981695203e-04
1.813539255728720723e-04
1.782040133652193622e-04
1.864236916597433822e-04
1.895905032479509942e-04
1.864441387040882735e-04
1.889771153661472486e-04
1.907074416509383979e-04
1.943900925571086658e-04
1.915667000093860162e-04
1.825699354618949511e-04
1.832448515486377518e-04
1.901266074160983378e-04
1.830279027301324481e-04
1.876714324691918455e-04
1.820462415491097866e-04
1.862514347490298156e-04
4.947421013027153490e-06
-6.476847353638034673e-07
-2.775981918708258910e-06
6.097394452829969518e-06
1.725723209865520994e-06
-6.537179827121177854e-06
1.417472248581055180e-06
-1.987367922040778833e-06
-3.713409222056276539e-06
4.390835058208975173e-06
-2.200146558862293965e-06
-7.671298503040909050e-06
-3.930748473415031092e-07
-3.140499097635027639e-06
2.577430545292462937e-06
3.491189134148929884e-06
-2.940462855489211596e-06
-2.522400059765011025e-06
7.719126728098838473e-06
5.955947455417870045e-06
5.870513928353978110e-06
-6.888638809390786759e-07
-4.331425462453235449e-06
-1.104745619502492323e-06
2.607179768233241622e-06
4.867508260461444368e-06
8.430784662062507090e-06
1.379041815292713846e-06
-6.123023666927327174e-07
5.109935067790514067e-06
-9.100153984987756112e-06
4.684234678265839371e-06
-1.846927803304112151e-08
1.307579756950643951e-06
1.622611308452082530e-06
2.173573945588106904e-06
-7.135802246544140987e-06
-2.728622427616789646e-06
1.207083298295296724e-05
-7.316914853776469358e-07
-3.231548096819634268e-06
-2.950831591191425331e-06
1.579541715678605841e-06
6.982468224830571277e-06
6.589083933936624679e-06
-1.689351944918642840e-06
1.677364083944960617e-06
-4.266201653786456413e-06
8.010118928032644039e-07
3.810573669688466344e-06
2.966199983658134558e-06
-1.457973840568464595e-06
3.754158023455486326e-06
-2.105145164375465890e-06
-3.025484038055345127e-06
-4.821498500632317275e-06
1.242729517306436198e-06
1.009887533082871212e-06
3.950885893681701130e-07
1.169481821444779120e-06
-1.650751025406965073e-06
3.415128882604024359e-06
2.495528762657881506e-07
4.028017139312155184e-06
-2.014934897101573048e-06
-3.069885835013476719e-06
3.388849971724888005e-06
-6.167622363290201909e-06
-1.343190915734651246e-06
8.850024199978075910e-06
-3.402633532791501808e-07
-8.454269363575468710e-07
-3.126814641361159952e-06
-3.908983730080730953e-06
1.846145677171653542e-06
-3.264701881040903008e-06
-6.682940354509898223e-06
0.000000000000000000e+00
-4.811079926079534708e-07
2.268305477540702018e-06
0.000000000000000000e+00
6.910729620382432246e-07
-4.876457459917718455e-07
0.000000000000000000e+00
-3.452063087698588290e-07
