9.831665473050932302e-01
9.320605104887946801e-01
1.194205686121295962e+00
7.469295617198370429e-01
1.243340115454442341e+00
1.203979578967406594e+00
4.953819819513363698e-01
9.973057414405083199e-01
9.468151940771883934e-01
1.178511775530623584e+00
1.068445974788235553e+00
1.218619873072318338e+00
1.185201119563536798e+00
5.063192124164759278e-01
8.800096351282402640e-01
1.136377083142936506e+00
8.026325044146533916e-01
1.294211395227172101e+00
8.403378990300198748e-01
1.190089313113439351e+00
7.753278676567516570e-01
1.325081698667632590e+00
9.312425685912677498e-01
1.100835827029407410e+00
1.167814217127362664e+00
1.246105488412910134e+00
1.275847081895290724e+00
1.187722982273480721e+00
1.235759322925437553e+00
1.248445592654036318e+00
1.153802856824249545e+00
1.316629106708877561e+00
2.396683126874779912e+00
2.083072571960101094e+00
2.694784094586317291e+00
2.039048624152237199e+00
3.145828654695152160e+00
2.031848229634049652e+00
2.281674117290163542e-09
1.333001928002565319e-10
-2.476472437729294513e-07
-4.373409536632628448e-05
4.220221430389411998e-01
1.940656752104613744e-04
1.852879211940890170e-04
1.904909823323133939e-04
1.950028769268722100e-04
1.995449393888745076e-04
2.077940302452397129e-04
1.945714880173169238e-04
1.926232162235626028e-04
1.983724381136676496e-04
1.938047980110140975e-04
1.854967311092561443e-04
1.978563864256772074e-04
1.851637945935483099e-04
1.878649505649608532e-04
1.895828025032935153e-04
1.990685545277668571e-04
1.901194650375639451e-04
2.392402112090190986e-04
2.599680124358323273e-04
2.645262663850539431e-04
2.178228984374118448e-04
2.039325739677565815e-04
2.010801277816229760e-04
2.005987064836818514e-04
1.911038564003863464e-04
1.979094983216291785e-04
1.913226796337040873e-04
1.886206686287392555e-04
1.964956055084478878e-04
-4.814287545863903131e-06
-4.472029374937316239e-06
-1.096981542140769466e-07
1.243730366098887164e-06
-4.469472119032021997e-07
-3.268575169815280179e-06
-1.020140349996680293e-05
-3.313506154012868761e-06
5.734976522795117136e-07
4.868617086184404790e-06
2.135354282779689052e-06
-2.551747552951645093e-06
-2.478137314882386069e-06
7.354607398975906266e-06
1.147123380778835547e-05
6.182212872030447417e-06
7.992838622930658466e-06
-3.434123742386874904e-06
2.594151193834973698e-06
-5.649923597705363136e-06
-7.425116178956354716e-07
-3.057874130343012713e-06
2.128291242936943602e-08
-5.348000068250325036e-07
-4.965030145166577851e-08
4.876897307726099009e-07
2.321141496701324928e-06
-3.295397911382753411e-06
5.852439435801445716e-06
5.179592985006342791e-07
5.905674950445865469e-06
-1.502716215273522907e-06
3.997785248559863295e-06
1.046791665826122480e-06
3.852639856683614795e-06
4.130572302484734510e-06
-5.260609580352066385e-06
1.599579913571200251e-06
6.021523598999414299e-06
-2.710402336944926584e-07
1.018791741824315074e-05
-4.910137513611134938e-07
2.434455046873864336e-06
-4.205524756598844063e-06
1.208902285988128761e-05
5.978275284069929055e-06
-5.694290312118063116e-06
5.563624782853142472e-06
-4.310461691839306855e-06
-1.295959890500443785e-07
-3.527175063063021522e-06
-5.607609313238911262e-06
1.573830567256953689e-06
-2.549173210575356552e-06
1.688365158722139457e-07
-4.269036133463928480e-08
-1.397324679994028740e-06
1.498491141438412054e-06
-2.230620489755958667e-06
-1.958807676952723272e-06
-1.516230387398488549e-06
-9.082163520333394990e-07
-4.040439277911737330e-06
-2.900768337321749756e-06
6.566435355656659076e-08
-6.177293921663633371e-07
3.595406711859765665e-07
4.966361117943165984e-06
1.217393101816520541e-06
-7.388358953950770269e-08
2.220802942412247401e-06
7.812341329937813741e-06
6.779696841243589254e-06
-1.108117664617219511e-06
-1.432936957952198008e-06
-7.349074187700972211e-07
7.153059579064900701e-06
0.000000000000000000e+00
6.537786607812401708e-07
5.130069611616745233e-06
0.000000000000000000e+00
-3.554677886239365230e-06
2.446485589028096002e-06
0.000000000000000000e+00
2.053781034002484298e-07
