9.090476189844196586e-01
9.649107956129319152e-01
9.892470010117068169e-01
6.841142886585311889e-01
9.671461437316007936e-01
9.914189039423301208e-01
6.119252034521123207e-01
9.157428799580552559e-01
9.675916371652504289e-01
9.908601797850622450e-01
9.816231508377447623e-01
1.005102800801001894e+00
9.901439377682846876e-01
3.697889569828398670e-01
1.035372493715394304e+00
9.694520184980310873e-01
9.824286107423129133e-01
1.028675083507861299e+00
9.434202007570489101e-01
1.062092776820862117e+00
9.920977896602434232e-01
1.024837031589441949e+00
1.060544900765814091e+00
9.687893262705618014e-01
1.203241017797667123e+00
9.944580952071668811e-01
1.136818605489837264e+00
1.104224221061764544e+00
1.428099125666562941e+00
9.931014433933063046e-01
1.272682873526174152e+00
1.118691548433927263e+00
2.332503869556381559e+00
1.463786913573412729e+00
2.288824979232944035e+00
1.621293270148571386e+00
3.027500955135853378e+00
1.587952525084886268e+00
1.715563775668774473e-09
1.059622198687507001e-10
1.253534144923445880e-07
3.675934751135604079e-05
5.202471944946395199e-01
1.825476786645083521e-04
1.800389966609261929e-04
1.834441020991858773e-04
1.757038377706291636e-04
1.743784127907618484e-04
1.899843608115153520e-04
1.770960054658578958e-04
1.795728503652851537e-04
1.808609967018067269e-04
1.805998144328250642e-04
1.883171581478790897e-04
1.771463905323011738e-04
1.764533529037930204e-04
1.765196968108282847e-04
1.705491113720812449e-04
1.754439105104767011e-04
1.789407209962596483e-04
1.770117363420015903e-04
1.740715607175487073e-04
1.867236706328207277e-04
1.905914428671644277e-04
1.798836712061154398e-04
1.964780761820325095e-04
2.023307377482231847e-04
1.871221006763024879e-04
1.878568723703115124e-04
1.817704930639835658e-04
1.747826718007684517e-04
1.757783367326493833e-04
-1.511190981101707302e-06
-1.448603262520536225e-06
-2.217839062295172134e-06
-5.482046635031408895e-06
3.987386174250273848e-06
-2.848692295661968147e-06
-3.240358771505828993e-06
-7.002060766272950048e-06
8.700627205738422864e-07
-7.278569289534476891e-07
-2.906863702227187690e-06
-2.447895338669286179e-06
-1.977106902776826131e-06
-2.464425287409319780e-06
4.192759718864013947e-06
8.408574824121393794e-06
-3.891937768701247306e-06
3.228588017951042598e-06
3.678657614196141292e-06
-2.583388117151286965e-06
-2.452566585451996101e-06
3.411624696267398442e-06
3.585454291348732903e-06
1.372967304093734578e-06
-1.069878505695583005e-06
1.028794600197884155e-06
-1.825330748772538584e-06
-1.526423709585280537e-06
5.838328262315198639e-06
1.003149751077517838e-06
-3.687582591825228750e-06
-3.683936790144816000e-07
2.444802197501059485e-06
-8.295438957510712574e-08
3.945042055571595737e-06
8.229321319503755978e-07
-1.476119528071663481e-06
-2.123303754114697076e-06
2.811604300304960910e-06
-1.301863408326323691e-06
-1.871484721848214928e-06
-2.723012933072521506e-07
2.083981390853734159e-06
2.453549060851927079e-06
4.513917087165142451e-07
1.540573074232798182e-06
2.361386360314005730e-06
-2.827353998065264332e-06
2.720256727642603947e-06
-3.686136677232576733e-06
2.372057276213467700e-06
-1.009847450982689953e-06
-1.635161424434561852e-06
-5.396141276403492728e-06
2.244656045684275974e-06
-1.482558305486241859e-07
-1.373724892903505646e-06
-1.168565734777399346e-07
1.201677668997999374e-06
-1.140421347440996434e-07
5.245012458955619874e-06
9.541372195455856901e-07
-8.039483968023682124e-07
2.359803655547653458e-06
2.957066470620358197e-06
3.568045010016993157e-06
2.316387684842906383e-06
-1.382921822805570145e-06
-2.253886247062065399e-06
8.187193287130404155e-06
-2.547165400210454865e-06
1.965562136231798770e-06
-1.951805121048704754e-06
5.150936603171438620e-06
9.229471602945387244e-08
1.825367407640515684e-06
-2.764520468556895031e-06
0.000000000000000000e+00
2.858950485160111170e-06
2.767876199024824798e-06
0.000000000000000000e+00
-1.547954974638821851e-06
-1.186532095140596935e-06
0.000000000000000000e+00
2.862391353566807960e-06
