6.637233346074540297e-01
9.541831718635089832e-01
1.044345631534671304e+00
7.367232277938923213e-01
1.069446835051943934e+00
1.043168005950656507e+00
1.018513832929791363e+00
6.888804875599973121e-01
9.208505813526202122e-01
9.658294850219637517e-01
9.528072304223578204e-01
9.682776236876844411e-01
9.651942933527530855e-01
1.297457209814914414e+00
1.364048352842314848e+00
7.391530354128490465e-01
8.834426751271089451e-01
1.134549433923206507e+00
6.070944078596396398e-01
1.647323908617421839e+00
8.363893452439661313e-01
1.196292359743455602e+00
1.345746346042176800e+00
7.611162085147654688e-01
1.092335539866551297e+00
1.084909301283274896e+00
8.951252170012140574e-01
1.381321391606742388e+00
1.146511546156320893e+00
1.069115532948735403e+00
1.591892299392012600e+00
9.033741153509966537e-01
1.571567615720143696e+00
1.467925548058238050e+00
1.186926772639044003e+00
1.889177592979498499e+00
1.519764139770146905e+00
1.455228825030967954e+00
1.955060755751909887e-09
1.040621855446960181e-10
-2.904748513679051484e-08
2.103600783553470437e-06
4.898835655659476984e-01
1.838531967302794632e-04
1.815813595508659634e-04
1.927343506856096626e-04
1.733192810685669518e-04
1.535998219521247758e-04
1.667324985723768265e-04
1.888964148882146333e-04
1.785896101915729903e-04
1.787335438401358866e-04
1.749933261554549894e-04
1.937767518057093713e-04
1.825051118939854933e-04
1.806653917492172050e-04
1.806939086427683397e-04
1.835393739309457563e-04
1.746183389223742160e-04
1.796773712231705244e-04
1.814301492188070183e-04
1.774182398108101405e-04
1.719264346219233645e-04
2.545675245408974023e-04
2.249636976650030062e-04
2.025319759611585039e-04
1.841526043154126336e-04
1.821605730729318863e-04
1.830569372193821976e-04
1.844554127047437334e-04
1.774831372846593703e-04
1.744990656637050209e-04
-7.254821659339371676e-06
3.476163994910176186e-06
-8.919874907452262719e-06
-1.786360633977000501e-07
-5.517780887078793276e-06
-5.867882701108426149e-06
2.358129693607275988e-06
1.618402251056387247e-06
1.220361038875809737e-06
8.345872477523704808e-07
-3.799824436492755216e-06
6.532693389651500042e-07
-9.444652669115897941e-07
-3.169936453005506474e-06
-3.400173441455653513e-06
1.324029639027863141e-05
-5.054625167642076580e-06
4.002418534760810603e-06
-3.382155823272512880e-06
3.294836716169969423e-06
7.767780202084696045e-06
7.059333670230009112e-06
1.398339115734175135e-05
1.582347275417076951e-07
1.420459735027901841e-06
9.466806436774986218e-07
6.814485670939955471e-06
6.433057721750815218e-07
-1.014214400676868158e-06
2.595520924836943151e-06
-3.398692960722334073e-07
5.967209789260027313e-06
-1.376432756225561687e-07
-5.430413577227114248e-06
-4.693593174064956901e-07
-4.870994454998124177e-06
-5.165606703307510231e-07
1.138639881522218816e-06
9.177279842989837761e-07
1.041100298582613925e-06
3.061109861692642867e-06
-2.067714268034713318e-06
-1.345929503416909702e-08
2.850367291864477478e-06
1.148057165137833193e-05
-1.078904002508847279e-05
1.082273884485002089e-05
-6.827881450806332734e-06
1.454337854499201285e-06
5.033420079498724157e-06
9.901877379513403409e-07
-4.885709835114914918e-07
9.715665537256135804e-06
-5.766406927321281080e-06
5.664430778787692337e-07
2.395320500819835141e-06
-1.963247138933785428e-06
-1.347607005394695671e-06
-2.836980353040746407e-06
-1.413590634702510721e-06
-1.706311212485070874e-06
2.968581920571512929e-06
-6.766955930108414056e-06
-4.440072254694230319e-06
-3.756765558763161409e-06
2.830993106965702116e-06
-7.632320502999009725e-07
1.631859580922125291e-07
-1.436260062980746718e-06
2.827428882445024944e-06
-5.005017411805569935e-06
-7.462305376033612303e-07
-5.833316258446199186e-06
-1.773781049785432515e-07
-1.655025690074308136e-06
2.916851454443637586e-07
6.527070421955602142e-06
0.000000000000000000e+00
7.858858151773456879e-07
6.485056039861429385e-06
0.000000000000000000e+00
-6.914242131334712117e-06
3.737306742988688077e-06
0.000000000000000000e+00
-5.092963429893262301e-07
