6.329547985678316557e-01
8.759305782165229814e-01
1.489091049263742139e+00
1.025387969863643001e+00
1.737480815535940692e+00
1.568549750345595850e+00
6.877777057742725519e-01
6.595408881126614276e-01
8.536872501633409049e-01
1.507870956877632285e+00
1.533691528751606192e+00
1.915334058656193106e+00
1.743451594548308226e+00
6.418248830257065052e-01
1.296805110278133055e+00
7.711390146412722135e-01
6.594421420401070932e-01
1.526046974256387800e+00
4.215798960868178957e-01
2.386004462586701180e+00
6.146307498065664010e-01
1.652689245145609664e+00
1.290343940157848035e+00
8.442842483074832760e-01
6.783654760851752785e-01
1.910198271723860586e+00
5.619515260423704195e-01
2.542042020074514852e+00
6.576129904759802081e-01
2.146837235310027125e+00
1.622107151326236174e+00
1.189491641958220214e+00
1.132447158940197873e+00
3.170753315511448456e+00
9.655987014206299790e-01
4.095409508313021973e+00
1.136650150220712474e+00
3.677939703845400032e+00
1.981455136246314105e-09
1.026469837459260396e-10
-5.614491159317887653e-07
-4.136892326802602481e-05
3.462590660389362474e-01
1.344949823713142631e-04
1.365701559735952610e-04
1.306828030137115355e-04
1.418203481845986330e-04
1.203627736464948054e-04
1.642596402562818982e-04
2.327859913850052862e-04
2.052240701709276069e-04
1.940514393363637733e-04
1.908473002521786268e-04
1.954476162821901979e-04
1.881030302461244642e-04
1.911180888169384455e-04
1.968944912941034109e-04
1.905760233309043738e-04
1.996989385961084123e-04
2.177621405347336778e-04
2.171534276217701735e-04
1.981470041007593629e-04
1.961792019269255317e-04
1.896937370448549185e-04
1.962813077284960596e-04
1.917797927378356835e-04
1.912053679948193057e-04
1.928852234884272619e-04
1.912596709308824047e-04
1.439819153441194597e-04
1.330114011646033447e-04
1.354264839151581761e-04
-1.064850237614161621e-05
2.287118559410396538e-06
-5.761676898058256475e-06
-9.693517177185861871e-07
4.407511020831623194e-06
-2.553675347207503422e-06
2.472312820231564355e-06
1.828957984651936305e-06
7.197880893852108561e-06
3.428367058865997812e-06
5.492094600603851698e-06
-3.956997490022874525e-06
6.078328800324753459e-06
-4.034250239351100322e-06
5.831280003885360301e-06
4.708490809994432682e-06
-2.187793773796598018e-07
5.848149489965244249e-06
-4.920846295375814412e-06
9.075929226914119366e-06
4.443712994549409108e-06
4.346351355152231564e-06
1.509623058128712581e-05
-7.291343963725229071e-06
3.907586711061979353e-06
1.653984766578735654e-06
-3.837319424597385902e-06
3.034689070413096578e-06
1.338911851146333314e-06
-1.336339824593320173e-06
3.506944194121327148e-06
-1.493463454274860249e-06
-1.210783757010701589e-06
3.021202031913274984e-06
5.482917734741612295e-08
-6.328261683741623998e-06
5.652131002852692898e-06
-7.224859707695084249e-06
3.230051951376416444e-06
-3.142522025020229415e-06
3.042312895392982156e-06
3.581257948028004440e-07
1.710443702037618312e-06
-7.520027859414418859e-06
-2.719036147951904599e-06
-4.779468270173870486e-06
5.391249995965663650e-07
4.129004129444477817e-06
4.851427097664219286e-07
3.832473935144015234e-06
4.177278684309672683e-06
3.392619591333431925e-06
1.005538288776858729e-05
2.128942075104478457e-07
-1.493664093243788649e-06
-2.909278699612242357e-06
3.147600497196072614e-06
-1.988747949106300824e-06
-4.939495769950850491e-06
-4.538662128876860791e-07
-3.009133864196033640e-06
-3.393315135426938204e-06
2.459073313686241487e-07
-4.656279300759095340e-06
-3.513749688278294959e-06
-6.239786812802367604e-07
-1.586895142976671507e-06
7.417024569909255104e-06
-4.632081852734784040e-06
-5.332714574304994039e-06
-2.040651735045257545e-06
-2.076302441914111807e-06
1.440218950489358162e-06
7.126548595917626438e-07
6.382676106741862622e-07
-4.549497723647200531e-07
1.000771530743943779e-05
0.000000000000000000e+00
-1.914360890967985914e-06
9.575917336418383744e-06
0.000000000000000000e+00
3.664550192254741331e-07
2.646422029359882228e-06
0.000000000000000000e+00
-1.424258774675516104e-07
