1.007657770634139860e+00
4.749184778269676110e-01
1.062068965517241281e+00
2.534025719218147565e-01
1.052841564089757043e+00
1.011993400554769496e+00
3.627492576271867572e-07
1.015286211771817548e+00
4.391624873876235347e-01
1.089605147440255273e+00
2.218845100542817583e+00
1.115485268750346926e+00
1.018288738996427023e+00
3.367124148631279734e-01
4.701621236803650294e-01
2.035199304058028792e+04
4.564594557114125539e-01
1.212409880008009532e+04
8.946398344750874365e-01
1.170131610186637472e+00
4.556233571890961898e-01
9.075867019655930562e+03
4.506599096437787222e-01
5.204179445166824735e+04
4.148357772503454277e-01
5.049468634264871071e+04
1.052886561860170156e+00
1.113422897360196284e+00
4.014782310087713912e-01
4.980590727233297366e+04
1.004787446018230224e+00
1.134481206501084671e+05
8.188618832662267755e-01
1.437452399204761023e+05
1.877286301957044934e+00
1.704372216602748846e+00
7.917315738768647693e-01
1.418221196293313405e+05
2.507345636806220962e-09
1.130495535357058754e-10
4.833334037336192958e-07
3.910121742389350912e-05
4.556324543367135105e-01
1.680014628952602421e-04
1.694445247739013484e-04
1.643505596068318584e-04
1.867740403488751854e-04
1.429534174437807940e-04
2.307010120566995912e-04
2.492228939929329117e-04
1.860112795494575622e-04
1.599826841399453522e-04
1.824805940807448313e-04
1.740896911753200956e-04
1.797949338369893377e-04
1.774637950854734167e-04
1.732739426020790652e-04
1.775192209375909007e-04
1.576398454909638076e-04
1.548467508962332010e-04
1.384822430233050863e-04
1.412978935581819546e-04
2.931080749354800620e-04
2.951050318067665722e-04
2.213346959526368883e-04
1.752456340366920521e-04
1.648048093231726911e-04
1.709975071371015623e-04
1.635806541797149853e-04
1.697207908796976097e-04
1.668625645343059017e-04
1.654488986958407870e-04
-8.431602950442200104e-06
2.685031253411848907e-06
-3.828840548160543874e-06
3.014031053676447029e-06
6.626570710024248071e-06
-7.293692118908488720e-07
1.628497284382007252e-06
2.499992875185532702e-06
-1.753774942159800383e-06
-2.374912660852562898e-06
4.685814462968568876e-06
1.744853978438811494e-06
-4.066398124361602720e-06
1.525987849071827113e-05
-4.555110513664964206e-07
-1.687774437827553223e-05
-3.161576332659717170e-06
-7.220682600454806450e-06
-4.573547427898921880e-06
3.768996053723270227e-06
6.024666129967425924e-08
4.430066123232853786e-06
2.693939761904094461e-05
-1.067668744369209206e-05
-4.966810245560066052e-06
2.276532759517966649e-06
-3.043954138400721406e-06
2.876145440464531462e-06
-4.436672501370553518e-06
-4.447746820681753214e-08
-1.869558395984851582e-06
6.567583661755048071e-06
-2.702474899690430176e-06
5.573341583657251862e-07
5.693228504371465908e-07
-3.826299020327811223e-07
-4.249710779360533197e-06
5.002135125116005795e-07
1.843977823544383380e-06
7.283391050139175080e-06
-4.099201465688001016e-06
-8.735936659099860708e-06
-2.192832456907620951e-05
2.911628085636204245e-05
-8.286006116911005646e-06
-5.695081448573829615e-06
6.096744667364588325e-06
-7.205449483486991966e-06
2.302867449271230099e-06
-6.727753945574939387e-07
-1.209350838682176601e-06
-1.673313498603065836e-06
2.408885127070017472e-05
-2.039984694474977657e-06
1.531758941989401738e-07
2.292970647073631981e-06
-4.023431610800823263e-07
-6.885869923812854171e-07
-5.944885377885541854e-06
-2.160253770193050775e-06
-6.124030131355667518e-07
1.186475455582054993e-06
3.945589928359661054e-06
5.548847116091752886e-07
3.438182146156711891e-06
-3.644949155328143677e-07
-5.849874472731986637e-06
-5.908779941209466217e-06
-1.317335535666985842e-06
1.132010674005880625e-06
8.312715913675573008e-07
5.240010808341516956e-06
7.341690045474434737e-06
4.877756867565726147e-06
-2.144902167864661313e-06
-2.721377472076212976e-06
1.278088726975390102e-05
0.000000000000000000e+00
-2.526457515457797609e-06
6.907109224216158479e-06
0.000000000000000000e+00
1.729004052060061378e-06
6.631934662106074503e-06
0.000000000000000000e+00
-3.193780587942604006e-07
