9.123539750793734360e-01
7.458217613810830260e-01
1.246168412332090636e+00
9.009143156929768637e-01
1.292319816169817503e+00
1.285826653248953733e+00
1.184193203723820365e-01
8.884642053433526865e-01
6.867277229858421705e-01
1.348514701955964457e+00
1.190956501216022367e+00
1.493818957788301871e+00
1.424525880033849168e+00
-2.354598259887891454e-01
8.009833449045786757e-01
1.248466009545957878e+00
6.053134009576528474e-01
1.652099309989602416e+00
7.251052375512344605e-01
1.379266054279453479e+00
5.900356468460289383e-01
1.697595450207921353e+00
7.735271354988904058e-01
7.289336397579507320e+03
6.280260521665943507e-01
1.846188618666549155e+04
7.281173486206609091e-01
1.751236400177111907e+00
6.478864483312982703e-01
2.114851568174499698e+04
1.280570398407201438e+00
5.101768369775968313e+04
1.243315424808294267e+00
1.292243460395225557e+05
1.289907582903833561e+00
3.114075626547895048e+00
1.397691009998131673e+00
1.480304150623013265e+05
2.379134428165471723e-09
1.220192091135258455e-10
1.990089031469391685e-13
3.056664677332926190e-05
4.107523181911825194e-01
1.798893686457082777e-04
1.789127834602065249e-04
1.823278113464459245e-04
1.874095838945767124e-04
1.731417068246932859e-04
1.852940015217349322e-04
1.901051448505834966e-04
1.817337128366774382e-04
1.859864937328250417e-04
1.887869358003865404e-04
1.870553354811967410e-04
1.818615973897611524e-04
1.835443608655259681e-04
1.877335742802383671e-04
1.737027070346405496e-04
2.000586290086538393e-04
1.261007668952707054e-04
2.789950876352305419e-04
2.812029772010465715e-04
2.059660298469032146e-04
2.310957908125001290e-04
2.108591738615791405e-04
1.983777042482739973e-04
1.963053377908697368e-04
1.854122429176222487e-04
1.857221509545562365e-04
1.840717864570453818e-04
1.857205691993416897e-04
1.826588265271441290e-04
-3.313118129911317348e-06
9.979661569310404715e-07
-9.216258765429334520e-07
-3.012841385489988515e-06
3.115108717340832721e-07
-2.305421412698609210e-06
2.683177305219675176e-06
4.913052423627351054e-06
3.002378499771690508e-06
1.981262398684818896e-07
-1.043490030723383222e-07
3.801909909197997574e-06
-9.550815373381968529e-11
-4.508716266673669251e-11
3.519869700424796921e-11
7.119685521050253540e-11
-6.541440837549089500e-07
9.472889333180870254e-07
-1.010642608190379430e-06
9.998932942561044085e-07
-1.050849700812634515e-10
4.009940221963522457e-06
2.019271612186992502e-06
2.004815676530023884e-11
6.250917571928511001e-07
1.614746677083076984e-06
1.199941482806489020e-08
3.216007184224117624e-07
1.038817914237058989e-06
1.203696404471991630e-06
5.707443665595988773e-07
-3.397481765182814701e-07
3.184777590074244033e-07
9.388919057232366404e-11
2.192686452439066588e-11
-3.336208684440811277e-07
-2.176265272080786237e-06
-4.036901319434527549e-06
5.961113990976159429e-06
7.350472824141843147e-06
-3.311811440604780879e-06
1.650065047425664375e-06
-4.497110612058319036e-12
-8.488024983054625231e-12
-8.082909769880613261e-07
9.295078148574491371e-11
-3.591049024886201145e-08
3.792839143244057657e-11
-3.965210378011493311e-11
-4.711315860201627128e-07
-1.176919476487978491e-10
-4.788570479887612120e-06
3.341459842800075050e-06
-8.677922543839916692e-11
-3.984223071734241141e-07
1.137666992308738470e-06
-2.078039190576706953e-06
1.486884914384301835e-06
4.091004254662995093e-07
2.729023982636386448e-06
-3.792301150347199685e-07
-1.313713202393507789e-10
-5.038494936648775224e-11
-3.550257642152402930e-07
1.656331786880265467e-06
1.524313236769389363e-06
4.683339683189201507e-06
3.321106551443898628e-07
6.338835070658052692e-11
7.201861323551600579e-07
4.223218369099585106e-11
5.327962604162383351e-07
-4.522219634468625902e-07
2.213986354015763863e-06
1.392355282263953883e-06
4.456352051619365777e-06
1.626576070474972702e-06
0.000000000000000000e+00
-1.358598472892648390e-06
-1.844317953741606410e-11
0.000000000000000000e+00
-8.296561010280281546e-12
3.125725656953351983e-06
0.000000000000000000e+00
-7.159234582000946377e-08
