1.076238773910193736e+00
9.838928630896401906e-01
1.035695782319502545e+00
1.004457614186381686e+00
9.993586541238086429e-01
1.036698934208795109e+00
2.400872745851810319e-01
1.104991790430490894e+00
1.032179355442187196e+00
1.009215942674032807e+00
1.387484058285648914e+00
9.678719585853612362e-01
9.935641576787545004e-01
-3.289334763352486785e-02
9.709281197797277052e-01
1.034056681186585891e+00
1.020199423238000502e+00
9.889031707345906641e-01
1.072962783145746002e+00
9.326911857119388749e-01
9.690780047560541011e-01
1.044286637053925215e+00
9.803407821500946806e-01
1.044748603084799221e+00
1.089417498845830057e+00
1.015434848258898404e+00
1.138118143975400454e+00
9.318950632364935149e-01
1.150975172799388435e+00
9.646800188133807241e-01
1.267362885247176107e+00
1.273552726477218400e+00
1.589364892800193552e+00
1.548791066296172803e+00
1.533445409933033687e+00
1.208806970999459329e+00
1.922977192861183848e+00
1.645209270049729167e+00
2.430725202960225117e-09
1.322661966371273112e-10
-2.132940862796467612e-07
4.606480513728001907e-05
4.712112740781724818e-01
1.920533641698687118e-04
1.885611096378195879e-04
1.908744874401013597e-04
1.939161349932611760e-04
1.797000084279276578e-04
2.147503328128256542e-04
2.745126252618905255e-04
2.983120538521000925e-04
2.390050859280864570e-04
2.065288007798339750e-04
1.881197631629631282e-04
1.907020140257773976e-04
1.953710743129185678e-04
1.897637866310650202e-04
1.915666722662680461e-04
1.912297994448061526e-04
1.987000337976494715e-04
1.877039320992546613e-04
1.971914895917311055e-04
1.773170982106175050e-04
2.726817400063489367e-04
2.368249686924110697e-04
1.949688796054944875e-04
1.894454925298206388e-04
1.853451679221680411e-04
1.835369225853104337e-04
1.894217710426159321e-04
1.841166482818070447e-04
1.848292342653856429e-04
-6.871245722201833984e-07
2.146108940758321483e-05
-1.790922643121142392e-06
2.337838629113370415e-08
5.947655308757648858e-06
3.924315738536787624e-06
-5.074469996896751110e-07
-7.718567677140343248e-07
3.593100789633945461e-06
1.756416597891593860e-06
4.271496164447848926e-06
-2.251056070083569567e-06
5.965953530999030385e-06
-9.039353626226029821e-07
1.135142139780543418e-05
-4.603708833986989714e-06
-2.410827560272030863e-06
1.380259407133299574e-05
-2.983030242716458029e-06
-1.353301417057944445e-06
-1.317064205442546468e-06
8.508368968403536465e-06
5.284813616705321841e-06
-5.003820364700613164e-06
5.248535459794573448e-06
-3.238090090225155560e-06
4.072109968353597394e-08
1.892683039508160361e-06
2.686186921530778051e-06
6.714598810564515667e-07
-5.307481462907485999e-06
-3.465801965559093579e-08
-5.742360001914278391e-07
-3.930879798471097398e-06
1.539823375565137677e-06
-1.002895845401756015e-07
-6.738733135324323815e-06
2.644599621644264938e-08
-4.929470575230286735e-06
2.241208919690400553e-06
-1.727688625050137703e-06
1.747249124914359656e-06
-2.040204903475984728e-06
-6.839521131081525236e-06
-3.336262422849153060e-06
6.772928614693588503e-06
-4.098122899046912013e-06
2.701656432532494291e-06
3.793127010344476956e-07
4.999197570071065857e-06
5.609725003676573507e-06
1.169795732338275719e-06
8.973131098395286190e-06
-7.273290761544432269e-06
3.354542355016695694e-07
-2.771379414250147805e-06
1.652634965386660965e-06
-9.093158749711783596e-06
-5.995817849598722801e-07
-1.079483057274142902e-06
-1.979598756789143545e-07
8.649820661313756305e-06
-2.666510540230503413e-06
-1.488717085188992393e-06
1.871662285817317016e-06
-5.551879230744200170e-06
2.922354492913746799e-06
-5.458821546665319138e-07
-3.157698472913147497e-07
-2.726625152418948472e-06
-3.386051972023669829e-06
-4.229726079461885982e-07
3.952469127732383423e-07
-9.532312135698431881e-06
9.266418173998140746e-07
2.672700709385310816e-06
4.951684239541046171e-06
0.000000000000000000e+00
1.647335874198815356e-06
6.478797676336168907e-06
0.000000000000000000e+00
-3.050586278917697147e-06
1.724926454872830847e-06
0.000000000000000000e+00
-1.681581802252158505e-07
