5.046620130446192176e-01
7.463597521113596311e-01
1.306591404062402706e+00
8.600651664283782694e-01
1.402306181415000630e+00
1.337084201432212405e+00
6.258542587641885424e-02
4.909247517949030248e-01
7.256741743143142465e-01
1.292994698678448628e+00
1.161943396015237884e+00
1.388522609503566763e+00
1.343408181293191728e+00
3.084084571622903725e-01
1.482786651533687383e+00
6.757416872871613300e-01
6.430917479697113581e-01
1.555369766046642788e+00
4.287823316928573436e-01
2.332813604604092372e+00
5.866841899385017989e-01
1.707793810350568098e+00
1.288162662081045795e+00
6.660423248738758048e+03
5.155182565807286954e-01
2.514805368121114952e+04
4.105930758076873910e-01
2.691909774540995226e+00
5.025870615598209135e-01
2.583403081209311131e+04
1.703465577377703877e+00
2.391871660756658821e+04
8.807816577350965348e-01
9.745097056929171958e+04
5.078805123831318102e-01
4.007863273298381657e+00
8.614788831365878252e-01
1.039754546281866496e+05
1.876670956840418245e-09
1.042833240853538790e-10
2.817322827345664950e-08
3.845034037504217012e-05
4.663909872079481933e-01
1.716003401379179367e-04
1.683997106936863130e-04
1.888042906663376145e-04
1.769769046228838387e-04
1.787088096910519693e-04
1.925819539208423192e-04
1.854691937436699339e-04
1.850646956645459092e-04
1.849988386328712566e-04
1.785102482589405828e-04
1.801061276884068042e-04
1.777485483463972938e-04
1.734210843540900568e-04
1.785404699412451333e-04
1.826089017232292448e-04
1.831678492784974389e-04
1.746937200022719038e-04
1.870214746390756527e-04
1.596203234370148212e-04
2.246874089372321659e-04
2.386714217619579650e-04
1.869115719576176608e-04
1.738118786768742688e-04
1.703943333933045359e-04
1.811301150271854988e-04
1.757550144211972418e-04
1.758356216518504930e-04
1.761508087072019796e-04
1.717612961131791539e-04
-6.594377385196713174e-07
5.833567720909852450e-06
8.181439264326311238e-07
-4.184551912603896031e-07
-2.113916741235967553e-06
4.240102250735779166e-06
-1.242501973724983995e-06
1.389693239493334166e-06
2.203668654606268676e-06
-5.573151287653113505e-06
3.738704694556507920e-07
-3.521859662604379717e-06
4.676884432323033826e-07
6.255017700958460639e-06
-1.504135603846319455e-05
1.424827877696580105e-05
-8.701564464421181726e-06
3.095387234977268185e-06
-1.756950469587063369e-06
-1.067461580306916372e-06
-3.416048540465521993e-06
6.469618584057224207e-06
1.426255266771147630e-06
-8.646849003365143983e-06
-3.307105919239902645e-06
-3.318740406158803134e-07
-2.063797552084017679e-06
-2.263189416030961520e-06
-2.179893986741845088e-06
-4.383865551572112887e-06
-1.712546561261689914e-06
-5.507597082131330136e-08
-2.529472622775006440e-06
5.656842128403859512e-06
-2.223695601374512247e-06
3.334300777287045654e-06
8.569573663980726026e-07
-3.542436184712781749e-06
3.561785266494520340e-06
-3.088177430578022063e-06
1.662464987325422339e-06
-1.045719096883026071e-05
-3.210706414995338461e-06
2.078714047970555513e-05
3.503603510067926993e-06
-6.523785449544930344e-06
-2.878851654000240814e-06
-7.341596039009333318e-06
-2.045844643005444531e-06
4.667471032416633216e-06
-3.102149878007263521e-07
8.732900970754654460e-06
1.467741730155100959e-06
-4.554866652379014157e-06
-8.032426442854891665e-07
-3.744848584371237783e-06
-2.406086027386326177e-06
7.547357201978134177e-06
-4.653052146132562583e-06
-3.595162597306096172e-06
1.032509530399260747e-06
-8.185265110567567207e-07
-5.444872186924456695e-06
-8.392522375168076395e-07
-3.527500079430484667e-06
-1.004461248484273839e-06
-1.340584584054373066e-06
2.351623969469258246e-07
6.859568365267989000e-07
4.126349526725797620e-07
8.702337186570616973e-06
-2.638589068201696517e-06
8.803670460662893152e-06
-2.336551896519555389e-06
2.357609581105954943e-06
7.049220859228021011e-06
4.897629755658288133e-08
0.000000000000000000e+00
-9.764342507389590242e-06
8.726653662204522527e-07
0.000000000000000000e+00
2.567973162766393790e-06
8.028673900492733120e-06
0.000000000000000000e+00
7.437514455358501156e-07
