9.608258710240058509e-01
6.789763726170248148e-01
1.287365813377373769e+00
1.084087589799855200e+00
1.319653600885270173e+00
1.291734389122818349e+00
7.976938275490984553e-01
9.603155741355071662e-01
7.183201647889961849e-01
1.264537327621388707e+00
2.860860126491711064e+00
1.309672341436887821e+00
1.294500093754991532e+00
8.969072730805951466e-01
7.222650212025781835e-01
1.388203655376684331e+00
5.364600061221517224e-01
1.864120666572939511e+00
7.583895405767082654e-01
1.318650816274586468e+00
5.206239149715803372e-01
1.920776076604587601e+00
7.756207391409797314e-01
1.320622281619517668e+00
5.724938890958822801e-01
1.807767836572509612e+00
7.648584145407559820e-01
1.308593612974411791e+00
5.568571577243548454e-01
1.817830771494724607e+00
1.008429213388415624e+00
1.590475109335583337e+00
6.544427766824085779e-01
2.165885913632991766e+00
8.292507519360325929e-01
1.405384565665474206e+00
6.193982383859466534e-01
2.154168398381065330e+00
3.593394497225324713e-09
1.899545925649181028e-10
1.521125975074416900e-07
-5.176363481829561290e-05
5.561208698904069880e-01
2.895131841062434114e-04
2.158700437548599291e-04
2.002710589688311683e-04
1.850225459620930175e-04
1.849901860835641146e-04
1.906460052116813644e-04
1.887906327423665180e-04
1.928383234898214363e-04
1.859876899382777670e-04
1.867598694330642993e-04
1.864084398383595220e-04
1.888074715992052270e-04
1.815696769094899093e-04
1.834326634846545072e-04
1.897861684986607185e-04
1.833416116525510959e-04
1.852927141155735194e-04
1.922560136489058957e-04
1.802677240010516432e-04
1.878905028918050675e-04
1.699478412567382256e-04
2.809900506611872728e-04
5.454599075360297075e-04
5.141164275680083513e-04
3.701913187018669466e-04
2.530692314577433514e-04
2.182045136220363410e-04
3.320372580030303772e-04
3.751161004816735913e-04
-2.832210174459891056e-06
3.517146548495025156e-06
6.730808758317302782e-07
1.014150636698975442e-05
-4.807821586234785784e-06
-2.175691670369501016e-06
1.246653588112859360e-06
-3.049445307601955083e-06
-5.071418338226378534e-06
-4.177810299045213169e-06
-4.287231201123275063e-07
-3.239981225826544361e-06
-4.704095440674765046e-06
1.699975208024690257e-06
1.448499386987860516e-05
5.527031493246421258e-05
1.719970043362694078e-05
-1.653626773626221285e-05
2.693071955015068833e-06
4.046371728306571568e-06
-5.674494752057284062e-06
-1.452904677687211189e-06
3.092265644795582382e-06
2.274577082882576017e-06
-4.433041834120830605e-06
2.753690448118879030e-06
-5.353867449248232827e-06
-2.479127187358486530e-06
-2.754112954188777603e-06
-3.140989724693511900e-07
-3.618579323274294282e-07
-3.621551107859490227e-06
-4.948174918001580752e-06
-6.193380084467579586e-07
-8.822970542704903498e-06
5.767938008417384900e-06
4.364789198039041555e-06
2.509628715354371114e-07
-4.377848687341732840e-06
2.910977793613615627e-06
-2.729246375379100438e-06
1.056342561646643321e-05
-2.200395890832008968e-06
-2.194652516095184953e-06
4.246470625311178283e-06
-1.113530303721306080e-05
-6.078289788637109079e-05
-6.953472816306287185e-06
1.379295894296584567e-05
1.124106816935628650e-05
-1.541340119223106781e-05
3.165030806816150045e-06
1.212993442621906204e-06
-3.617847425793527031e-06
2.295539114965000591e-06
-2.444449473212258458e-07
-1.077173233945004197e-06
-9.741657428240412503e-07
2.469415891502006533e-06
1.440848461453624859e-06
4.994962610467070199e-06
2.577507445159772542e-06
-1.061058468702697899e-06
-2.650727661127869952e-06
2.061430538886670592e-06
-5.830700267130257727e-06
-3.951614606639654121e-06
2.024838880978001690e-06
-2.428931312760078477e-06
8.936556347051233908e-07
-1.675973056263873011e-06
-1.309764276553988714e-07
-2.947838463930869563e-06
1.249688103969869470e-06
4.861552565288739926e-06
3.305402481606600678e-07
-6.937825694581021103e-07
0.000000000000000000e+00
-1.585015243483800434e-06
-6.332729779549363204e-07
0.000000000000000000e+00
-4.823615511560280860e-06
-1.453591172877881568e-06
0.000000000000000000e+00
1.432636037669955224e-06
