8.912028584634573702e-01
7.666517983370619849e-01
1.203699283461611147e+00
6.639902395008052682e-01
1.260313756538646857e+00
1.233344887485751773e+00
1.194631072242485992e+00
9.038983980505063132e-01
7.847460997550959050e-01
1.193568639803794573e+00
1.310935281223627458e+00
1.279248851682038168e+00
1.252980952987818419e+00
1.061406575523096141e+00
8.666810634774252398e-01
1.157444817046532570e+00
6.852779405022051407e-01
1.528620735035499667e+00
7.827354282410279307e-01
1.311318270800132302e+00
6.719278898813114687e-01
1.585283708189568985e+00
8.570359507149982736e-01
1.193213690278086547e+00
8.221861421616452059e-01
1.567651275553674672e+00
8.922083611390104751e-01
1.331311507159742336e+00
8.196098365723262225e-01
1.620370883241941229e+00
1.208424686358901212e+00
1.607358839632919478e+00
1.714199077876351396e+00
2.404039974218374454e+00
1.574616999237986370e+00
1.851236513676001394e+00
1.577781560798767302e+00
2.562164220882495513e+00
2.769592360160264088e-09
1.500201183929427856e-10
-2.334150917175596353e-07
4.475236298265376214e-05
5.232384746219567173e-01
2.442891956712046268e-04
2.214299298734845106e-04
1.860151914183012540e-04
1.910058820478001472e-04
1.745269485831280509e-04
1.932615309208755329e-04
1.999441581753556212e-04
1.934485023323028786e-04
1.952467924026579421e-04
1.892529791207813025e-04
1.919034385879510546e-04
1.895143436663556291e-04
1.891865134778730013e-04
1.900965726525095901e-04
1.893600931260181169e-04
1.906663116030732938e-04
1.924723508453522378e-04
1.905034499373532871e-04
1.832916623204099735e-04
1.917899372015717096e-04
1.793858302563255003e-04
2.612994999383592043e-04
4.062701568444299929e-04
2.758701600767923161e-04
2.086351082584497686e-04
1.893411059693676009e-04
1.977984886960844194e-04
1.814918314915546602e-04
2.237605684817673150e-04
-1.035248866999129437e-05
5.750353920413489890e-06
-8.545710228556764520e-06
9.217839042870854722e-07
-6.895160013109180182e-06
4.574039178131381782e-06
-2.993532948610956281e-06
3.154173842754735996e-06
1.074710638638261247e-06
2.742055520315224561e-06
3.509755871288228325e-06
-1.200565093462093422e-06
6.759641635673623478e-07
1.867348972646016867e-06
-8.492089694788122300e-06
-1.692906402397440837e-06
3.125875829405721469e-06
3.350399919798690615e-06
5.374709032885782289e-06
-2.043641377957748644e-07
-3.308193100563180243e-06
3.958411248682250537e-06
1.174993233482935084e-05
-2.069330654731736786e-06
4.937670020635227543e-06
1.006426885755460026e-06
1.553030739086355867e-06
4.211626569893245975e-06
7.805885059029488813e-07
7.060859607552171178e-07
8.010194807091779715e-06
-4.808818509775229681e-06
-3.659738871250081774e-06
3.634586498311874823e-06
-4.248562681046447805e-06
-2.481412342874042454e-06
9.940156231386977880e-07
2.447001323909442616e-08
-3.538535214690489536e-06
2.540529494028779125e-07
-1.460872404684563680e-06
-2.790457664905000028e-06
-1.465801404530481932e-06
4.076103357430009013e-06
4.413367516122907308e-06
2.599645458990579624e-06
3.103329372526502797e-06
1.707888170821295954e-05
-7.997688181114397625e-06
2.195671216663301109e-06
-9.149757398261402718e-06
3.006627026346791523e-06
8.756036356533813568e-06
-5.320850806176776427e-07
7.168858530486971954e-07
-4.536865587093323046e-06
-1.925534803133445558e-06
-2.464571507033990333e-06
-3.205911582664421075e-06
-1.894513298088561941e-06
9.924402760946199398e-07
-1.928804118633556473e-06
1.017120225100966712e-06
-2.824237201391456013e-06
1.965686564536503943e-06
-8.134671582029400994e-07
-1.668272469732920621e-06
1.622343332858839499e-06
1.611616432219784141e-06
-5.450234445583608498e-06
-2.059511954115758373e-06
-4.816949595055362084e-06
1.880147760837078442e-06
-1.169349046014102469e-06
1.650537080680320297e-06
-2.554983542608975512e-06
2.935541622963684308e-06
0.000000000000000000e+00
-2.787750251017508034e-06
4.110913231638887442e-06
0.000000000000000000e+00
-1.878622624344009950e-06
-2.745622473791302959e-07
0.000000000000000000e+00
8.178588107098480375e-07
