8.557876762668883419e-01
7.960959257647746146e-01
1.000000000000000000e+00
7.162477276766725520e-01
9.782912591033144922e-01
9.818554378806378935e-01
3.843758471457844328e-01
8.377272362648169324e-01
8.144454596923907941e-01
1.016281262321509615e+00
9.942520274239796674e-01
1.004037474573737487e+00
9.650613259726688042e-01
7.227217973417100760e-02
9.565297811503752357e-01
1.045472661479826870e+00
8.159322735372380730e-01
1.226647872290870911e+00
8.351355747067770174e-01
1.197414890245416252e+00
8.642241146343627722e-01
1.157251190893938686e+00
1.034401907094458117e+00
9.868095678126183046e-01
8.972619094959117803e-01
1.182505209862945605e+00
8.590518546913279430e-01
1.214984061670290716e+00
9.699779526751375336e-01
1.111415208781328712e+00
1.382696207382535736e+00
1.162746750921437089e+00
1.081204687198986658e+00
1.427160462962733023e+00
1.003271113863689390e+00
1.359767540585578915e+00
1.296144192192735245e+00
1.449686622069858766e+00
2.198335411757180711e-09
1.248461392615133716e-10
-1.322996140759828949e-07
4.130854719182608912e-05
3.640152720330894209e-01
1.883566095010327985e-04
1.808130603726307414e-04
1.826659611519204640e-04
2.000747385014444140e-04
1.553119265632479115e-04
2.561209352714684338e-04
2.606286992411468084e-04
2.251440092229424895e-04
1.940088779660421154e-04
1.835566756054771913e-04
1.830156379147303660e-04
1.820816815131688496e-04
1.931043429419296688e-04
1.976260611881379252e-04
1.844722211135584847e-04
1.812087948768853452e-04
1.870916401216145297e-04
1.839938803894368338e-04
1.999482025071234060e-04
2.500459691859633184e-04
2.118097963037497776e-04
2.055816416848120390e-04
1.750143894902466432e-04
1.825876982469824014e-04
1.817106351699997874e-04
1.815738777496383582e-04
1.856012296809577658e-04
1.813772280273475280e-04
1.900657926977969740e-04
-2.257748440830874395e-05
9.287853689554730855e-06
-6.896870633696549573e-06
5.898453788643072512e-06
-4.731787025660336724e-06
4.213509543118949656e-06
-3.355477380494299628e-06
3.251981971647788653e-06
-3.743199870841435501e-07
-2.502198078029533037e-06
4.284629430736848204e-06
2.097245493413736392e-06
-3.675916965298908033e-06
-8.401212975483728107e-06
1.658091009550057595e-05
-1.967591502464917391e-05
7.024111306060071943e-06
-4.906441227317122244e-06
4.271436507448602056e-06
-2.137708392993333152e-06
-3.476291288624629858e-06
6.540869380082496581e-06
2.692199864363224081e-05
1.319862864753918219e-06
-3.985188838253495719e-06
-1.492414999357737996e-06
1.530895678797163693e-07
5.034270973217699190e-06
-3.715537742425947615e-06
1.658144419985808006e-06
-4.004115104866539340e-06
9.929406771798921329e-07
-5.666568558676690136e-06
3.067974146178602952e-06
3.610564430892262106e-06
-6.941639100591904629e-08
-9.821445445551048398e-07
-4.178801652527021545e-06
6.354778970731475915e-06
1.416525348320892667e-06
2.829313494117581081e-06
3.266766299177314109e-06
2.750014914924244266e-06
-1.883746341163424768e-07
-1.659008870496629083e-06
4.191783989251474218e-08
-9.176690708079139472e-06
-4.928873859238959514e-07
-4.942806805587841227e-08
-3.800054406017526209e-06
-7.380311827654594374e-07
6.541698830121356711e-06
2.035884506475422079e-05
-8.402931507202980108e-06
1.469243393786699445e-06
-2.831191482337343482e-06
-3.329434431917390795e-06
-4.715754072020660899e-06
-3.055943544121029386e-06
-2.708454664947086452e-06
7.699877469712447746e-07
-7.187559621505993100e-07
3.104034563983487802e-06
2.966672706308756001e-06
1.492237344847285178e-06
5.266735591766622360e-06
-8.237464266083893619e-07
2.985893027597568913e-06
-2.065900014738258499e-06
9.534968888540215999e-07
4.678296069968764914e-07
8.030449160406138577e-06
-5.050663889537025416e-07
-7.059011210728279239e-08
7.466966071877194197e-06
-1.239108482930190177e-06
9.945887575513090488e-06
0.000000000000000000e+00
-4.594381213434118722e-06
9.557543789338750391e-06
0.000000000000000000e+00
-1.221082705962196915e-06
5.264269907634530952e-06
0.000000000000000000e+00
-2.702168760486475914e-06
