9.967107907729273464e-01
9.647476959175580458e-01
1.227338373969926177e+00
1.060090937423602497e+00
1.212636495127557446e+00
1.231605317022319568e+00
1.029050009571006452e+00
9.731496058686561756e-01
9.459025049945805064e-01
1.173350120707451705e+00
1.102056062054276975e+00
1.169222570156744911e+00
1.230235241367113375e+00
8.992272534271555928e-01
9.839777369278726038e-01
1.018496793147117385e+00
7.904575255599868289e-01
1.265804934679516158e+00
8.699862442551458130e-01
1.164973267120829714e+00
7.630019272155914578e-01
1.312283666101090152e+00
9.193044662287779278e-01
1.108412652211751670e+00
8.140636405257539732e-01
1.269900650291259758e+00
9.021797602798903304e-01
1.509245908000418357e+00
7.694706513555016336e-01
1.352539238310851655e+00
1.183564233583709768e+00
1.327470341481122418e+00
1.045286655671331832e+00
1.704560414698603310e+00
1.234943369057011964e+00
1.915631124539622920e+00
1.138565727125979476e+00
1.787693518930837833e+00
2.151191231355788513e-09
1.251208933104443430e-10
3.144744019393895151e-07
2.264333914693290178e-05
4.525529217748819333e-01
1.928757895717344499e-04
1.893082605870872927e-04
1.823877028076289618e-04
1.864393967432636709e-04
1.910457452498638665e-04
1.932148616275486982e-04
1.967330652876816618e-04
1.898351593087544082e-04
1.880285242727727877e-04
1.884999390434529266e-04
1.916641669522519905e-04
1.867127687917551483e-04
1.919851612373629107e-04
1.894402561131580546e-04
1.844434895076087189e-04
1.868192558977755323e-04
1.899423885101561669e-04
1.804156816338748455e-04
1.892756840775187857e-04
2.345827015805964050e-04
2.260492495834793484e-04
2.191346098599057733e-04
2.461647404370456574e-04
2.298876560480080902e-04
1.972155213597962247e-04
1.919528703361092882e-04
1.904668360708816372e-04
1.889795869775738406e-04
1.925683561148625912e-04
-2.308160924107796490e-07
-2.135778750215326095e-06
2.750872521858962508e-06
-2.066054408737348749e-06
-2.274996996978295881e-06
-4.976640780225085497e-06
-1.978224241363194725e-06
2.881597792292151093e-06
4.624202215034903485e-08
6.202598373243904456e-06
2.169891351662821745e-06
-1.295584626997784758e-07
-1.462826813406938514e-07
-6.840533065437234136e-06
2.638563936164922132e-05
-5.490683747096933838e-06
1.457408990809647214e-05
9.382877800005962610e-06
-2.226638299522821715e-05
2.106758535554486752e-06
1.911375673174122638e-06
3.780804221536542683e-06
4.800438919852771662e-06
-2.387831987443060829e-06
2.118513825535697717e-06
-8.927655190563830830e-08
5.444450318349063032e-07
5.013498198980284751e-06
-1.341346644621156345e-06
3.300141322757728292e-06
1.346044754385655201e-06
1.452324393753816890e-06
3.734026603891175432e-06
-4.648753473260109801e-06
-2.454854590943892240e-06
-1.408687786603343169e-07
1.671450552514713750e-06
-1.100967946154316385e-06
-2.272722189643764930e-07
-3.801052410925886070e-06
2.030079178083014219e-06
9.083822401312287081e-06
1.475588599971568203e-05
-1.790403589991517496e-05
4.459471778895563852e-06
-5.421997136279027601e-06
-1.491262621695872565e-06
3.815267892339931812e-06
-4.579992865297190021e-06
-6.926052822175381371e-06
7.415856699380321350e-06
2.099553860716280815e-06
2.981058385976532273e-06
-2.390607458344345344e-06
2.285249218877783818e-06
-1.643411345104084023e-06
1.309749462421463682e-06
1.678260735667682258e-06
1.788959391053489192e-06
2.625765318236861007e-06
-2.877415981805746893e-06
1.963676354645051086e-06
-5.129008360575574327e-07
6.035984711293282211e-06
1.278954278975136842e-07
9.140585880192718859e-07
-1.172020325331147633e-06
-8.129244031532740927e-08
-3.212370533412306932e-06
2.144836330261820063e-06
-4.248161154822240877e-06
-5.729564902273033986e-07
-8.836325103786490107e-06
-8.709853129333770312e-07
-5.631038845026127733e-06
-4.878148488567803094e-06
3.745350341315992765e-06
0.000000000000000000e+00
1.108016788841687891e-06
1.488732487004017940e-06
0.000000000000000000e+00
2.519990227092399255e-06
1.785461514328327163e-06
0.000000000000000000e+00
-1.334085343733737153e-06
