9.145948078079850774e-01
1.038226088220078003e+00
8.145507246376811894e-01
5.032139700354067990e-01
6.113374907297661753e-01
7.599854778575914072e-01
9.263886600719263287e-01
9.243984818916526347e-01
1.048453599937518632e+00
8.145507246376811894e-01
9.613873328027306986e-01
6.823232396642304742e-01
7.599856087467513621e-01
6.790726892072231902e-01
1.119435377334771609e+00
8.933129235558854297e-01
1.415674560448709318e+00
7.222110464320423695e-01
1.145968096426976057e+00
8.849086719030161419e-01
1.422342599457794510e+00
7.036391996738915466e-01
1.119567757366121130e+00
8.964540576781407921e-01
1.375949019504695503e+00
7.536694899604308162e-01
1.159667824412145443e+00
8.914246211836133194e-01
1.466570025842955705e+00
6.882005268565869471e-01
1.187179855101050840e+00
9.602257594112373340e-01
1.494444638505075584e+00
1.025342291105894921e+00
1.281463395524123694e+00
1.113009584656156736e+00
1.581709090957236885e+00
9.903484786068232903e-01
2.439729904581863201e-09
1.175504021751278714e-10
-9.051555424305466504e-07
-4.454286829133459274e-05
3.751749586461382013e-01
1.350699609941398188e-04
1.396525995368363385e-04
1.285483242080965704e-04
1.494567337279489091e-04
1.200998508887526895e-04
1.875301455712166090e-04
2.221240668825494964e-04
1.973064072174070499e-04
2.034994134997679524e-04
1.947071684197893091e-04
2.156934123803983666e-04
2.010003617345266439e-04
2.071211241398666241e-04
1.936618403334363552e-04
2.200151816031220803e-04
1.610731143980854811e-04
3.077194961625796896e-04
3.333439793454048990e-04
2.201311979034335873e-04
2.190218553929192732e-04
1.968016586266467397e-04
2.005859020798594103e-04
2.022810081470723825e-04
1.891551326852586009e-04
1.994501582413286196e-04
1.937785502595732855e-04
1.476688631479435780e-04
1.440512477640087659e-04
1.405436387903254039e-04
-1.985325987633541051e-06
1.440580018033630979e-06
-1.704873243637772720e-07
2.743645593032762793e-06
-1.155985322969376627e-06
4.492546328668561621e-07
4.257904464683784947e-07
5.851189139780991138e-06
5.474991732379775019e-06
4.862522678342047920e-06
6.701488312577363148e-06
-2.835343208928965914e-05
3.988362777435062144e-05
-1.750152083607207302e-05
1.466752478091301709e-05
-2.100654409339225008e-06
1.070791003148899558e-05
5.524297124597715508e-06
5.422458952318394955e-06
1.380616529476651161e-06
8.162740144728652193e-06
8.406153666717456745e-06
1.896522353719058438e-05
-8.131624095112763005e-06
-2.199830899996668151e-06
4.094393202376384000e-06
2.778024127468037245e-07
-2.546523905914899655e-06
-2.346229363701153523e-06
-2.063014259306405420e-06
-3.252496694349083307e-06
6.825420350105677347e-08
-1.028187177991671410e-05
4.372976880157761036e-06
-3.279879351334032830e-06
-2.392396950966062155e-06
1.399591044707104404e-06
2.933211161749988669e-06
-4.949550790877774751e-06
-8.225491325239340211e-06
1.173184545281420129e-06
-5.434770118210788660e-06
-3.281371281859848075e-07
-4.526205498112911401e-06
-5.995695095658389110e-06
2.546879229248873588e-06
4.161990189998288479e-06
9.749889414543353380e-07
3.065238574230419914e-06
-3.850327144293610846e-06
1.646973726700223979e-06
3.893616636703887000e-06
1.560030009359994642e-05
-2.971025077330583650e-06
1.044456175120853165e-05
8.553457676259014340e-07
-7.237126409758394024e-07
-1.964995397853896414e-06
-2.304720601952296925e-06
-4.147648029196432397e-06
6.893409416165528234e-07
9.804904944398701444e-07
4.557908101499446699e-06
2.566685493874577743e-06
-6.713254272254701844e-06
3.680815407992315260e-06
1.547999506792147700e-06
-5.952115430743803781e-07
-1.123837004669568491e-05
7.139578109548868357e-08
5.889310525424693477e-06
-2.916363076833675275e-07
5.735536970066960111e-06
1.233016168109547282e-06
-3.830007369736681191e-06
1.105450850219953468e-07
1.131941060668824575e-05
0.000000000000000000e+00
-3.519155234186787432e-06
8.954044605754019488e-06
0.000000000000000000e+00
2.733334271810788473e-06
5.545859463176970318e-06
0.000000000000000000e+00
4.941745511596418634e-07
