1.116267678767358440e+00
8.725146279812929784e-01
8.958765372558475937e-01
9.105060963992158696e-01
8.756145549329514832e-01
8.729829252119087890e-01
2.733898613462630300e-01
1.116267685365623485e+00
8.725152864659686536e-01
8.958765372558474827e-01
9.105058283803568742e-01
8.756145466096828534e-01
8.729829240570365911e-01
2.733889709346818409e-01
7.446936389130066614e-01
1.342984041761535074e+00
9.815993765399155802e-01
1.019040724435941181e+00
1.219893915425916520e+00
8.197463687376296271e-01
1.006264599161118545e+00
9.940054146841501570e-01
7.446933171752156966e-01
1.342984633279478590e+00
9.816001172222583726e-01
1.019039950288736174e+00
1.219893922705824307e+00
8.197463638581176104e-01
1.006265337485008793e+00
9.940046811042387853e-01
7.446958401725772836e-01
1.342990733714747531e+00
9.816052872211553648e-01
1.019045354762817990e+00
1.219894187360883731e+00
8.197465309371807507e-01
1.006270643191524039e+00
9.940099584425851065e-01
3.804029299538397576e-09
1.607548622535553269e-10
5.098277260573400703e-07
6.167653611663356024e-05
4.320842346354498154e-01
2.033557869661722483e-04
2.068429044896338484e-04
1.546591731875606173e-04
1.430867248479027610e-04
1.296566969058318914e-04
1.843561043633651125e-04
1.964982712179329607e-04
1.948202555489008964e-04
2.074374076654472840e-04
2.010614358097234785e-04
2.031791893922909676e-04
2.011762266733850449e-04
1.917317263594724586e-04
1.916265920892967246e-04
2.021588317468753378e-04
1.927214095616264482e-04
2.129638349646366434e-04
2.530747452738630731e-04
6.402805008980541699e-04
3.983082534128665328e-04
2.781190668365235777e-04
2.380505137629489718e-04
2.049977185635585924e-04
2.009919335983917105e-04
2.053488677957518698e-04
1.967826290135301194e-04
2.059129348411412280e-04
2.009631212419348066e-04
2.020333036438471622e-04
-2.033925172106849777e-06
-5.016897726543759995e-08
3.500191874371688565e-06
4.823213316953286732e-06
-4.406167086993581173e-06
-6.135079231026172973e-06
5.594249029286901522e-06
1.099339860435819592e-05
-6.580085585608770646e-06
3.938451247616924942e-06
-9.063440645444618041e-06
-4.329535146304292544e-05
1.313249206373184806e-05
5.498304648188791731e-05
-8.692426252167202705e-05
5.469868095468726095e-05
-4.848019026093288170e-06
2.003734294813016603e-06
8.437314611554433299e-06
-8.622271784762145576e-06
-1.445469771712569751e-06
7.610928466816747258e-06
1.238715907626324847e-05
-1.816781215380910988e-06
2.001502556862266600e-06
6.365533701187348908e-06
-8.141171035682377515e-06
7.875410052565282319e-06
9.216697596970796272e-07
1.581732393516276866e-06
2.246704014428206042e-06
-8.238100027774059095e-07
-4.383518161167258262e-06
-3.206097044456423247e-06
-1.415481193354390227e-06
1.637009022414369224e-06
3.458586029584208203e-06
-1.365050770402575912e-05
2.266280976826714737e-05
-1.748295495382020965e-05
-5.391703566326787003e-06
4.505592861546255557e-05
-5.479595375106422947e-05
1.660452497000618563e-05
-7.984399907380231325e-06
3.130180693765152669e-07
4.420859504312659293e-06
4.747055771731924144e-06
3.637095352508989673e-06
-1.718016950277990471e-06
1.124362341847837567e-05
1.235240491153867422e-06
1.572372239170915327e-05
-7.393034738350654490e-06
2.901849972377378919e-07
4.691897689509225521e-06
-5.734947864898950898e-07
1.579154550911677804e-06
4.061384588766453203e-06
2.457612145546255671e-06
3.849333254433141591e-06
3.558679805566479357e-06
-7.675303455151667343e-07
-3.968186037797089803e-06
3.746528991247884474e-06
-3.339496951586845618e-06
7.347573922000195475e-06
-2.100900581913085386e-06
-1.364615574224616267e-05
8.982849577320369406e-06
-5.443229333078864095e-06
-2.143892535842126138e-06
3.484379059737806776e-06
-7.381123854845618263e-06
-9.675531953504140585e-06
-5.158013331333426653e-06
3.493942713608633783e-06
0.000000000000000000e+00
-3.982909825008673593e-06
3.725453055056356294e-06
0.000000000000000000e+00
-6.410454472317591075e-07
8.809779492280513232e-06
0.000000000000000000e+00
-1.283171672191169406e-06
