9.904432496119150997e-01
9.206754816774239680e-01
1.062071069086472530e+00
1.229680458197125459e+00
1.136391038246853835e+00
1.084365453778148414e+00
9.646832520425020485e-01
9.883201060025239570e-01
9.237858711242417087e-01
1.069725081766012220e+00
1.732942263490531154e+00
1.122139455234610006e+00
1.064652053324876224e+00
7.897531138125750694e-01
9.026031333558405256e-01
1.107912904098267148e+00
8.516698459582496827e-01
1.174169573028448932e+00
9.078505672338011978e-01
1.101508258224687564e+00
8.536469862694486821e-01
1.171449817160820750e+00
9.258424493434364022e-01
1.089173101184321979e+00
8.702857056158785909e-01
1.152147688004839354e+00
9.298633800130597926e-01
1.078643178878228914e+00
8.638859896143519235e-01
1.165604601291893916e+00
1.016690893890648262e+00
1.197990747682823098e+00
9.431662112262850783e-01
1.280159558686046584e+00
9.980708249042976599e-01
1.142565662713505681e+00
9.780119030181024797e-01
1.320082341712510487e+00
7.698734146310025483e-09
2.081832686683710838e-10
2.029997130699523970e-07
-7.279545471776150160e-05
2.604046335567318238e-01
1.768623089022563284e-04
1.800121691950184121e-04
1.755748462686161204e-04
1.694950737483368942e-04
1.787010225639376387e-04
1.761131538912457609e-04
1.872021670201022580e-04
1.773138782891283435e-04
1.848030702770290818e-04
1.808309997196690154e-04
1.915465493166835966e-04
1.591905713695056896e-04
4.052053896454327342e-04
9.174076439940292938e-04
4.656337765585728361e-04
2.442515372730191684e-04
2.024044933821592335e-04
1.904181377026760089e-04
1.864405274290685294e-04
1.777507189679721909e-04
1.729692568386782857e-04
1.807673944540628367e-04
1.828133691166142129e-04
1.791660879892253066e-04
1.783172293862854592e-04
1.818756023896284839e-04
1.884431569571517280e-04
1.695422881628117656e-04
1.779931680788246365e-04
4.758519388452258710e-06
-6.598105456594297031e-07
-5.131282041548512145e-06
-3.635354160637744348e-06
6.678276739685153601e-07
5.474027065570224112e-06
3.222150383660713510e-05
-2.514288372734342381e-06
1.767163421883426706e-05
-5.663674878896258151e-05
2.839339128045096250e-05
-6.616740624133190514e-06
-6.114543861605251034e-06
2.817636148726916237e-06
1.021657739913272203e-06
1.767392472614229561e-07
2.064224872474937391e-06
-3.103844985793248323e-06
2.156049698592679809e-06
-1.721505116592303756e-06
4.324057833490327531e-06
1.741204923348682931e-06
8.380913663084410005e-06
7.442108170475170302e-06
-3.521033360702564420e-06
-8.072748979585699060e-07
1.638176420237010042e-07
-1.695216115871239453e-06
3.844567857453656636e-06
-1.675918027971206049e-05
-1.380615773990860140e-05
7.472805812593860900e-06
-1.111744733465461801e-06
1.244829949726258876e-05
4.405096136412919176e-07
5.449239060673697906e-06
-3.899784098259373387e-06
-2.531002665600044729e-07
-1.255286290711328424e-06
2.877564659200838294e-06
-1.629352737640299724e-06
2.183857339499819853e-07
-2.036337935159507695e-06
3.352184523499663187e-06
-1.593095967265807753e-06
1.004615177825982041e-06
-1.395920658691223592e-06
3.674180001647628785e-06
-8.452237563242016941e-06
-6.721446082158475431e-06
2.431428960476228334e-06
-7.237547347904806171e-06
-3.647880659081484232e-06
-3.688578181735887062e-06
5.397411835977580240e-06
1.331694645090148496e-06
1.296477505537653133e-06
5.683246697369074650e-06
4.990099500228339088e-06
-5.524071360625059125e-06
9.034694505690192887e-06
-4.230024670837896077e-06
1.195795301136793207e-05
-1.084701788063013421e-06
-2.602270180487825213e-06
-9.941272344196235147e-06
9.336038451901977744e-07
-1.403579487403903655e-06
5.378429833846025980e-06
2.897003883864225775e-06
1.070112803472022340e-06
-2.233956301381723765e-06
-9.836860554370420271e-07
-1.740179565575342860e-06
4.720622501062626599e-06
3.388920436558794287e-06
-1.101239388880962423e-06
0.000000000000000000e+00
1.341577963578500841e-06
-4.370248373462260954e-07
0.000000000000000000e+00
8.119574878635236885e-07
-8.302447531324859434e-07
0.000000000000000000e+00
-3.230096785114365631e-07
