1.132996016216172741e+00
1.125770888008932991e+00
1.001327561327561400e+00
2.231594786993628787e+00
9.531467812392053762e-01
9.949785195689817563e-01
1.115983120425071196e+00
4.976058551794475093e+00
2.267863885624206887e+04
9.690351947926008069e-01
4.443642497471870738e+05
9.174209778328881182e-01
1.019805706639203668e+00
4.122490075155471459e+03
1.091101457467551938e+00
9.225132232723241010e-01
1.096334645467940572e+00
9.141528940897920563e-01
1.047961267880343605e+00
9.633118253531439690e-01
1.106845636820094736e+00
9.091993271004231714e-01
1.516943990565883496e+03
6.833474330365562066e-01
3.798960397268168890e+04
9.830564728103131644e-01
7.498429326138756679e+00
8.625813003040008198e-01
4.271170042649831157e+04
1.015186898540832328e+00
4.663492596620166296e+03
1.202242054651399439e+00
1.251458116938830935e+05
1.555368766496347810e+00
2.520577875578397453e+01
1.338568166897430523e+00
1.370452329605018022e+05
1.685152365263870022e+00
1.705646812872636404e-09
9.231202058407925377e-11
-5.073499307144258872e-08
2.958976167024991971e-05
3.675683627905873552e-01
1.704464530790121210e-04
1.500671739122249920e-04
1.052986254504962248e-04
2.692098527690129197e-05
-3.460523531207592769e-05
7.757771864394565477e-05
1.746874586874647497e-04
1.870343224894399766e-04
1.818319374856009233e-04
1.752994870407434728e-04
1.891709902727826183e-04
1.811795363726230825e-04
1.905276992609759596e-04
1.774885114268417454e-04
1.918211976215659811e-04
1.952680985772086667e-04
1.858327230001054556e-04
1.817286400906774617e-04
1.817624161217444828e-04
1.725104365361557614e-04
1.727807593453791195e-04
1.798492761045747694e-04
1.800851845237398153e-04
1.786919271446348024e-04
1.751086415146727005e-04
1.791467946584873240e-04
1.748477213953200009e-04
1.772476393257615534e-04
1.763686432597494109e-04
-2.271207085341596415e-05
8.557750939784035350e-06
-9.300623709298620485e-06
-1.277726587603683612e-06
4.022130226801063785e-06
4.449435637480848441e-06
-2.725327129127654245e-06
-5.721436338604003388e-06
3.590211880820498213e-06
-9.253172629061479670e-06
1.256658946641607466e-06
-4.889830002270089114e-07
1.818811570431816864e-06
6.108166292188161524e-07
-2.317249308896287230e-06
4.388383457919055959e-06
3.476286788648883145e-06
-2.405354380551367609e-06
3.687613834054427858e-06
-3.839614956303061493e-08
2.307650848948033950e-06
-7.853256324283021037e-06
4.052552163194163000e-05
-1.205377067711818814e-05
9.541213714345783204e-06
5.572677631350515665e-06
-5.330937090369187504e-07
2.420281548539420566e-06
1.320706849376810313e-06
-3.238286227308684316e-06
-1.796152278630467750e-06
-4.282746553464045605e-08
1.954037812107315895e-06
-6.433400458626550129e-06
-3.155718147641424162e-06
-3.926265849606292732e-06
1.831312125599246572e-06
-6.169884811489668540e-07
-9.674342512314150026e-07
9.391674328307954980e-07
-1.763180421763545074e-06
1.539430537382876842e-06
9.893389775063206315e-06
6.689609329881870923e-07
1.796071886259236896e-06
-8.587221602081623201e-07
-3.800465018229022698e-06
2.498908611101866635e-06
7.356656200816409053e-06
4.628834662140886356e-06
-5.126291580493797657e-07
3.569477220871086392e-06
2.266974818207274960e-05
-9.183155122996475880e-06
-1.393475528985627269e-06
1.304539672585704101e-07
4.437279854282010977e-06
-1.243750766045547691e-06
-8.083757809481416422e-06
1.249614042198855783e-06
-1.072403350015292938e-06
-3.352006776327289151e-06
-3.538484144821141859e-07
7.988815473008281626e-07
-3.262796758503912407e-08
-3.664645717789885497e-06
-4.749432147360275874e-07
2.647551909580762850e-06
-9.951903196316586727e-07
9.072963539736011468e-07
-3.243258861922037387e-06
-6.613614447551054520e-07
8.734884104982960076e-07
7.658588460422578910e-07
-2.928396851400334349e-06
1.112311662979370072e-06
1.721623419827020539e-05
0.000000000000000000e+00
-3.046716209855613623e-06
1.256128433217961062e-05
0.000000000000000000e+00
-3.071474237985415451e-07
8.700553388141698527e-06
0.000000000000000000e+00
-2.412759424552165732e-06
