6.853382923409977456e-01
8.533568735325429699e-01
8.113207547169811740e-01
4.122381600464102291e-01
8.480010531684489816e-01
8.614075527420688161e-01
-9.307405747245303673e-02
6.923718197097262772e-01
6.884602385165397020e-01
9.301138605459329245e-01
7.517484925886446234e-01
9.409086187090631714e-01
9.227671729539371759e-01
-1.934263184467259478e-02
1.026462221977342271e+00
9.829451446359547262e-01
7.491788238919798726e-01
1.334795494399917404e+00
6.534054043325193684e-01
1.530453193792654876e+00
7.054220907617452241e-01
1.422511772608218372e+00
8.963503607295327802e-01
1.215696669044492228e+04
7.099508732932879873e-01
2.469816038166558428e+04
7.892646369969825715e-01
1.480692791351726711e+00
6.745127085694064828e-01
2.372318159264881615e+04
1.448216582771279182e+00
6.318825879026527400e+04
1.210134498663459013e+00
1.226252605691455246e+05
1.146599230113402479e+00
2.220198622741930361e+00
1.230802765460564219e+00
1.186123176651165995e+05
2.102786625036326147e-09
1.200002817093688450e-10
-2.066510737127070897e-07
1.672891150333875637e-05
4.913156890189591675e-01
1.882542379244575375e-04
1.975757365510054267e-04
1.873758438122899667e-04
1.952862449092724955e-04
1.750783735263096073e-04
2.001184355314760885e-04
1.932337943201640714e-04
1.878741432540656574e-04
1.910584453976975372e-04
1.915845178938858310e-04
1.943249999280178327e-04
1.897294197192397501e-04
1.926593769259817999e-04
1.951205022914980966e-04
1.832782560642015699e-04
1.889958324614598073e-04
1.771897987719115840e-04
2.162631781245648072e-04
2.014124625030492481e-04
1.884128641891634785e-04
2.400990161774353335e-04
2.111695006942314475e-04
1.818807046906071776e-04
1.848931914270385204e-04
1.830336385274129989e-04
1.859296557352184995e-04
1.801414991415867684e-04
1.846095911703469626e-04
1.820547705570230981e-04
-2.235392182792548435e-06
1.457671285678220504e-06
-7.228602130682717893e-07
6.649697775821517055e-06
-1.165828626675758435e-07
1.910460485636659485e-06
-1.228348716093655227e-06
-1.215579674846520511e-07
-2.060548509436759519e-06
3.381799690943202422e-06
-6.967029935401545518e-06
8.758778069919579480e-06
4.427495732922469427e-06
2.179276591060716101e-06
6.371397194975349422e-06
2.330341229936407359e-05
-2.317594231339407357e-05
1.014207840814288374e-05
-4.214502836942486536e-06
-2.304218975712504220e-07
-1.282523257816955636e-06
-7.689281154630933290e-07
2.636383810204701397e-06
-1.337873719147486005e-06
3.688832833246569317e-07
-4.304107009362926852e-06
3.825452919511183583e-06
-1.771567169579774493e-06
-6.712569200921041588e-06
-4.978214748426508794e-06
5.771397349964978198e-07
1.692113301845832635e-06
-8.456208427738427442e-07
-4.834057960573719961e-06
3.194684542888137050e-06
-4.406547442630677876e-06
-4.957872370074762873e-07
3.303278602710333140e-06
8.166493520959617889e-06
-2.867019333603976388e-06
1.357336659963796023e-06
3.721398244968012169e-06
-2.942627775056511559e-06
8.948762083755668984e-06
2.903906140874671303e-06
-4.037659879825415975e-06
4.041808887857541812e-06
-2.985850883496053297e-06
-1.182364998601217824e-06
2.541247455774968444e-06
1.714982232548187460e-06
-4.645097208221579412e-06
1.065901258893751582e-05
-4.169997345013240708e-06
-1.607049361716918726e-07
-3.616273597972501232e-06
-7.132512336735556600e-07
-2.739281043279964427e-06
-2.311627277595490608e-07
3.709622294040670820e-07
2.660363704610747624e-06
5.472510194249541030e-06
-9.360576873320688440e-07
-1.265684499041953333e-06
-1.072496908832505917e-07
4.874594027735193601e-06
7.915006822070511681e-07
4.185018403588103134e-06
8.258836692316500776e-06
6.659876918283714202e-07
-2.329957643159026531e-06
-3.218634557126637649e-06
-2.009864258600099722e-07
-7.467047244893933690e-07
1.258175045747239634e-06
-1.007584146629279813e-07
5.647161618064448419e-06
0.000000000000000000e+00
-4.229043264364980466e-06
1.214691748020900665e-06
0.000000000000000000e+00
-8.343155138186601475e-07
1.722009891617129333e-06
0.000000000000000000e+00
3.220143959826768315e-06
