7.302248626152820776e-01
5.162993803622433209e-01
8.783598371404521821e-01
8.048527368567822693e-01
9.327781518404814065e-01
8.495148954341066316e-01
2.723107820703554727e-01
7.327216393107547354e-01
5.160738081246583064e-01
1.013973270529026305e+00
1.122177831000800818e+00
1.098936898058670675e+00
1.025918035188750910e+00
2.319139869547463817e-02
6.765975281781382300e-01
1.478191943584300727e+00
4.835251731051732338e-01
2.070900103039221118e+00
8.589054520345285049e-01
1.164603371239380625e+00
4.961087811588287266e-01
2.060708739997629824e+00
6.837597734345755018e-01
1.624279996272441684e+00
5.238765575642063688e-01
2.194287391128940889e+00
8.665720336448702321e-01
1.366154774800901084e+00
5.653840619080360286e-01
2.227864754010306481e+00
8.926046531472353607e-01
2.563301144247013497e+00
8.582698765231902005e-01
3.540718691499562976e+00
1.246071247049727049e+00
2.812196330110568354e+00
1.001550694518605900e+00
3.911756061442805965e+00
6.266061166770617211e-09
2.118272333630523424e-10
-8.046995912768389525e-07
6.329884330201468847e-05
3.000047071141576094e-01
1.831082831455816567e-04
1.867673265011682065e-04
1.847060789039567765e-04
1.988854405098802996e-04
1.757202719457683180e-04
2.095968645731934098e-04
2.279123488782343625e-04
2.237727788904814207e-04
1.890309336278763689e-04
1.929280729069569812e-04
2.005000111066864202e-04
1.818556230800114407e-04
2.290938408174357337e-04
1.527671330772830218e-04
5.696148508606592442e-04
5.041002860470622862e-04
3.001123101007046115e-04
2.235948438977481778e-04
1.961479357956790424e-04
1.857522382482469159e-04
1.844212776555768495e-04
1.858689037750067407e-04
1.869892443988221248e-04
1.860514661977542947e-04
1.853109875181981547e-04
1.849555761811306326e-04
1.909172609260302144e-04
1.926360698800270207e-04
1.936383282146975180e-04
-5.523494501689482270e-06
-8.411538363037427624e-07
1.596553854074075563e-06
-2.997152115747198167e-06
1.697066735514735096e-07
1.713664483842720507e-06
-2.970492050544665416e-06
2.433072433183946820e-05
1.013653703748637971e-04
2.839605883990646860e-05
-3.752212685775123668e-05
2.364873938975374995e-05
-2.772845974498905858e-06
-5.592426409324361527e-06
-3.064842013350983888e-06
2.848641636897303905e-07
-2.839088851546552199e-06
3.050081469391952890e-06
-4.185379377725433563e-06
4.905382864010139053e-08
3.884345156216888003e-06
-3.956906388779845930e-07
1.081191786749791211e-06
-9.760576061436955148e-06
3.894353034737567520e-06
3.255899279698431668e-06
-4.511481483668427350e-08
-4.869660514802174780e-06
2.999927681604611908e-06
9.207718114721613004e-06
-5.515808835583064611e-07
4.973235795503086855e-05
-9.210408523091057360e-06
-5.483786579966057968e-05
2.558651709735992825e-05
2.577662264293886785e-06
-7.458562644202555708e-06
-3.073621418311382095e-06
-5.111699736166847288e-06
4.108839329240537127e-07
1.840332235642378058e-06
5.341056729696723182e-06
5.251450013930068088e-07
8.559620112234501358e-07
-4.009034020841210678e-06
-1.274493278837941748e-06
-1.596948800531051863e-06
-8.980200948111741919e-07
2.120254596556063464e-06
-3.746603557963559201e-06
1.778295754226223163e-07
-2.498980067535395159e-07
9.336744217103751898e-06
-1.363148553054869405e-05
2.040283734610855858e-06
4.418923187297297228e-06
9.601074977953757020e-07
4.103629055608438192e-06
2.693370972056842755e-07
1.240289449596519099e-06
5.896441332813109700e-06
3.885803956223363943e-06
6.988094978191415312e-06
-4.840175335312721010e-06
4.700584527941104246e-06
-2.102509192944617157e-06
-1.473661116643847267e-06
-6.900055890617605697e-07
-1.005395425606204927e-06
-1.199487157699121102e-06
2.903793245813703474e-07
-1.241140058965894970e-07
7.574856305978906122e-07
1.091038979956467761e-06
2.164030399713857134e-06
3.002247982313931181e-06
6.119307319824255368e-06
0.000000000000000000e+00
5.775913049931819091e-07
6.026212210989357389e-06
0.000000000000000000e+00
-2.451754214404782336e-06
5.028998143085345538e-06
0.000000000000000000e+00
-1.835673990390811837e-07
