9.329094000141245902e-01
9.897452669116844071e-01
8.291471377638905960e-01
9.507209278205082104e-01
7.510945036809498765e-01
8.352150639755828720e-01
4.949521369262934734e-01
9.538055335891650888e-01
9.943336008954828387e-01
1.137027155846408455e+00
1.713602297357124105e+00
1.215178869277020457e+00
1.105323565859265056e+00
6.193583884517948057e-01
1.044396433193961915e+00
9.600174200158722027e-01
1.133731253767206848e+00
8.820437850249607248e-01
1.151667602257042899e+00
8.683128566366247192e-01
1.120642485895444684e+00
8.924585057969334212e-01
1.053261785020424668e+00
9.663097552337576168e-01
1.132830078328807222e+00
1.044263189300651540e+00
1.080688110155934467e+00
1.176302564268567163e+00
1.115369899516683416e+00
1.125280971733509716e+00
1.234157338469488607e+00
1.200518799962485339e+00
1.464109401300611735e+00
1.829856074906277552e+00
1.394756251197685648e+00
2.056178509954806444e+00
1.556870727247346764e+00
1.921015236946083338e+00
1.904972864651850984e-09
1.235237144909230231e-10
-9.706774091616919508e-08
4.239774137070189699e-05
4.807062328246808902e-01
1.869581007128677682e-04
1.960866770676345080e-04
1.915161683424318733e-04
1.830824243490870038e-04
1.856511587055821523e-04
1.927604721761036813e-04
1.962921680542604325e-04
1.845865536955021110e-04
1.817711693107654453e-04
1.920977334551294093e-04
1.781686131797465401e-04
1.781896374754331561e-04
1.772228628215246683e-04
1.940778023680174511e-04
1.870771920573238321e-04
1.964602648532633167e-04
1.781379580086342061e-04
2.311698581267181032e-04
1.974586489499683534e-04
2.150553813647934165e-04
2.794048106528787784e-04
2.295011865637604362e-04
2.005859634795284778e-04
2.032759183883059905e-04
1.872445987244020455e-04
1.961703175428227525e-04
1.830765641013178016e-04
1.856135826020793725e-04
1.877760733861009741e-04
5.064249337707736128e-06
-1.061539205773628162e-07
2.654510611818428549e-07
-2.801037988725170424e-06
1.128069023111235773e-06
-6.875739005986484444e-07
-1.811072222566484350e-06
-9.092559529142931759e-06
-2.646473261493166594e-06
2.167026720356283349e-06
-4.634178343134015363e-06
1.661004368704664438e-05
4.978846224732804253e-06
-1.309553060587022320e-05
-1.074394548918702647e-05
3.563224079115428220e-05
-1.253208333344804341e-05
6.637739565181502480e-06
-1.114795728648280549e-06
1.974854117755473593e-06
4.540580723271949080e-06
-1.298125813466914891e-06
2.526293592431400132e-06
-2.109640689090288413e-06
-5.716291065482374147e-06
1.028350390362636155e-05
2.082515309318606698e-07
-6.000858103637276848e-06
-2.433806659693923706e-06
-1.804308603769177917e-06
3.401138068595145631e-06
2.650566642488935785e-07
3.173654123986014875e-06
-1.608725141290871309e-07
3.086174891046472318e-06
-5.470605420649859292e-06
4.397364103130879658e-06
-1.642327197076164156e-06
-2.213100547320409958e-05
2.122658475356970869e-06
-1.242253256330244384e-06
-1.841296152810468833e-07
-1.363733862785034771e-06
-7.344070006442755510e-06
2.872788554884741786e-05
-4.406858811918400434e-06
9.641691958571992240e-06
2.275449540984755829e-06
2.103984356159614991e-06
-1.888971640647886263e-06
4.378615257148015265e-07
3.300618044095384403e-06
1.128570502525812240e-06
2.721631824998710871e-06
-7.463348147475034320e-07
-4.352159335189248018e-07
5.943562301259527170e-06
6.057186870547620584e-07
2.544135741923117971e-06
9.914752823207649275e-06
3.108911375151782238e-06
5.512507243579020994e-06
5.695161959528120050e-07
-5.096048411784975457e-06
-3.550377411468471302e-06
-4.622674702250152272e-06
-8.471354703370151298e-06
-9.181276460661860777e-06
-1.301692860490758505e-06
-9.862412782730625846e-06
-1.270332177285144407e-06
6.783820644104659484e-06
6.438640222981366516e-06
3.380301035599295401e-06
-1.414477696312977312e-05
2.867833952393999295e-06
4.752959026276131343e-06
0.000000000000000000e+00
-2.409787647314151360e-06
4.735435860350225116e-07
0.000000000000000000e+00
-4.031761036614668720e-06
3.041584590926047492e-07
0.000000000000000000e+00
-1.381720873741838712e-07
