8.814614723638656280e-01
9.058294478722481724e-01
1.227857228698473691e+00
1.017580157422525167e+00
1.272132035003353590e+00
1.182441003395995782e+00
4.763108102440571923e-01
8.735209652572304417e-01
9.042023718916931685e-01
1.188793263994931682e+00
1.166796478191712172e+00
1.224376126307593182e+00
1.223089217490882064e+00
7.584331038947542125e-02
1.061976436832680282e+00
9.416530521082964178e-01
6.854315514190861824e-01
1.458946237926234346e+00
6.851638901334764498e-01
1.460913101000152370e+00
6.909828093741511301e-01
1.447384778619495105e+00
1.050804654321328080e+00
9.589918827786281241e-01
9.518578710319004488e-01
1.265505425675692130e+00
9.308272388709764034e-01
1.361168108612268002e+00
1.007269002199848273e+00
1.302183147656602147e+00
1.158241779891977075e+00
1.090800477073765595e+00
1.488390831648313206e+00
1.842202694855625378e+00
1.411189438935730900e+00
1.924706821838109594e+00
1.708878206932079813e+00
1.969878029448362655e+00
1.940617465673078564e-09
1.125058881589870983e-10
-6.515510267575947885e-07
-4.040526922617428975e-05
4.992047334266446201e-01
1.910890504260459068e-04
1.890822638616310614e-04
1.763080994957838109e-04
2.014206378418529090e-04
1.503406048689174320e-04
1.560336592804279952e-04
1.782426741625358062e-04
1.943111892865139433e-04
1.836004867073773533e-04
1.823098662559873712e-04
1.932706906410454361e-04
1.863987800922947431e-04
1.924193979161322701e-04
1.889519772058225551e-04
1.950176230064880800e-04
1.945944641327751012e-04
2.029627916504937203e-04
1.917336040593369494e-04
1.863075880094085832e-04
2.103982170398658843e-04
2.303715381777275825e-04
2.382095376056420468e-04
2.023604100968114431e-04
1.890102030286982453e-04
1.893278795273465275e-04
1.779388114164686730e-04
1.877101184209362551e-04
1.912805559826683227e-04
1.869544331595382935e-04
-1.262843323441872241e-05
5.780808221845546251e-06
-6.594821313634063103e-06
7.120504368288449888e-06
-3.167410015125540831e-06
3.018511537791705402e-06
-4.085264934874506295e-07
1.835212763357187915e-06
5.159453212378747823e-06
-4.453977547376662865e-09
4.997361709449740311e-06
-1.770091551252294644e-06
-2.142099472793967592e-06
4.865114116227087179e-06
-3.724812714705674224e-06
-7.550061693468970582e-06
5.199992650461852757e-06
-4.921502414083524952e-06
-1.314425044695327513e-08
-6.398371783883185414e-06
-3.723142483231289155e-06
-9.611203952777062440e-06
1.583874231696773795e-05
-9.564046551994935300e-06
3.195789173981604006e-06
1.152790084122290198e-06
4.883772999700609468e-06
-8.071962737604638589e-07
1.176555472666831910e-06
-6.050353930592547066e-06
1.913203749444703838e-06
-6.585438606065884074e-06
-3.336050930117682314e-06
5.063557219530054614e-06
5.038027239855009568e-06
3.715827928214527766e-06
1.157261322122857899e-06
3.172222873827592858e-06
-1.338133504116061656e-08
-3.274981178539124718e-06
-3.373069934000053297e-06
-3.740561004236946265e-06
4.910185167786445629e-06
7.199891053930191182e-06
-9.468937859276850490e-06
-1.734942135634962750e-07
-1.217489927769707669e-05
7.577320673022917420e-09
1.035447676285647685e-06
-1.138970070700658325e-06
3.872367947004756364e-06
-3.428025386482856654e-06
1.289369932997195962e-05
-5.431563176998448610e-06
4.341488777270774527e-06
3.558633302746932715e-06
3.408658831399104480e-06
2.537779630137591700e-06
-1.507239987452608715e-06
7.207488502038654382e-06
3.530276600794771576e-06
5.424947222717190761e-07
1.548107974652332862e-06
-5.862676679908545752e-06
1.763532600310826176e-06
8.138295480666646466e-07
-2.579002198521847183e-06
-1.115173731102344272e-06
-4.609636602464571616e-06
-5.295504139965627973e-06
-3.078555823206725162e-06
1.390871371671632869e-06
-4.088901637646490957e-06
1.718901762444363654e-06
-1.094337275040737007e-05
-6.873799993544391910e-06
5.037526919096092895e-06
0.000000000000000000e+00
-5.279461474804350349e-07
1.071903102916053392e-05
0.000000000000000000e+00
4.702240396679097712e-06
-2.504813682671698408e-06
0.000000000000000000e+00
-3.067491023612959210e-06
