4.421343318985646587e-01
7.607598946330839107e-01
6.298966898587392560e-01
8.050778895104164778e-01
5.728973211700003620e-01
5.745056589907799882e-01
2.849928745947187814e-01
4.784575231569367371e-01
6.503188268486220780e-01
8.093614257297121473e-01
1.197270784602672888e+00
7.754491078054912556e-01
7.965948003982867842e-01
3.451371807955444515e-01
1.450194215560565159e+00
7.160661973336153174e-01
1.136900376717412620e+00
9.469782599274336743e-01
6.693845045052611020e-01
1.494894806528172859e+00
1.247116924803212346e+00
8.546289130888662378e-01
1.418449420270722516e+00
6.440406216708155625e+03
9.416931315053906904e-01
1.884680119826583177e+04
6.780408459987379288e-01
1.563276369274259947e+00
1.059166538919733114e+00
1.948008369494698491e+04
2.018538284712068975e+00
3.485295608103724953e+04
1.727707839467844231e+00
1.306273777526717022e+05
9.500909802045769403e-01
2.937317802813075751e+00
1.945701749949892312e+00
1.363546082301287970e+05
2.216487455629216026e-09
1.379618152651985265e-10
-1.098310701409029002e-07
-1.893883100974768952e-05
4.893276187239233854e-01
1.891515970187388406e-04
1.853143120036567241e-04
1.780876136666519494e-04
1.919982729973044775e-04
1.668205956773531249e-04
1.864856958970097364e-04
1.947104141824351048e-04
1.983003423276852913e-04
1.863911900151797769e-04
1.861659282359298694e-04
1.904738792948394179e-04
1.861817323682720370e-04
1.814285351933546658e-04
1.919226617700810320e-04
2.454056540097764288e-04
2.335293426227089651e-04
1.975711587207351324e-04
1.959050438573462101e-04
1.867042578055476279e-04
1.761427416475006913e-04
1.998776324920961841e-04
3.208330385588227703e-04
2.591718046864996058e-04
1.922654379601295913e-04
1.929943473380602123e-04
1.863003627673975849e-04
1.909495219474155632e-04
1.823432588943709061e-04
1.742896395183066356e-04
-1.483892857606736435e-05
7.526143230689509532e-06
-9.237659256498658556e-06
-2.098674863871472333e-07
3.626044546782237160e-06
-2.584429162710087088e-06
-3.108267506957237471e-07
-4.518340836015932174e-07
1.334643015391534979e-05
2.626660841703446126e-05
-1.432431431502193197e-05
-2.710423840738446288e-06
1.157558829508177613e-06
2.119640106057426724e-06
-8.469540006880486128e-06
7.328474204905229438e-06
1.544313310960948693e-05
-1.163364563088678804e-05
4.116288898077094446e-06
-1.134754129738028134e-06
-3.349781077113129256e-07
8.219550010234826090e-06
1.383219821969691657e-05
-6.462842505457361060e-06
8.790343358632362911e-06
1.943142307785857183e-06
7.993576892461384177e-07
3.605714991144767154e-06
1.092407234413851931e-06
-5.616634209950307059e-07
-3.947554139508996379e-06
-1.059404898415021107e-06
3.764367754116968934e-06
-8.779606719365864125e-06
3.876620890674253095e-06
4.357239705405871832e-06
-4.182334745307752378e-06
7.292630894629132777e-06
-4.884018706057547464e-06
6.205675189784683101e-06
-1.521842281999154496e-06
-3.775886326214859097e-07
2.209384243451931558e-06
6.717723922051123762e-06
-3.776589304010980228e-06
-2.129132577908494067e-06
-1.873489157126966310e-06
-2.803479447351068065e-06
6.189596632193429776e-06
3.237839871639556087e-06
-1.092785014775672961e-06
-4.991459683366124861e-07
1.630602908134228026e-05
-4.564026661786726628e-06
-4.269798467132191584e-09
1.604405696330953728e-06
-1.784671019245371094e-06
-1.466210826049298300e-06
9.639618447513797163e-07
2.391046925528909318e-06
2.105714644260330691e-06
-4.190533319406958885e-06
3.904588205521897814e-06
2.094038557549431927e-06
-2.446878166678165092e-06
-1.494026064864903868e-07
2.420313274653367351e-06
4.737471001970024786e-06
-2.841086031202366799e-06
2.263892337541908054e-06
4.280504719203163182e-06
3.918482624135605226e-06
-3.678722372358797522e-06
-2.633674197170634975e-06
1.999796547585993243e-06
-6.467176172770978768e-07
8.865404413713265781e-06
0.000000000000000000e+00
-5.258170887123371899e-06
5.541578699888183013e-06
0.000000000000000000e+00
-8.045023220409330688e-08
5.275256903270461185e-06
0.000000000000000000e+00
3.599444205194390624e-06
