8.038088395688955945e-01
4.032678334396876396e-01
1.002890491732817635e+00
4.064900937723471275e-01
1.075393247774581784e+00
9.757693770196999017e-01
6.109320396815840493e-01
2.060675177247049739e+00
4.626706725359841510e-01
1.023381460646886953e+00
4.441727329087735709e-01
1.097115914379282575e+00
9.885653456058032251e-01
8.207978176600891906e-01
4.424053068078532824e-01
2.260529933693953275e+00
4.020972689741091344e-01
2.546581747841705656e+00
8.479939029774679060e-01
1.179949250508354641e+00
4.071267331883622886e-01
2.508128527408612918e+00
4.577638553279922418e-01
3.597154274792979223e+00
6.245709457604973203e-01
2.561678875423258894e+00
1.966931545079369847e+00
9.922763502647207190e-01
6.494754838554387399e-01
2.536077773875414998e+00
7.559470790635750559e-01
1.075953170524055658e+01
1.570073098934913425e+00
3.825874114141864624e+00
8.567403564754670242e+00
1.299875303298927198e+00
1.598753738189305551e+00
3.659867358198011900e+00
1.075348942788198295e-08
2.559508381873596767e-10
5.061012057619921786e-08
1.015315621870622846e-04
2.257150681274563142e-01
1.217803133095776800e-04
1.259252223352319967e-04
1.165613318700396255e-04
1.345425808245390999e-04
9.335222682790607753e-05
1.756271900505776017e-04
2.214238753777407237e-04
2.072723047077266241e-04
1.989087252922277257e-04
1.971003706477227936e-04
2.122498259620051646e-04
5.551799856043732268e-04
7.185563588216164858e-04
3.744918810519229499e-04
2.133149080621709595e-04
1.958335959178623856e-04
1.860875742640534470e-04
1.795288016920879113e-04
1.725544000718031074e-04
1.734779881612200927e-04
1.822099352804089096e-04
1.773452375030454731e-04
1.754737740171845393e-04
1.710787111496590081e-04
1.773205535585584917e-04
1.744534922543182856e-04
1.731029438850530274e-04
1.871865337826623238e-04
1.526751414683322314e-04
-1.925965474676368276e-05
6.272354702944166110e-06
-2.518699513259261487e-06
1.511239950787991047e-06
1.479136062533762949e-11
8.554010860672044253e-11
4.079736009345956794e-06
3.054167641281396182e-11
5.689054102409596539e-05
-3.690705078152421291e-05
6.421313671884306606e-06
-1.233562565517175848e-06
-2.010787026416232870e-06
1.042364790101368386e-06
4.210676762840082581e-06
-1.062565187727485287e-06
-2.280307023871933350e-07
8.974124770403274759e-07
1.908939404447237262e-07
-1.681288181710317497e-06
-5.521063339253813913e-11
5.504359813938908063e-06
1.580645835696654200e-05
-8.854809086507579879e-06
3.459868994644355408e-06
-1.429599017334552786e-06
5.575136413363186840e-11
-5.132568524906858258e-11
6.611137685893034848e-11
4.134356711110641559e-11
-8.078336035662074592e-06
-6.497930771771735950e-06
8.762848634645888253e-06
-9.679316241248230982e-11
-5.882216462979015911e-07
1.040301317746779217e-06
-2.794758549743823886e-06
5.147881208630204052e-07
-1.611053182510573374e-06
3.339606444659713142e-06
-1.250348749538269570e-06
-7.034086004638620034e-07
-6.056618362183137914e-06
-4.552871999350993330e-06
1.040788731459069631e-10
8.779757471860191375e-07
-8.654558813299847225e-07
5.375743687076144683e-06
1.632301412848841004e-06
1.057461883656608025e-06
2.426472458106342675e-06
4.705024662241324895e-11
1.136919211570429838e-05
-2.973440661793634923e-06
-6.138089528972632190e-11
-4.004599143069476733e-06
-7.794048577819493451e-09
4.342877380751060792e-06
-5.869403718283254821e-06
7.551279789039294997e-06
-1.064661949067095050e-06
-8.089155871213174580e-07
-2.217227425491799597e-06
-9.284991910052594522e-07
-5.304350624401139158e-11
-3.586278803837859317e-06
-1.834276650800510254e-06
1.358578537218979583e-06
-1.885073732530584366e-06
2.551885554006099466e-06
-2.351380398670977457e-06
5.398270184537054355e-07
5.393578176398577436e-07
3.563296009381129004e-11
-1.543338342570537116e-07
5.113935193124941110e-06
5.734928870761597650e-06
0.000000000000000000e+00
2.827807266261268398e-11
8.392732647240825521e-06
0.000000000000000000e+00
1.438461993929602097e-06
4.412917603867349177e-06
0.000000000000000000e+00
8.870467038801714669e-07
