9.495737975392832819e-01
9.724408059369511470e-01
9.145132666753235107e-01
7.704784784126981201e-01
8.838324560809811548e-01
8.472196948475764211e-01
5.714033253187094097e-01
9.469446762184420274e-01
9.130453118798950163e-01
8.923826823694042121e-01
1.139768647615701624e+00
8.688326610996208732e-01
8.735879779821662527e-01
6.659091751826592409e-01
9.899374017979314377e-01
1.013391675201788855e+00
1.005581789955955152e+00
9.944941545586527543e-01
1.066733145571000740e+00
9.376740301289491208e-01
1.067633029049582127e+00
9.367175797527149683e-01
9.705853329925027140e-01
1.221749819307564433e+00
1.011061252812147648e+00
1.158633902063398002e+00
1.092777241407389077e+00
9.482656351473216505e-01
1.105006824935268472e+00
1.146622938079019161e+00
1.190897888533178905e+00
2.483667514746605853e+00
1.400449638294545274e+00
2.033533768653816409e+00
1.466070560874497275e+00
1.537004618694409297e+00
1.461693401887371291e+00
2.223120129033818504e+00
2.630058231076174476e-09
1.260623847036051623e-10
1.435502805462488427e-07
4.407153114652459535e-05
4.565278600275566312e-01
1.923312903848125081e-04
2.020635089511457609e-04
1.983112875732887014e-04
1.999657444599455946e-04
1.860712033135002055e-04
1.831792655159357919e-04
2.002474189852682150e-04
1.962739018790016655e-04
1.963607222266018984e-04
1.909420400187109902e-04
1.935377213397862972e-04
1.902742940373281649e-04
1.973163835018926021e-04
1.973307300759567849e-04
2.020059253328469685e-04
2.113001680765517402e-04
1.831942082900734161e-04
2.027096479933588680e-04
2.493777675471165844e-04
3.017935282701098010e-04
2.562501327921840630e-04
2.071890659173486037e-04
1.903875837484320034e-04
1.924706156424327091e-04
1.899299135341389372e-04
1.977652888303317504e-04
1.881501237070102857e-04
1.969515404001531797e-04
1.921502955503687736e-04
-1.315571931949577810e-05
8.302880930862954431e-06
-3.449915051828314643e-06
3.587135174486887497e-06
7.123309656623377637e-07
-1.707184233751075570e-06
2.465601659959825481e-06
2.485471339898784193e-06
4.652511095089867698e-06
-3.454441257085051811e-06
3.469107481144001835e-06
-4.330363569986184746e-06
4.619044573043175770e-06
4.859864553060307710e-05
1.289742702088249116e-05
-1.450355024496674059e-05
6.820012276167100952e-06
-8.129797442135180851e-06
4.103784712601553499e-06
-1.594194536207122426e-06
-4.648306487787059156e-06
7.874255785404399104e-06
1.864612074529444332e-05
-8.576138540408202517e-06
6.239302807326451835e-06
-5.104004198262309956e-06
1.479395708077574315e-06
1.847334445087046601e-06
5.545811985400444224e-06
-8.736491505936131616e-07
-3.249089157298178783e-06
5.023172545726327650e-06
-3.414314566483771193e-06
1.110610183072056238e-06
-4.145362187957050135e-06
-1.001252656874721867e-06
5.333907013895182330e-06
-3.322201606275316028e-06
7.827280621297266753e-07
-6.967239037294346508e-06
2.868576922352249876e-05
-1.328285269025995063e-05
-3.905958601688146532e-07
-1.036615593101488605e-06
2.302719877260845907e-06
2.839950472578696967e-06
-3.978691857928137325e-06
-2.061421843882809085e-06
-4.044928108119550140e-06
1.419489999428013752e-06
-2.251820692064277809e-06
2.878398162410494344e-06
2.041942830298340363e-05
3.407957697225654224e-06
2.241783828506030258e-06
3.878878586540109998e-06
-4.892373158357466738e-06
3.117631440232838486e-06
4.397879208222612782e-07
-4.858163956792928332e-07
-4.164547257373044647e-06
-1.014215900238317844e-06
-8.487170724382077956e-08
2.068307262128395839e-06
6.725229545946346634e-07
-5.693149111631370444e-06
2.613941524077029112e-06
-1.603410435773024951e-07
7.084086989865643311e-07
-1.430486495704372837e-06
-9.344822176983757891e-07
-5.434146450244469728e-06
-2.098063424409071347e-06
4.683290015511466451e-07
-2.213742568206931969e-07
-2.313082350435366106e-06
-2.617400886197074666e-06
0.000000000000000000e+00
-7.236020632327644555e-07
3.730402889592547083e-06
0.000000000000000000e+00
-7.827492818323802074e-07
7.736471955576799343e-06
0.000000000000000000e+00
1.232005097842080115e-06
