1.043270232965779698e+00
6.613779731556641561e-01
9.629597873617422588e-01
9.257425659407051421e-01
8.960272672302975749e-01
9.127646031789957703e-01
5.793446679618037276e-01
1.057066809628753656e+00
6.481756147583748184e-01
9.669974627042774440e-01
1.849770705351240441e+00
9.051725818834166493e-01
9.020769201919431879e-01
1.058736544646208477e+00
6.106146775368885837e-01
1.637763638225435026e+00
6.855671633046385161e-01
1.458676619627098381e+00
1.074297360251206257e+00
9.308485187121744442e-01
7.717743983996905310e-01
1.295744021359874321e+00
6.067206832136293748e-01
1.740471790217021475e+00
6.671012588793399090e-01
1.572383240295352369e+00
1.088404105312915426e+00
9.200315975581556671e-01
7.363834272003215720e-01
1.434480047050627149e+00
8.265283099140738887e-01
2.364285874875691640e+00
8.798797323021441130e-01
2.159393624090417685e+00
1.183791925762815112e+00
9.525192640785445919e-01
9.088409870250058198e-01
2.111481138742990815e+00
6.048185657821136038e-09
1.587382151870276267e-10
1.641462516711143455e-07
4.779277495669558202e-05
3.221773511385274125e-01
1.850795288016077482e-04
1.826178664606759841e-04
1.822332286588280255e-04
1.869004360762734150e-04
1.708538372848021451e-04
2.090771396441475408e-04
2.121781553356207365e-04
2.017249613067348662e-04
1.934144209578021875e-04
1.936395593209352234e-04
1.875627947849177880e-04
1.838989229140823903e-04
1.948224903836418280e-04
1.711107697721921215e-04
2.118531273082493570e-04
6.594859329707390954e-04
3.057459514382949647e-04
2.110778755007220483e-04
1.932164023024813822e-04
1.822382206585159131e-04
1.819849174571842236e-04
1.878717370972607143e-04
1.821778950807183121e-04
1.835505737756037330e-04
1.854733016612630445e-04
1.845116839075841520e-04
1.792766177798774617e-04
1.820397588914735032e-04
1.851003553778693845e-04
-6.321313801372784627e-06
-3.297474736449646620e-06
-1.709684580436351655e-06
-1.286973888408913054e-06
-2.871158202906949019e-06
-6.913227423872985820e-07
7.007039714205364684e-06
4.058893373876358714e-06
-1.468489660753884708e-06
2.201067688451763160e-05
1.126737222314563321e-04
-7.496235420650365091e-05
4.284577042819048977e-05
-1.561826276356275827e-05
3.483355243769614064e-06
-4.210754693097820724e-06
3.862604542125765589e-06
-1.578384038755695597e-06
-3.296475653660392833e-06
1.143514211130134254e-06
2.960410831864482323e-06
4.781655797341507542e-06
9.748414214811402314e-06
-6.689041435391125396e-06
3.826653478462137094e-06
5.238421975905541209e-06
5.386139920837359780e-06
-5.183293320740017435e-06
-7.202273290016312102e-06
-4.227806965982217876e-06
-1.063398703279897286e-06
1.044488478540803262e-06
-2.731068451208696215e-06
-3.278668065298357505e-05
-3.758073795714556893e-05
-2.292575611721784746e-07
6.950692262635591810e-06
5.432949088566538286e-06
1.717360655557652572e-07
-5.926879205987418294e-07
4.925205329924885478e-06
-4.106407245680991726e-06
-3.372251142105534268e-06
-2.509405927880554347e-06
6.304708295523583340e-06
4.135339439781458674e-06
-2.869084163218737391e-06
4.582360296388421703e-06
1.727490063351065758e-06
2.063336409862838207e-06
-1.350455093932637563e-06
-1.052108230794506370e-06
3.613695878983789695e-06
-6.368357067600151740e-06
8.328383318471385277e-07
2.730789841505310702e-06
-6.241651017884056942e-08
2.740648462433627823e-06
-2.167110301384468640e-06
4.086496762154226566e-06
-2.270487447160597871e-06
-3.059932480533120209e-06
5.753293671980008708e-06
-5.525631153005348075e-06
1.321328684212762298e-05
-4.438733290313329994e-06
-1.447778049472534510e-06
6.357873306373250239e-06
-8.955006878499464187e-07
-1.019229861306693187e-07
-1.832885720141670796e-08
-3.699197893434150090e-06
-2.805226806031222999e-07
5.122518234667526284e-07
4.866676997697952415e-06
-1.481004506197417043e-06
5.831711111403841347e-06
0.000000000000000000e+00
-4.233345380143025387e-06
5.601958786717242195e-06
0.000000000000000000e+00
-2.529954812144582070e-06
2.450808880357717605e-06
0.000000000000000000e+00
-3.169486167057137249e-06
