9.881697524238106656e-01
9.862320382731126767e-01
9.645161290322580294e-01
1.486441715689554632e+00
1.006540041068699542e+00
9.754836467076883899e-01
9.230661623685174622e-01
1.019111949196634725e+00
9.683050625980309523e-01
8.859269668161358080e-01
2.602923912648745564e+00
8.617294457430477728e-01
9.008477831971212213e-01
8.477755798697841350e-01
9.517904609501961488e-01
1.050657392195162076e+00
9.840706597799767641e-01
1.023471908980001288e+00
1.036741144228600309e+00
9.646979730427414079e-01
1.021358056608171916e+00
9.833587747614589425e-01
9.431670826205789115e-01
1.085938950027757421e+00
1.142750178012609252e+00
9.517008888135825018e-01
1.234619946147264891e+00
8.787240031175245214e-01
1.165264624848870501e+00
9.392620488347167562e-01
1.248846148012491275e+00
1.420416184359610368e+00
1.939528738562524390e+00
1.251894580100294085e+00
1.665740560094740363e+00
1.171286665055049525e+00
1.996826604541447558e+00
1.428773673394828192e+00
2.324236015679171077e-09
1.274994661225990892e-10
-6.333665298633347002e-07
-4.285984549935302978e-05
4.772845247635053023e-01
1.887015828227486889e-04
1.897690380774518415e-04
1.949459947143780572e-04
1.915682059157784668e-04
1.888467222213300776e-04
1.979324335799789150e-04
2.146170206220668071e-04
2.112355479482963484e-04
1.901127673045064303e-04
1.977737272384142830e-04
1.939438930216084262e-04
1.927069345388505561e-04
2.047481733792760362e-04
1.945403937172458081e-04
1.964865754299308391e-04
1.928999524078677517e-04
1.904643415848274516e-04
1.984444669219486009e-04
1.839958840150315085e-04
2.048971446950562840e-04
2.786690591935225315e-04
2.311103121552718473e-04
2.048694955400636201e-04
1.920595512433421093e-04
1.980008080011531695e-04
1.893618228695381658e-04
1.923875375104796474e-04
1.936530168619819822e-04
1.884157714551528697e-04
-1.650230502226702646e-06
2.685320488938989951e-06
1.862160430516033612e-06
3.080665892148497096e-06
3.043790614524934293e-06
1.106323898121570379e-05
2.185473685030635297e-06
2.096106838295543518e-06
1.320383467041100102e-06
7.255894853847067808e-06
2.096413322994886568e-06
8.756379847463519282e-07
-1.763804110660550423e-06
-3.076533779152320166e-06
1.000973297818553415e-05
1.780570401416881027e-05
-5.681978300163270295e-06
1.300581950652632455e-05
-4.588704103224498416e-06
3.355112848747338532e-08
-9.089904084873417162e-07
8.083188132192333761e-06
6.598580503313189501e-06
-6.168309609104804558e-06
-7.390823364764682369e-07
-9.747467186867003901e-06
2.385439631678425893e-06
-5.454527750633250418e-06
3.379581590625436564e-06
-3.631800752173600968e-06
-5.647367908206789091e-06
3.148554738507488933e-06
-3.816221330452884869e-06
3.314150408363423786e-07
3.144807871160288505e-06
-4.699773976462858533e-06
-5.860414386892288568e-07
-3.877706473590214493e-06
9.648559649253133989e-07
-5.541952938449043302e-06
-1.019087553742949717e-06
-7.741264431092723997e-06
2.921867599903066953e-06
-8.004677877572938905e-06
1.094976193512372129e-05
-7.267275150991760099e-06
5.684759980007499065e-06
-4.631282175045196254e-06
1.076923602012254953e-06
-1.870312630775936371e-06
-6.591994511568378425e-06
-1.418964669425091258e-06
8.768082504915652799e-06
-2.468413352078232064e-06
-1.542873090582779509e-06
-3.485936339025097745e-06
2.766765174089549602e-06
5.193022007427775333e-06
-5.092146973055331532e-06
3.587072954105856110e-06
-5.738375441327291985e-06
-1.288685644422482096e-06
-1.926479781701394873e-06
4.759919122935261236e-06
3.123161985372753441e-06
-2.868270998725308557e-06
6.175496517335411880e-06
1.867814159435830367e-06
2.285295894463360576e-06
-4.693011836175500095e-06
1.949435322974846344e-06
1.406015321526978114e-06
-3.964901272975741611e-06
-3.385694959853295135e-06
6.517664464508502179e-07
-5.303549971438705708e-06
4.566132414233778818e-06
0.000000000000000000e+00
-1.413471302665760672e-06
1.844258106799487648e-06
0.000000000000000000e+00
-5.506010876504310238e-06
4.165994642138173362e-06
0.000000000000000000e+00
-4.418837729328176889e-06
