9.126546046649376409e-01
9.967882833002106313e-01
6.734509376666126812e-01
1.769374843132143438e+00
6.411412800294412628e-01
6.689046005521948057e-01
1.283689621893637556e+00
9.166986390608914403e-01
9.890482012941270717e-01
6.611604348733164382e-01
1.877634093540688109e+00
6.357097355062995003e-01
6.455918734600336606e-01
2.037020444185612345e+00
1.078976745625693345e+00
9.384487977398469072e-01
1.507162144876199150e+00
6.636523200598181127e-01
1.122926341553160512e+00
9.448964023838054560e-01
1.556061335688732505e+00
6.456068863010382408e-01
1.092663296109350313e+00
9.910962306782502562e-01
1.602324845196427594e+00
6.430677776926874145e-01
1.401484243799886453e+00
9.271650900885849422e-01
1.846607949557516948e+00
6.263370385906010807e-01
1.331129653441801119e+00
1.247658985332380954e+00
2.481083350076218164e+00
8.168687702475760926e-01
2.178391483036202558e+00
9.533620779341487328e-01
3.462532217213333929e+00
8.192040901927819530e-01
1.876943321124022892e-09
8.900277399936987084e-11
4.898743288169549215e-07
3.785649421076996900e-05
3.420600585316198039e-01
1.388886852038231944e-04
1.360571809958175380e-04
1.356479259996552886e-04
1.521639490526879726e-04
-1.228401097780800415e-05
8.569485233736667069e-05
1.879574163368387732e-04
1.876032909044686990e-04
1.868587059225212629e-04
1.957739774248547010e-04
2.010141870687995346e-04
1.984941255447628594e-04
1.991213140599349253e-04
1.870398087352366393e-04
1.886084676891581742e-04
2.055741722830876244e-04
1.989366784146690947e-04
1.926463988147912891e-04
1.906007339817237048e-04
1.867676781351040427e-04
1.973143725162524657e-04
1.869191939270562343e-04
1.906912088865756198e-04
1.952065984046405783e-04
1.555825209358139107e-04
1.402267793090245071e-04
1.434307548637880686e-04
1.340113282864681746e-04
1.394058904684722855e-04
-1.865092084147802656e-05
6.697463443704135407e-06
-4.982597498893017921e-06
1.691132752620123415e-06
7.417327840940488097e-06
1.071581275523918661e-05
-9.526126707068082545e-06
9.912331126662729155e-07
-1.529687222351351982e-06
-5.263618375825175415e-06
4.218720748687115913e-06
-3.192955250651700214e-06
-5.634698766771593223e-06
-4.266593884291781878e-06
-6.085463126359968544e-06
1.266283806626173311e-06
5.720670689435322423e-06
-8.241014327976153320e-07
-7.923280039038592651e-06
1.863083306913797996e-06
6.016320483739537030e-06
1.810225790258119871e-05
2.180670756004545374e-05
-2.052159661272941665e-05
6.111697523337872849e-06
8.900518113956200789e-06
-8.974706883247688847e-06
-1.067251275703756369e-06
3.456260118642479373e-06
1.302084379446170767e-06
-7.852797738934922000e-07
-1.637592003447488037e-06
4.171051515350056437e-07
-2.555101182589133599e-06
2.647479475402270176e-06
2.814451295820836698e-06
7.790471553306544856e-07
-2.129103875587620903e-06
1.722483789969514530e-06
-3.465727006029065979e-06
2.721081116210091047e-06
1.590788451345078693e-06
-3.038920119968994321e-06
2.498655173229015072e-06
-9.424116040354649161e-06
8.922893931786146580e-07
2.742279530724351717e-06
5.627015689435570735e-06
6.596690933084012242e-08
-1.409313869728278522e-06
6.072378481719959217e-06
-5.657899023331508390e-06
3.107900714923890191e-05
-1.428336679575957621e-05
1.669338898851353574e-06
-1.862234627040324349e-06
9.308117381544865935e-06
-1.342306681241516024e-06
8.551373470112389933e-07
-1.328191637780373035e-06
5.466662385829881303e-06
3.661933431942907204e-06
3.011983625919956048e-06
6.869943243348917777e-06
8.889420009675326684e-06
5.312290746754591203e-06
9.367002200965490710e-07
-4.148825785542817495e-06
2.377676196827133349e-06
3.891719973617590222e-06
-1.060246656951901424e-07
-6.072508447274463798e-06
3.790765908818635091e-06
3.023655452047314550e-06
1.444896953987235521e-06
-3.898533258313200778e-06
2.064247886803998518e-05
0.000000000000000000e+00
-4.705424381351364633e-07
1.526524840865312786e-05
0.000000000000000000e+00
-1.524918594818700232e-06
1.085949183224497715e-05
0.000000000000000000e+00
-1.998471679273358579e-06
