7.752298081373524274e-01
7.567179366682035280e-01
1.212637213451766893e+00
1.112969827966351799e+00
1.270182296210397688e+00
1.289927505383438255e+00
4.311192792318830347e-01
7.707108222901049022e-01
7.259083877872385404e-01
1.152719414186851310e+00
2.345716363891010126e+00
1.087513830684539773e+00
1.172292977137716186e+00
2.641040631853051601e-01
9.637341649996911119e-01
1.046372892092435336e+00
5.103061637798588235e-01
1.961929126765133979e+00
6.271190455966364485e-01
1.620678225072284873e+00
5.383183343042505786e-01
1.908623890009249369e+00
9.112116254922613123e-01
1.255150339149395222e+00
9.465719217239851879e-01
2.124546983378505338e+00
9.770869434331995729e-01
1.580127001164253642e+00
1.195818760668738712e+00
2.156981412860508485e+00
1.249899042021614726e+00
2.216197091597355673e+00
2.029777898599772978e+00
4.896897478245004542e+00
2.098633829943713280e+00
2.780443115180478486e+00
2.529645002134733645e+00
5.329616217825140723e+00
2.488177926468621690e-09
1.223180410160104401e-10
-8.510036933967487895e-07
-4.850136406941736990e-05
4.167011327721007463e-01
1.700888261431815224e-04
1.801824016520623621e-04
1.790193970895011613e-04
1.756298366141331767e-04
1.661012680332340499e-04
1.860922716230916469e-04
2.109271081792685166e-04
1.871081852432974926e-04
1.752447372249214277e-04
1.708885636622887809e-04
1.747735100104636321e-04
1.688949251462172293e-04
1.727030735049111588e-04
1.753300962891359157e-04
1.707695759202808707e-04
1.897801754720401259e-04
1.598763252829448790e-04
2.426403348769290511e-04
3.772858912479514068e-04
3.410237846045460243e-04
2.293335060290645655e-04
1.749628598364768900e-04
1.833005048327267120e-04
1.742835567019700160e-04
1.753316107625694045e-04
1.785255800202433310e-04
1.774514711108487021e-04
1.793539838145589418e-04
1.733782928952893676e-04
-4.772531161483119962e-06
5.098195754195588597e-06
-1.626796640301310712e-06
-1.204864987913926569e-06
2.108487486813179517e-06
2.014949729673536721e-06
8.148745240675131216e-07
6.842742930736939226e-06
-3.177804053636142574e-06
5.709581119240591397e-06
-2.247819263307351087e-07
-1.500815749014483279e-05
-2.675197491685061326e-05
2.403863312281058956e-05
-4.409538659464378650e-06
1.944728992733146317e-06
-4.021520761351927561e-06
-6.572768873453693764e-06
5.677644254726202516e-07
2.929540975586531090e-06
2.809339063194915699e-06
2.065508230788757037e-06
1.842499435584337689e-05
-2.471467713337758679e-06
8.703222091568775361e-07
2.566241287833154781e-06
2.248332403950300291e-06
3.487675815286309967e-06
-7.560835033406441792e-07
4.949440840062469015e-06
2.494258070886861637e-07
2.215068590156903499e-06
-5.133545237017285978e-07
3.796370279329377291e-06
4.531623777228563489e-06
-3.045903179635479396e-06
-3.567367718576950915e-06
-2.190557368509944008e-05
1.874359455020446562e-05
-7.147029210790056648e-06
-9.918224281499143447e-06
-5.206708440099653182e-06
-5.136056254203551935e-06
-4.716152304600308808e-06
-2.202870909870647319e-06
-3.894420760133221618e-06
1.884348590360045942e-06
7.161648704987336153e-06
9.164160866002100208e-07
3.792825442825278698e-06
-3.753766583233358393e-06
-1.305695629995127101e-06
9.538188995587743881e-06
-6.655785011894331928e-06
-2.056095584316166658e-06
-7.916543788471541499e-07
-2.376527123901880718e-06
2.128649920256422357e-06
-1.856603442420329228e-06
-5.531213500214315356e-06
2.831674901442902346e-06
-3.249699583749459263e-06
-2.056138817830827497e-07
5.410653351795610642e-07
-2.704645753539621994e-06
-1.365725765100875143e-06
-2.428819519683331246e-06
6.051994482789986896e-06
3.064471187484473870e-06
-1.042116408489755254e-05
5.619190608230726847e-06
5.800866208844626571e-06
5.025134629226576770e-06
-5.767742381929795012e-06
1.026518711684393561e-06
-1.859901884316047928e-06
7.058399832480491583e-06
0.000000000000000000e+00
4.068374625360652702e-06
6.335696785862707132e-06
0.000000000000000000e+00
-2.929049388619678971e-06
4.719904924085596047e-06
0.000000000000000000e+00
4.442928569026995825e-06
