7.245639193705387671e-01
7.995630710691563614e-01
1.269644215595666870e+00
1.007734543961312124e+00
1.387382289622251186e+00
1.366574251853327260e+00
6.153758200100803988e-01
7.262925090743140855e-01
8.284526331905626151e-01
1.317864703617751099e+00
1.538380740086870535e+00
1.506237196980928505e+00
1.431771134426472969e+00
6.494205942789007535e-01
1.112221828319607253e+00
8.991031701219496242e-01
7.693853408513842140e-01
1.415215493880385367e+00
5.649996039895537336e-01
1.810076041417917114e+00
7.455822578837576486e-01
1.521713353205176089e+00
1.126686908001300225e+00
9.009066964060828964e-01
8.495254549905264518e-01
1.620579776822308027e+00
7.530581213336757784e-01
1.886339987109694638e+00
8.602760929410320223e-01
1.731233633797715665e+00
1.337229583068902050e+00
9.981710649653614542e-01
1.586737427838423198e+00
2.987270475849278739e+00
1.431775502896981855e+00
3.136787171609995539e+00
1.856497145122838255e+00
3.184011955608927913e+00
2.016376482168943310e-09
1.181393473083612579e-10
-5.567222127876778565e-08
2.265561895495384160e-05
4.193810418592763822e-01
1.757579906852556914e-04
1.719002005406421478e-04
1.775237981459706080e-04
1.737902325087886993e-04
1.718614608334085832e-04
1.928711034158856136e-04
1.941752003037637184e-04
2.136279991585716682e-04
1.932168653749044270e-04
1.863067599544018045e-04
1.838199932347167457e-04
1.833347321045653423e-04
1.794669835172449737e-04
1.810741418355518023e-04
1.715778967271028245e-04
1.768276339219397413e-04
1.808880399606330354e-04
2.405676325924969018e-04
3.120213114584463815e-04
2.728309741133137225e-04
2.184802167839581437e-04
1.922498044218066949e-04
1.812972128070187202e-04
1.748770588320687600e-04
1.671338144419231913e-04
1.801125697104371507e-04
1.808641192712171246e-04
1.821855199691894414e-04
1.755592531626767937e-04
-5.653069606427942429e-06
-1.827921876364205587e-06
7.158676840796606973e-06
1.823721923100620753e-06
-6.816839309271331628e-08
7.434792327560589661e-07
-3.879395618957744874e-06
-4.760927479045413529e-06
9.199691320498093751e-07
-5.314188688668930215e-06
-6.944797990306933927e-06
-1.273852744122028956e-05
-1.947123614230974391e-05
2.069837819694640855e-06
3.911603478867728580e-06
-2.771252762776347522e-07
-3.800643977851477169e-06
-3.407562725780934294e-06
-6.455044094470551047e-07
7.872123581717339151e-07
-3.986993136038126425e-06
2.164185950538297939e-06
5.193371439752740771e-06
2.443753911751475774e-06
-1.333745583249814481e-06
9.976926541072026351e-07
-8.985050304038248510e-07
-7.314769560842274262e-07
1.820041720830304394e-07
-1.985959796784638784e-06
-1.463066023547458263e-06
1.375362271081240658e-06
1.754514580927722308e-07
2.966008420050097559e-07
1.273012460882058837e-07
2.355474080666004363e-06
-9.050527342870347820e-08
-1.777570952243591443e-06
2.155458608423675437e-06
5.109502368818481234e-06
-3.517634928301626384e-06
5.546929974368736191e-07
5.656510758993370835e-06
-7.759659755121743437e-07
3.236781212118730414e-06
-1.431061390293307463e-06
6.506971375011177180e-06
6.045939042013380538e-06
4.172817888926298053e-07
-2.256309054676271868e-06
-2.381703128279856208e-06
-2.048034607588335518e-06
4.847622180850795005e-06
-1.653812509006658638e-06
3.631942189967022313e-06
2.613792760065652956e-07
6.967950532899652063e-06
2.965192509265397909e-07
3.563472891603109353e-06
-2.847670107800428929e-07
-7.155114888969360295e-07
-1.599340591560904423e-06
-3.314896490791207960e-06
1.808788420194057655e-06
-1.733744398947119556e-06
-1.530536222282517992e-06
8.995072006499420322e-07
-1.280773895670857870e-06
2.697309001611482329e-06
-1.822046610388635629e-06
3.135377159705133673e-07
-7.037518927868471464e-07
-1.055042572438169841e-06
1.773751912743664552e-06
-3.830999300417885228e-06
3.283376642174865669e-06
5.326056343827045779e-06
0.000000000000000000e+00
-1.689898126906020629e-06
-2.580783114705268297e-06
0.000000000000000000e+00
1.415794740900570554e-06
-1.738094040727042378e-06
0.000000000000000000e+00
1.322026006456362404e-06
