1.281015184239158444e-01
8.384452955528403084e-01
1.729559748427672794e+00
1.081228542668468906e+00
2.015292357063658724e+00
1.711250377006822143e+00
-9.062154092780214665e-01
1.201019666792292467e-01
7.639134517301319205e-01
1.543298423403331343e+00
1.205904352785363454e+00
1.765084259673639355e+00
1.567102549276490953e+00
-3.817018626451113561e-01
6.678404224308595261e+00
1.497363691104709182e-01
5.237717597763996702e-01
1.909228554870739947e+00
7.280530502640737700e-02
1.373526283060400388e+01
4.568337832750526406e-01
2.188979967354812040e+00
6.483743088944464716e+00
1.626835253075266385e-01
6.529692479349075152e-01
1.827574614849277301e+00
9.739864370457529397e-02
1.290048613516671949e+01
6.355291656871150385e-01
1.827555039436445483e+00
7.233834655420903204e+00
1.881209496690165461e-01
8.062850625074270416e-01
2.056676231949605249e+00
1.313714616100409571e-01
1.440398274968533698e+01
8.113586570319135660e-01
2.219463253815846748e+00
3.794662423940818131e-09
2.217231944187786480e-10
-1.303188633936625769e-06
-6.160083135754596266e-05
3.575746007507794172e-02
2.142169897760449885e-04
2.032669639684639862e-04
1.790569647872039592e-04
2.149122421446312691e-04
1.203338114455984056e-04
3.460215827250555593e-04
6.716501297650085073e-04
5.154280762937443923e-04
2.848329577491727212e-04
1.945648721534955986e-04
1.782858013679860262e-04
1.810386062235909497e-04
1.829886674825672687e-04
1.907764071092687183e-04
1.861892161852352567e-04
1.941545261432709986e-04
1.927377649393464108e-04
1.826010166689524957e-04
1.952140521396360110e-04
1.630444687427055591e-04
3.038436994520623343e-04
4.042228468914960929e-04
3.087852513191337495e-04
2.594291334827273526e-04
2.202652305910269648e-04
1.838500619153361900e-04
2.281799651721065560e-04
2.394479930544310311e-04
2.166575087272394346e-04
-6.401147585621353104e-05
3.771710322017223519e-05
-3.020518056784100334e-05
1.064894234860336074e-05
-9.086926263626697931e-06
-1.651493893840646280e-06
-3.208095487732722861e-07
1.012511041770361400e-06
-5.868587069622465473e-06
-2.007785510262208445e-07
7.809209680011535830e-06
3.841239459992595401e-06
-4.181110871418251978e-06
1.290409717778663110e-05
3.551242621614125977e-05
7.488293650421558550e-05
-2.328802443943997505e-05
2.226001629580612193e-05
-7.979998706886458102e-06
4.565390694989621484e-06
-9.046755756601414095e-06
1.313735779775728970e-05
6.837812647125937008e-05
-2.760399579695519556e-05
6.738585139880836907e-06
-1.319379355029131358e-06
6.400459481029765416e-06
-6.026171669111033778e-06
5.315927458965855232e-06
1.093935445659551392e-05
4.850421115478237992e-06
1.883732370518357021e-06
1.848157418683314241e-06
2.308276459836360160e-06
-2.035598937045182748e-06
8.783264042790873863e-07
8.250655864627765376e-06
-6.776280621717788143e-06
2.067467331883471328e-06
-1.038210756106859431e-05
1.098192457919001591e-05
2.325386132472594718e-06
-1.311350739502595789e-05
-1.235053223822467804e-05
-4.305010504154272756e-05
3.353005355025932556e-05
-5.052968894605070972e-06
-8.203708550138039059e-06
-1.758456574201582912e-05
-2.406883983295783415e-08
-1.149786824883402726e-05
1.161137210219914690e-05
3.803695810400989320e-05
-1.445688497417101970e-06
5.509872247209002186e-06
2.157178423742962291e-06
4.873471711628764828e-06
1.410874793133189676e-05
-3.619512933290124496e-06
-7.060499136356940990e-07
2.149216321105360648e-06
7.338823299681727760e-07
6.290194539170798398e-06
-4.353421999773478698e-06
5.055377302577528189e-06
-1.207945413048932455e-06
9.627579109722766304e-07
-3.850266315970293287e-06
-4.338797804016972762e-09
5.269376194207876011e-06
6.625099552816087831e-06
2.782039261558839531e-06
-7.191039024157407894e-06
1.365989651230808824e-05
-6.776711217983135246e-06
-3.902887055749121538e-06
1.618771454898415305e-05
0.000000000000000000e+00
-1.656229089566713450e-05
-1.455768363970546454e-06
0.000000000000000000e+00
9.068898983412222899e-06
2.158169072566745402e-05
0.000000000000000000e+00
-4.316763735131580810e-06
