1.047784522686325825e+00
9.468341634641536109e-01
9.090870756904911865e-01
1.460014524561173310e+00
8.631244736023568898e-01
8.997800081482356660e-01
4.062039306455166310e-01
1.032551383114506782e+00
9.871220663373061477e-01
9.950869160609789876e-01
4.176482320140663340e+00
1.023712840462990714e+00
1.028235481450152200e+00
1.671120707866523558e-01
9.041721449013706557e-01
1.106048803476822773e+00
1.120908001665770426e+00
8.962086815596883582e-01
1.172974568266803574e+00
8.527269372009036452e-01
1.147979603786026370e+00
8.742190427188261115e-01
9.436742141313252397e-01
1.097984297340797610e+00
1.109781925363051425e+00
9.866866179074402776e-01
1.107325627139758684e+00
9.766438587738441868e-01
1.115666329633628884e+00
1.033893557109785588e+00
1.225561866759615537e+00
1.335339820120440724e+00
1.401169430601846955e+00
1.578827466322909157e+00
1.457676406888888776e+00
1.655587970685397536e+00
1.401006391421853126e+00
1.758911739056220336e+00
1.735922124151160277e-09
9.948476830872137053e-11
-6.128220163217348887e-07
4.166437339604579912e-05
4.757670773915682050e-01
1.717900547804635924e-04
1.663478604653543353e-04
1.670857314461027460e-04
1.678139695858609274e-04
1.685806828825298087e-04
1.859820572902804933e-04
1.805576572414242342e-04
1.730540830685443801e-04
1.694407712939559264e-04
1.685051765025902400e-04
1.711631876212734989e-04
1.745046594002067682e-04
1.670327812130599900e-04
1.699405964731433272e-04
1.690388690914738532e-04
1.743646861548244593e-04
1.696084002679824074e-04
1.803479194561031325e-04
1.587422204037997769e-04
2.597690241978111532e-04
2.388224196570607545e-04
2.050844164749916364e-04
1.955431543975796904e-04
1.822277741054763637e-04
1.687291495939802189e-04
1.741987919916630355e-04
1.693834203854427661e-04
1.707457789635209982e-04
1.690602640525874507e-04
-5.829181716860192008e-07
-1.690292356262538445e-06
4.948461802439662047e-06
-3.185580818440538577e-06
-3.528377307406145858e-07
-3.032142760874795986e-06
4.403340460242054345e-07
-3.472795799741848954e-06
1.655731324611713009e-06
-6.763337329295504699e-06
-3.310430424375847081e-06
-7.029924232072906924e-07
5.859463194627138614e-06
1.263423115109885818e-05
-3.143503179555194951e-05
5.016845808871901961e-06
-1.471523345773853425e-06
1.105388674550937368e-06
-6.119502131649165864e-06
1.978801303954414463e-06
-3.505588583904506814e-06
-3.056664110159015542e-06
-5.465070679371115027e-07
-8.159405316072414733e-07
5.075061313740773162e-06
-1.942378124165047841e-06
2.946956541413979854e-06
4.161969262305675359e-06
-5.011372302783626708e-07
1.188041363957244755e-06
-2.091567847210300446e-06
-1.605487422887473295e-06
3.712651866191717154e-06
-4.826605994367947743e-06
1.313643109679307934e-06
1.993526130054186579e-06
2.177937329395880467e-06
6.467869228195048942e-07
1.191596032377900529e-07
-5.542627398302695011e-07
5.743823194294979254e-06
-5.516892619449308708e-06
5.478714920677446438e-06
8.681260956747595127e-06
-1.754304796378799902e-05
1.132227136788995380e-05
-5.035194278606933285e-06
2.234507366198316873e-06
3.644837507681230935e-06
3.542778786190782002e-06
1.781925904265969603e-06
7.001990573663750524e-07
2.330686067953335524e-06
-1.089725570154990223e-07
-5.252737340890967325e-07
-1.476691395546800215e-06
-7.414415982059849083e-06
-3.170766395683340821e-08
-1.922283343331647739e-06
-2.577990663732623189e-06
-3.996142984257757016e-06
-3.684291183588890678e-06
2.166989047348442608e-06
-3.394074377044512799e-06
3.136646177472598084e-07
-2.386496368628226863e-06
-2.651694593140441168e-06
-1.363181283257933924e-06
3.858660524842728702e-06
-2.921650599489155984e-06
-5.619141999441303856e-06
4.488445192603243011e-06
-1.119386281982996058e-06
6.149827611437308150e-06
-4.308540894100562954e-06
1.167893922168233922e-06
2.706182311426743162e-06
0.000000000000000000e+00
-3.833762412110625104e-06
5.500010376981522524e-06
0.000000000000000000e+00
2.287213360481748788e-06
2.858098257450817332e-06
0.000000000000000000e+00
1.559044781109075869e-07
