5.079881281073790333e-01
7.534645143167866266e-01
1.179375679453331216e+00
2.001239240536365038e+00
1.372479713907894361e+00
1.257260278995200320e+00
5.935451213988054420e-01
5.333796837982531791e-01
8.029036699285030387e-01
1.265065414856268333e+00
1.879128929256811853e+00
1.329146515180935850e+00
1.253818358103089059e+00
1.770388327519075711e-01
1.467647981824596437e+00
6.813720102516687138e-01
6.421634481077556078e-01
1.562251902189491615e+00
5.001309858070146497e-01
1.999572888728523790e+00
6.068928885212689917e-01
1.662324984114269100e+00
1.516460146315783630e+00
6.917466720522464918e-01
8.386067574303264216e-01
1.592814004781271997e+00
5.826705918701922116e-01
2.263191358084784000e+00
8.667525372259474725e-01
1.624694833763916213e+00
2.170536917984269287e+00
9.089552648701755277e-01
1.575275461510897479e+00
2.305931564205732975e+00
1.032087913369646115e+00
3.648921689789014433e+00
1.698553751860482519e+00
2.534836200263914208e+00
2.184627598792153964e-09
1.190089168964573821e-10
-1.226657251870559374e-06
4.270949622642126889e-05
4.764889284805293723e-01
1.908943972836937006e-04
1.904488750307124561e-04
1.908226555567059759e-04
2.025990854131967818e-04
1.958451812862645571e-04
1.986255836136336739e-04
2.011256697727985526e-04
2.046562342026427667e-04
2.026674213065688583e-04
1.950470750392409931e-04
1.858279447716915523e-04
1.895121749114324220e-04
1.856245350621488948e-04
1.827958688657008233e-04
1.888966722143884031e-04
1.829229897402579797e-04
1.864521920425113791e-04
1.878694525473100234e-04
1.761690717368543041e-04
2.502326805724247225e-04
2.388850319802211927e-04
1.938130425819303414e-04
1.923644063061946794e-04
1.767349916443092077e-04
1.815939859458024527e-04
1.741792182279443962e-04
1.873165011427193162e-04
1.852636365829261477e-04
1.862729993040509340e-04
4.405808537898074488e-06
3.536833715613116934e-06
-2.505891724552732258e-06
-9.299806072376863902e-08
9.598410652677965563e-07
-5.311240672792524909e-06
2.496553049698610111e-06
1.126347274078283508e-06
2.598775099650496730e-06
4.230592366894338294e-06
1.700858848587959346e-06
1.332843271997315355e-06
-3.296738277580376773e-06
-9.239079709046645430e-06
-1.124554811977965900e-06
-1.044884321302234025e-05
-1.027299835150800483e-05
5.554024347775238446e-06
-5.601191693438721653e-06
9.257951689276668177e-07
9.161300290523096901e-06
3.156813921112594811e-06
6.703791635632138491e-06
2.473407586874263040e-06
-2.161477182696601164e-06
3.355719778604614100e-06
1.464216329224098808e-06
-8.754093046436001890e-07
1.489108799024094391e-06
5.730493390852619526e-06
-1.697769651840727839e-06
-2.030615115350552178e-06
4.726866018280192340e-06
-1.943432122557523175e-06
8.689052055308381606e-06
5.736957412897804496e-06
1.318121715606714693e-06
-2.766284820339197871e-08
-1.907611405331426980e-06
3.286744897297591829e-06
-1.018870938867951199e-06
-7.410512612434030734e-06
3.975483451209200719e-06
4.891292718753088655e-06
-3.100676105057044547e-06
-3.470908103051396633e-06
-5.491085729491061676e-07
-1.969047165742178745e-06
-3.804781872904257509e-06
-6.775108085533632390e-07
1.868120369605763279e-06
-5.441378506083307243e-06
6.053421972806659980e-06
2.524407818220484910e-06
-1.207859398796519506e-06
-7.207233048626121490e-06
3.806935784401292368e-07
-2.093106890115030173e-06
7.214111476338857659e-08
3.397755324998244459e-06
2.853489156359924971e-07
-2.515827306332152923e-07
6.387951210667016759e-06
-3.687795177172792447e-06
1.967215115754916708e-06
-1.132126362726193796e-06
1.454228163673381637e-06
3.488700398308470883e-06
-2.216425882286678559e-07
1.392954568202694762e-06
8.766914707190177703e-07
4.493008712782524039e-06
-4.000680638169171901e-06
5.541644623803322022e-06
5.113081775446027932e-07
-3.000916840251955065e-06
1.762495986765018251e-06
0.000000000000000000e+00
-5.712639461652190855e-06
6.036188051762173665e-06
0.000000000000000000e+00
-7.943638313880950708e-06
-6.186313082294258169e-07
0.000000000000000000e+00
3.319369462232563388e-06
