6.147796031487668955e-01
9.399046522757510402e-01
9.268265476854433693e-01
2.105071306684870525e+00
8.769971739862200133e-01
9.384136577300226101e-01
6.583644403339000695e-02
5.948298373304619080e-01
9.764109268879197501e-01
1.043525541125541078e+00
6.275829685938431268e+00
1.031093287070334874e+00
1.024540293331005714e+00
1.152476755151697008e+00
1.506147497310680983e+00
6.640810512668926524e-01
8.913129191195716672e-01
1.122872612240860768e+00
6.540287320933902970e-01
1.529114378731151858e+00
8.889603500819736048e-01
1.127074001885742582e+00
1.622440764478785269e+00
6.594372096089877733e-01
9.593325885852332924e-01
1.114605162677932526e+00
6.242073832752714768e-01
1.754990947764670128e+00
9.405209526480933224e-01
1.169995498865650907e+00
2.555829974722038322e+00
8.562982174980076078e-01
1.279121296458656243e+00
1.340722603211036645e+00
7.364444533442826568e-01
2.621947227495642352e+00
1.329636875399790030e+00
1.476049708631958168e+00
2.275421985156251562e-09
1.258986003911182057e-10
-7.000415673794876815e-07
4.208623163896209064e-05
4.900432625015905264e-01
1.826220498349861142e-04
1.849088938634382492e-04
1.674994590217886950e-04
1.973741355854356989e-04
1.688852559839672794e-04
2.424514696332636472e-04
2.227156449418413176e-04
1.885661959722390165e-04
1.820432424303430581e-04
1.940437905100834710e-04
1.920503496597995201e-04
1.871056925492832392e-04
1.824569660761431850e-04
1.842364499202373538e-04
1.894516643408704142e-04
1.794946861704844045e-04
1.861792800500354831e-04
1.819194601949998145e-04
2.022811060824813241e-04
1.954845410603986877e-04
3.363046402725448870e-04
3.026575721260115100e-04
2.350305497787556199e-04
1.948881039057906775e-04
1.785036224918632537e-04
1.747439278117609500e-04
1.785020672826680773e-04
1.744488440579727200e-04
1.732989311719519438e-04
-5.845396956744487268e-06
-8.773926452146087559e-06
2.119820345580727079e-06
1.336378928069116653e-06
2.755314770340321016e-06
2.361442719459677175e-06
3.269114076456313157e-06
7.232658321182095267e-06
3.373650468838888713e-07
-2.055221388745389320e-06
-1.929113132952978637e-06
-1.532543926204251869e-07
-3.242255932494857490e-06
-1.265449314216015152e-05
1.631848286638575999e-05
2.209877691330298927e-05
-2.759649644022878760e-05
1.070267672208939679e-05
-4.699830321021731972e-06
-9.201302645743056753e-07
-4.357804774991851625e-06
6.895804988052599048e-06
2.629494682353321458e-05
-1.580855856423212406e-05
8.557348737618731605e-06
3.661745934850479522e-06
2.589649252560979324e-07
-1.267123825815940947e-06
8.277980977064865900e-07
-4.050277198496456680e-06
-1.611339172872595914e-06
2.553226329117561051e-06
-1.932202257368853135e-06
1.980621318955826891e-06
4.093889891304849442e-06
-7.003660872382464501e-07
7.692593803791260396e-07
-7.802737654463869826e-07
8.974715088905565796e-06
-6.840638205759585036e-06
4.824619105279811930e-07
-1.977140328509553693e-06
-1.927755086513972724e-06
1.961572957966532396e-06
-3.517888119598659610e-06
2.269416386072561257e-06
-4.517512969712283857e-06
1.034442144164782665e-05
2.307931762595308500e-06
4.064607646203098181e-06
7.378051244095984596e-07
-1.409082325909393980e-06
3.291498945707022256e-05
-1.099922067058832652e-05
2.317715371398286983e-06
-3.569951047934004280e-06
-3.547982837041628763e-06
-8.984801431158464977e-07
-4.682883629648218536e-06
5.395278552220614764e-06
-1.240162055019449252e-06
-2.389434742394427217e-06
6.554838906992067652e-07
2.513359092710307208e-06
-4.918030117355844524e-06
1.698622767740677827e-06
-2.377979565407350664e-06
3.203219644647643712e-06
3.849249481164155572e-06
4.347013473853276544e-06
-5.477986733305760206e-06
-2.814945516992111775e-06
6.928174832110056874e-06
3.725800651960328160e-06
2.158541804016533220e-07
-2.982711614871816533e-06
1.315005607843218227e-05
0.000000000000000000e+00
-1.061271324075942921e-06
1.446262517965894525e-05
0.000000000000000000e+00
-3.300595778091792046e-06
1.213331330520785493e-05
0.000000000000000000e+00
-3.683674263610395562e-06
