9.949641095155239423e-01
9.286935516911285493e-01
9.840300900234308923e-01
1.117530324456472268e+00
9.552074331126333417e-01
9.905765298971502819e-01
5.191907539663164206e-01
9.995190670016318446e-01
9.482351153273891331e-01
1.289088261152193660e+00
2.279056633440597501e+00
1.355196502600929609e+00
1.409292227127457053e+00
5.277617717034868150e-01
9.962605811523940202e-01
1.025198374398998746e+00
8.090824161959988547e-01
1.251920622142621564e+00
8.242719106204501323e-01
1.220484426002913292e+00
7.599274749303016607e-01
1.423501787949099651e+00
1.033137018852926747e+00
1.079485683167331178e+00
8.086230925170213579e-01
1.432534443623555198e+00
8.780828421148314522e-01
1.375900377907530725e+00
8.558543429772442757e-01
1.497377378107368928e+00
1.344148892790577587e+00
1.432270976791645722e+00
1.357889029167067774e+00
2.160531504898396182e+00
1.391666741281124775e+00
2.181195020269171891e+00
1.426646503181680625e+00
2.277917751729435114e+00
1.840095040715473506e-09
1.095214033947605889e-10
-4.181033973223427350e-07
5.333781969573326740e-07
4.548924799592823365e-01
1.759136540227152249e-04
1.767949167972453813e-04
1.704373400416356180e-04
1.825194487840494924e-04
1.659919825983635047e-04
1.938080121743082586e-04
2.047103665204862534e-04
1.918254188295111262e-04
1.870815091951524530e-04
1.763163835775763421e-04
1.726527926366716570e-04
1.739344709906477876e-04
1.804934165389206733e-04
1.849824547733878240e-04
1.732302189904638852e-04
1.682863345764070199e-04
1.844135132859628032e-04
1.823893183177458107e-04
1.724149672180029210e-04
1.931428534199074848e-04
2.080235220230608971e-04
1.916010662339311110e-04
2.002860580688747274e-04
1.843704041409049846e-04
1.913621189642433112e-04
1.826696760104510632e-04
1.773906726716929045e-04
1.773715392511010817e-04
1.693473767734088894e-04
3.124424398847103133e-06
-2.655453915335697830e-06
-7.506721677552410559e-07
-4.363451868786212719e-06
3.010249032245548480e-06
9.665280417914556752e-07
2.916267081264212287e-06
-1.308471936331483060e-06
4.126608994823104083e-06
2.626177261976741583e-07
-5.307873140583955536e-06
-1.903139965370811184e-06
-7.075614186435240328e-06
-4.769424986439457874e-06
-3.395252785808630654e-06
1.113332146961911294e-05
1.426971396446744718e-08
2.280391968361170923e-07
-9.743427187487838683e-06
9.501468968138100763e-06
3.690028339705420710e-06
3.569821701604007286e-06
1.965417892039366236e-06
-6.450008624789482163e-06
2.622419538660186391e-06
-2.437690735554560020e-06
-5.815114480912113488e-07
7.313880137831982678e-06
-1.128792374031377880e-06
-3.639003843995586094e-07
1.978416914700617088e-06
2.892165392864501999e-06
-2.362193201930815063e-07
2.885142657192680265e-06
-2.316444602758145495e-06
-1.628110155479001809e-07
1.823460083858779528e-06
-5.314920694940834678e-07
3.790600025185400431e-06
4.228755751455483671e-06
2.698509977755940229e-06
1.096487728066182453e-06
6.028103209119753552e-06
-3.620622968434596933e-06
-2.028481943588313057e-06
2.138936610731943191e-06
7.210950992557316093e-07
1.109047624366455098e-06
5.256505310171384813e-06
4.710153105240986652e-06
-4.452758234018851423e-06
-1.136262230150957392e-06
6.136050216487208520e-06
-3.786544007712562391e-06
1.720418713259363910e-06
-6.848928920623151616e-06
1.081700412230177144e-06
4.460208540521227804e-06
1.845554282624193535e-06
3.342296266518799599e-06
4.294729926895380178e-07
-8.318179265463722901e-07
3.660087996705122725e-06
4.979738513538728407e-06
2.123499672466726752e-06
5.897266648347113668e-06
-1.347967251897377568e-06
-4.344274171588893058e-07
-1.199465901278843868e-06
-6.334491326350932697e-06
-2.849762708073443314e-06
8.531398523511691338e-07
-9.863840483461355877e-06
6.082322857602485634e-06
7.219363707568006346e-06
2.376085092163210253e-06
2.728680821734565196e-06
0.000000000000000000e+00
-2.098662723564934029e-06
6.064144267345386000e-06
0.000000000000000000e+00
-8.180310749887511994e-06
5.115948994365360957e-06
0.000000000000000000e+00
2.342205487944244266e-06
