5.068247913918118019e-01
8.390262126138980925e-01
1.030206179987440240e+00
5.357526022532435039e-01
1.053199214589526811e+00
1.040215293969460664e+00
7.202610736405483660e-01
4.766792589827869575e-01
6.513257083787429291e-01
1.125637151412289150e+00
1.008956633212068521e+00
1.213570599908768477e+00
1.168771376599909484e+00
1.094670053508528973e+00
1.798941506646745792e+00
5.583190022831407973e-01
6.730520040800214154e-01
1.516583235646726369e+00
4.813077617356933402e-01
2.106698609432469560e+00
6.693250984440777263e-01
1.528573027619131386e+00
1.358292168282601686e+00
8.329829507189466312e+03
5.725052012354170383e-01
2.979310511944692553e+04
4.123457116441818782e-01
2.967313935951937154e+00
5.430745053830595692e-01
2.885997905558372804e+04
2.052071661234947442e+00
3.632878214960712648e+04
1.003502567476253660e+00
1.394509948420303117e+05
5.408567612230070765e-01
4.893380357448156914e+00
9.703068899689932802e-01
1.253969103206244326e+05
1.739050152035396342e-09
1.007955135512173580e-10
-2.256694685529529126e-07
-3.997203822902567439e-05
4.102837544712857332e-01
1.670091434311272451e-04
1.706782086344105372e-04
1.633559227232982787e-04
1.721572353448607719e-04
1.438368325139252526e-04
2.001840749473492772e-04
1.987142730531371300e-04
1.807971459423798281e-04
1.749485183510194350e-04
1.688087815641223677e-04
1.710026731830548597e-04
1.706418067109872041e-04
1.726795745094192769e-04
1.721502909263130255e-04
1.752332866935145308e-04
1.696767365343215491e-04
1.751918827558788898e-04
1.636699182013391478e-04
1.645458166337763258e-04
2.350305862106292782e-04
1.931787140844461550e-04
1.700484544838905536e-04
1.623466455848666598e-04
1.730978948243282276e-04
1.680815759033523968e-04
1.723927624980280951e-04
1.642737310128930040e-04
1.698130587136848695e-04
1.718218447522191648e-04
-3.624698060956696135e-06
-5.240533962094316492e-06
6.037065932496411766e-07
4.603049764159253535e-06
2.612989757029502812e-06
2.455859498840280296e-06
-7.611684935673012984e-06
3.753524761041671979e-06
-7.159926462562581822e-06
-3.232640910606852241e-06
-3.048080903503194277e-06
3.618598136026249106e-06
-3.447967803542434025e-06
6.780169671652341254e-06
2.434023189709996968e-05
-1.915830787406399969e-05
9.496763034063168137e-06
-7.106077944992084019e-06
9.583595959661574111e-07
-1.754550429304283211e-06
8.490609547977781671e-07
3.778311878355228670e-06
2.482743264125420710e-05
-4.071626951592644649e-08
5.093696269394386113e-06
-1.740854567207651157e-06
-6.170447159089012898e-06
4.217465366234893887e-06
2.964888079663741623e-07
1.133325557571459117e-06
8.038007805284716779e-06
2.690935293636568506e-06
1.393812755101302917e-06
2.360485490840524539e-06
2.135773126789311123e-06
3.967310723716454503e-06
-2.187592729028820524e-06
3.052159646484634263e-06
-2.884797923092351665e-06
7.006859244888240843e-07
-3.607101511114978610e-06
9.137424523809905251e-07
7.865451371742438998e-06
-1.460005706372013553e-05
9.166884807253015418e-06
-5.016598750132865039e-06
1.722438909889177306e-06
7.256724620524114623e-06
-2.546321405591390901e-06
-7.572309762944153697e-07
2.054158427214779422e-06
-1.359055829923197943e-06
1.415422014579300544e-05
-9.939001844897679124e-06
5.975902586150097937e-07
-1.291485769113307370e-06
1.238579650860269496e-06
3.104810230451966147e-06
-1.368194366801483731e-06
1.864355118410032687e-06
-5.043446301123456742e-06
-1.077123630929576929e-06
-1.472137646651387113e-07
4.108642839772202567e-07
-4.043040161952465229e-06
-3.300499601781560823e-06
7.912390067848237546e-07
2.235095136313340497e-06
6.287494209821313431e-07
8.841147629857055910e-07
1.038524523024928240e-07
3.323714625194084944e-06
2.138571903771169698e-06
-1.542170432731924694e-06
2.131622217055033498e-06
-2.454182976361619772e-06
1.149636255536009781e-05
0.000000000000000000e+00
-1.627598856709367616e-06
9.996470134192214012e-06
0.000000000000000000e+00
-2.627770945267551997e-07
1.066525210700084724e-05
0.000000000000000000e+00
5.261993730387723927e-06
