4.181897694969702872e-01
7.941977838645642995e-01
1.042475870423195561e+00
1.730411815205536996e+00
1.194332753804624225e+00
9.943145802767010544e-01
1.095853251112203885e+00
4.043539773335840248e-01
8.087928688831558244e-01
1.107056958777444367e+00
2.601957915879562488e+00
1.264967155560174028e+00
1.074917044597108351e+00
2.422857381794250919e+00
2.212356773034382496e+00
4.527365411244136384e-01
6.924235901698488904e-01
1.444219817791650318e+00
3.365111744270362637e-01
2.971935455108163815e+00
7.065613294262660382e-01
1.420007142636149577e+00
2.234235887947579435e+00
4.822437344734956666e-01
8.462937283327066629e-01
1.388438548805712047e+00
4.016019492595929163e-01
2.984021253154921727e+00
9.101740989180620023e-01
1.408078983848791044e+00
3.060055555536957961e+00
7.793214644206094555e-01
1.338654845875741017e+00
2.109069655881484096e+00
6.917332414863767154e-01
4.472481193687581680e+00
1.565226010049983074e+00
2.368316009580860637e+00
1.900453819097461626e-09
1.045649737879876386e-10
-5.133277742499066717e-07
3.792485462937701744e-05
5.057262836419164076e-01
1.829026736862402348e-04
1.789151312964646441e-04
1.659781582851608595e-04
1.813041357119739641e-04
1.649497214220478148e-04
1.954484832949970972e-04
1.972551725588163514e-04
1.892063839367223981e-04
1.838098569296127470e-04
1.777212446826893809e-04
1.814039390204617679e-04
1.774129035188573892e-04
1.771343919346073700e-04
1.853238578195948042e-04
1.746268138867275086e-04
1.808226845129929435e-04
1.807313784542969822e-04
1.761021836754457590e-04
1.746069566154394249e-04
1.726588734017958323e-04
2.575639158411888435e-04
2.401198092150258348e-04
1.912322744545570099e-04
1.806673184491689680e-04
1.734867000185366117e-04
1.810431558675976182e-04
1.725177953065838428e-04
1.689678304850824068e-04
1.724854470884561002e-04
-2.028394251561285888e-06
1.408145908137804742e-07
-5.859470383586243577e-06
8.039929240684540759e-06
-6.790529954073914276e-06
1.067266313515625821e-06
-8.661888987943194897e-06
3.415199885333851090e-06
-5.244443457678307071e-06
4.764137628922234611e-06
5.538962283881422391e-07
1.735913652231662820e-06
1.298253907424445146e-06
1.706023642548486076e-06
6.536450958102902847e-06
2.338517854254526945e-06
-3.042359702322426921e-06
-4.860515247156607313e-06
-3.732865390195768690e-06
-2.391238050894592402e-06
-1.357443222566842706e-06
-2.800909358679266219e-06
1.244867067031784534e-05
-1.565268963707981090e-06
2.546536196359226041e-07
-1.513355934468297638e-06
4.374726481506720565e-07
-2.203792523412393299e-06
-4.108926283766220396e-06
-2.748204827390531573e-07
1.570274071840001398e-06
2.849743235773036819e-06
-4.401471974867531461e-06
-1.953256327092540969e-06
4.450386489854028591e-07
2.158199575788132588e-06
1.672861625222956149e-07
-1.486792243361433218e-06
1.903252530965357857e-07
-3.304798148348774026e-06
-1.303963178149861488e-06
1.945928635075668080e-06
7.333652627841549654e-07
-1.133722670651030914e-06
-1.699263984679749302e-05
-7.818846944353162165e-07
-2.026784908147444836e-06
-1.325733872681230976e-08
-7.184303129115332640e-07
-2.931630234500679695e-06
5.451996040218706333e-07
6.852731412514355959e-07
1.303239007363182880e-05
-1.648739424121788363e-06
3.720687362613860777e-06
1.408101120717299848e-06
2.528047891010556104e-06
2.194126850495337485e-07
-1.936482481078244549e-06
-2.259368470296992724e-06
-1.497123271867825762e-07
1.016478055789649899e-06
-2.980056168466482949e-06
-2.929990099450396305e-07
3.993057100246352503e-06
2.026399587031078563e-06
4.245296118095766429e-07
-1.515412959095934557e-06
4.764653985611034363e-07
6.754073026611172004e-07
2.358772370954211956e-06
3.398454530895185674e-06
1.053912591514508289e-05
-1.022495376760223539e-05
3.726121107151551090e-08
1.648209876836613794e-06
5.152444947209003359e-06
0.000000000000000000e+00
-3.500386755545134206e-06
2.354961661309479636e-06
0.000000000000000000e+00
-5.859875067612986817e-07
3.039675063913940665e-06
0.000000000000000000e+00
-1.339341920799319003e-06
