6.656190658982119590e-01
6.894136823651747514e-01
1.480661046670898706e+00
1.211929474340070145e+00
1.525372191727855764e+00
1.579508421647831895e+00
4.611692089778168802e-01
6.490168452364057927e-01
7.011277585210970997e-01
1.376337644019429263e+00
1.370739682580059737e+00
1.511648770016162047e+00
1.479039372429051591e+00
9.829867956594138256e-01
1.112162169989347138e+00
8.996500027365765817e-01
4.618257010628140646e-01
2.185827910717268452e+00
4.351017376392627423e-01
2.298778647484579274e+00
4.427742378714123461e-01
2.258490606663059452e+00
1.116933121319266364e+00
9.000469506375979867e-01
5.636306619426325604e-01
2.073774821326843210e+00
4.939628871534068599e-01
2.175265399155398072e+00
5.567877679626460630e-01
2.243185193240609721e+00
1.253860402692291931e+00
9.821167693689498712e-01
8.957534468928262106e-01
2.651248577586513555e+00
7.694696876630338078e-01
3.027916274661437868e+00
8.878395660238858067e-01
2.777499620892930121e+00
2.408560444392806439e-09
1.254276412434288130e-10
5.149928704981432686e-07
1.812256877427091369e-05
4.525195648024432638e-01
2.001799920891228035e-04
1.909229830873739845e-04
1.835529315199339905e-04
1.796145355922897622e-04
1.682129480309475225e-04
1.979422634935850203e-04
1.890027623344772191e-04
1.904864266222993014e-04
1.851563470161161603e-04
1.816172826726722899e-04
1.698377566516886454e-04
1.828642356159678470e-04
1.769254531487890318e-04
1.780204079618730032e-04
1.753596448872077481e-04
1.755148338918102182e-04
1.832996935161873434e-04
1.590217458243575082e-04
2.151840642085242313e-04
3.551099753809178433e-04
3.343579313483645028e-04
2.220496636737007276e-04
1.864954488285272506e-04
1.769209868733933417e-04
1.801659407429639231e-04
1.793397637743941926e-04
1.797214549055289455e-04
1.679960430744151917e-04
1.941815794333196605e-04
7.220275301056774726e-07
-5.638417274541828201e-06
-1.557315478662711093e-06
1.808032841936580959e-06
5.123553714279459862e-07
3.448919656562149792e-06
-1.032030631401977349e-06
8.341754347194651560e-07
3.759835384928883873e-06
-4.151388832666474226e-06
-1.880010390251111384e-06
-8.020856612616654693e-06
-1.512840747289710347e-05
-3.999873160078932783e-05
-6.915604997384476018e-07
-1.329469501007709298e-05
4.968138643339374356e-06
5.502260606752482324e-06
-1.702036488500797832e-06
-3.098365068257056897e-06
-2.701991185273636774e-06
5.157930361849358592e-06
1.563165846944976920e-05
-3.031545294419427303e-06
-2.995752080742327389e-06
1.588091096170929959e-06
-3.618122185229712834e-06
-2.575012448149776773e-06
2.936530022306828393e-06
2.604044294027022815e-06
-6.552230085781200170e-07
1.453975921915186039e-06
9.760893872352278262e-07
-2.547607398978583852e-06
-5.727882717263573490e-06
-2.234758074877012126e-07
-2.033839482905466977e-06
-3.596810348118059317e-06
4.113704175860968652e-07
3.919584291188913339e-06
1.805543897800901550e-05
-1.048244297945220797e-05
-1.678029093410155970e-05
1.248417338914253931e-05
-6.179710756651206495e-06
4.367332696221447987e-06
-1.377716683157808818e-06
4.716888849420386892e-06
-6.155489526394087259e-06
1.052679534148921075e-06
-3.896780147869128425e-06
3.879996394067715265e-07
1.148031154271410696e-05
-3.448736639567685016e-06
7.644668296092053028e-06
2.336832144973637205e-06
4.278111418472647223e-06
-1.856683497469870464e-06
-4.129588303164018454e-06
2.851674536065929770e-06
2.459815326827117137e-07
-2.969397243258623463e-06
-3.257472968176782478e-06
-6.773648404301943181e-06
-2.689544830388511599e-06
-2.021064357352359667e-07
-2.963369578174167599e-06
2.243936289551987707e-06
-4.920734330441074595e-06
2.297123001340257263e-06
-5.918147022565005527e-06
1.062884260346788856e-05
4.526358295157582429e-06
-4.324532283807748574e-06
9.633582979839356879e-07
1.715434171708189522e-06
9.298782317512721679e-08
0.000000000000000000e+00
-2.376807875794142655e-06
6.723533068559733956e-06
0.000000000000000000e+00
1.875542409688630244e-06
3.514521547088982824e-06
0.000000000000000000e+00
9.520884209383129070e-07
