5.014519009839111252e-01
7.045263705810731469e-01
1.179856115107913661e+00
8.651505162828800888e-01
1.285570237557010831e+00
1.180270474900410260e+00
6.646874209360643659e-01
5.043039940969297197e-01
7.674321141426752035e-01
1.322055356927167580e+00
1.072735431758332858e+00
1.466184718784726115e+00
1.322785522487557319e+00
1.372336573723832664e+00
1.441080974997020370e+00
7.116922665880194288e-01
6.018166361515335794e-01
1.754316076959248072e+00
3.974332574232994908e-01
2.548809200277600162e+00
6.129515363764933555e-01
1.752602098115720430e+00
1.548687802504603805e+00
7.079606862619545193e-01
7.454520856664177408e-01
1.723210468171707976e+00
4.404958244930055611e-01
2.583710957054707436e+00
7.445769937586568243e-01
1.726140137253418416e+00
2.286697370762036829e+00
9.941131112460281916e-01
1.223922678678948328e+00
2.714748757177402716e+00
7.127492130151948935e-01
3.994963031846312962e+00
1.278919069741579539e+00
2.836423287553595962e+00
2.527337993478638192e-09
1.288582313698367183e-10
-8.312094544972620946e-07
-4.469350032359439048e-05
4.444656066885026569e-01
1.774927630637289442e-04
1.751696581071013423e-04
1.725915652709885881e-04
1.780819228563134673e-04
1.683166942617589010e-04
1.926832027083312656e-04
2.042393067027710300e-04
1.822518688465215577e-04
1.943285416085010900e-04
1.808041207675643099e-04
1.822291434816703990e-04
1.758059436750938930e-04
1.837424570692415082e-04
1.782312565562291099e-04
1.776878841892547394e-04
1.795012324884041129e-04
1.801168781317017071e-04
1.599769482407322873e-04
2.680142059088120947e-04
3.217565562313899142e-04
2.987247857893460213e-04
2.206651946304718300e-04
1.828534014747357998e-04
1.810288845367774980e-04
1.765636954009135802e-04
1.760671831822501507e-04
1.799238093323237797e-04
1.825272095723818645e-04
1.776757610927004417e-04
-1.980441882273287191e-05
5.200728214366047078e-06
1.198253681799535401e-08
6.316909902249439508e-06
-6.359057101839479901e-06
1.562209906097920596e-06
3.688635648544965186e-07
5.358603612310422971e-06
1.024550497985290961e-06
-1.972780059116648894e-06
-2.764528807664226674e-06
4.418659735859738323e-06
4.304446320400556083e-06
1.142116857875889765e-05
9.327706593329346057e-06
2.658666972463446134e-06
-2.866110509028621535e-06
4.338966976245302373e-06
9.917675085126557387e-07
-6.234086698619728459e-07
-2.186528069237924582e-06
7.642311110660062219e-07
4.065196433747458014e-06
-4.303998791858127552e-06
-2.352284162508020134e-06
-4.306576648994165512e-06
7.051016445138458294e-07
-5.268176198144886753e-06
9.900975982711031919e-08
4.120212209882840087e-06
2.870064145804400628e-06
-4.995016869983223697e-07
-1.530491709893929874e-06
-2.206399704924098065e-06
-1.790401473163311752e-06
-4.836039464402936914e-07
-3.418248261831569081e-07
-2.068233607521524108e-06
5.948017723374417017e-07
1.292525452401892392e-05
2.564275765936713984e-05
-2.885583229014344160e-05
-2.471758820730928136e-07
-4.301366453214003066e-06
-2.306642560832284286e-06
3.093638777111134816e-06
-4.282660660700927924e-06
2.823805759632721118e-06
-2.549348196091359506e-06
1.307914193695855705e-06
-2.860181241056510843e-06
-6.771798216999564942e-07
1.246651399577442532e-05
-8.028374770833453562e-07
8.431610198965439071e-07
4.872179827230741414e-06
3.863963805687050099e-06
-2.842110771432999505e-06
-7.294000120365085466e-08
-1.621050157207217889e-07
2.278839496358402736e-06
-3.599853560528748917e-07
3.229485634756019191e-06
6.536718984010731766e-07
-1.638322686210461613e-06
1.276021992170211787e-06
-1.388665573543275803e-06
-8.847429471871027122e-07
-2.526519362335779117e-06
2.791894567029638309e-06
2.394423522644649553e-07
9.703410153196091528e-06
-1.129415178484247825e-07
5.005003290112674242e-06
1.141886898212458455e-05
-8.768153497178659307e-07
1.042978762782745016e-05
0.000000000000000000e+00
-1.174068331843409246e-06
9.691730933627933661e-06
0.000000000000000000e+00
-4.099128015836109867e-07
3.314287831643429713e-06
0.000000000000000000e+00
-1.786762031168210793e-06
