8.715789344862063803e-01
9.860820382350137248e-01
1.033354179695643138e+00
8.135623753400862412e-01
9.913899483519574840e-01
1.032494529738969824e+00
3.488847375224216618e-01
8.587370711806682211e-01
9.946640624552850474e-01
1.107282558234206959e+00
1.958825912022442495e+00
1.083942885930060385e+00
1.145651694865966519e+00
3.002527319985076604e-01
1.154461395231785259e+00
8.662387261003001715e-01
9.238098376762950981e-01
1.082474592350092024e+00
8.551663819056503080e-01
1.169474570618924014e+00
9.104594157442462699e-01
1.098584457059896824e+00
1.137381085896951083e+00
8.923071612156157073e-01
1.021342325808641371e+00
1.118503114572506396e+00
8.438628945074799770e-01
1.288842091709733406e+00
1.045864189564233104e+00
1.151146544805025762e+00
1.266577594285677621e+00
1.096835387555874064e+00
1.647720005984785185e+00
1.656193521192306672e+00
1.291904397622261058e+00
2.291588877741262742e+00
1.824108643213111502e+00
1.807666452156866610e+00
2.208943097673808245e-09
1.015528081212635338e-10
3.695119150293964270e-07
-4.440487732501042069e-05
3.865461345029742035e-01
1.644571547026289229e-04
1.743121398505821044e-04
1.724282983142255590e-04
1.715969771531351416e-04
1.648153012449361278e-04
1.775504962638269676e-04
1.815263788347466637e-04
1.772352357415773343e-04
1.738995574056711362e-04
1.799508436316303302e-04
1.713448533077713710e-04
1.800705379855528643e-04
1.741029253750393802e-04
1.825009073783165174e-04
1.725080316281997158e-04
1.702392276284819079e-04
1.861581900142332048e-04
2.840751870895340302e-04
1.842311083556404648e-04
1.765160891761284113e-04
1.747724795345348425e-04
1.816091502581766715e-04
1.685489965834154817e-04
1.752123835525808658e-04
1.759664295353027277e-04
1.648783365714100949e-04
1.792891481702728286e-04
1.770626834406471405e-04
1.748506345889089221e-04
2.406149023104568956e-06
2.148046356553497952e-06
4.516914663821069104e-06
-2.951938334166721065e-06
-1.617823858000158325e-06
3.965395822637549481e-06
2.556273927151763274e-06
-1.743424830395524127e-06
3.129649952052791759e-06
-4.271667740777724035e-06
-5.329744297085092131e-06
1.054790052505537811e-06
4.950674686890303711e-05
-3.599749742188445862e-05
1.240255784276797155e-05
-5.429751907228968479e-06
1.433988093297188771e-06
-4.272450431615720572e-06
-2.090344494308002738e-06
-9.450231314838034116e-07
-8.239440996321304691e-07
1.128556519430658881e-06
4.616894555766807543e-06
-1.139187200290020461e-06
-2.636345020101177139e-06
2.361740727460554062e-06
-3.601136779716559096e-07
5.738003885651178985e-06
3.297069235332303784e-06
4.256494871599787796e-06
-7.779366017944395548e-08
-3.786537074929155013e-06
-1.468834420869847936e-06
1.866796633722260576e-07
1.368117369547563691e-06
-1.729098811560743772e-06
-4.596116456236840901e-06
-5.080715180541157407e-06
2.915398120775475294e-05
-3.197302088312492800e-05
1.311892706500849755e-05
-1.115080670778891157e-06
1.053956360298498937e-07
2.627502227052849001e-07
-1.074516371048282394e-06
-1.719044971336985228e-06
-2.711388194170230906e-06
-2.982908636743564533e-07
-1.449285403446031380e-08
-4.798836445493584387e-06
-1.106299051279853490e-06
2.332569169238303175e-06
2.014446661422903116e-06
6.442499216951831735e-07
-1.683001485261994500e-06
5.665288589943117188e-07
3.267129241901965687e-06
-2.363395188913534366e-06
-3.655379940751808074e-06
2.476149230228147014e-06
-7.422975258666765858e-07
-2.167666835040484457e-06
2.595436334661740726e-06
-1.894258022880673490e-06
2.864455208070428562e-07
-4.680792701277361605e-06
-5.998566464001389925e-06
-3.031738511025990108e-06
-2.165092204358382520e-06
7.056739218877155438e-06
2.307310819576539631e-06
-1.108364782223134725e-06
-5.985184234232031629e-07
3.478991168200445901e-06
-4.974665515817768322e-06
5.854532199303293737e-06
8.173863162500809700e-06
0.000000000000000000e+00
-7.529336555052729282e-06
8.586374459229865114e-07
0.000000000000000000e+00
2.133797722027707087e-06
-7.080532214098280789e-07
0.000000000000000000e+00
-1.894932830035949068e-06
