9.379885020802635198e-01
8.462433062001138984e-01
1.008000000000000007e+00
1.717951140378236818e+00
1.046644612706156163e+00
9.972432418028438494e-01
3.705633078585661710e-01
9.428207845398449694e-01
8.832794089501393442e-01
1.008768165488855839e+00
7.806117564104706474e+00
1.111626535638103874e+00
9.807595907395206813e-01
5.602224364573037407e-01
9.241578850696057224e-01
1.082327594050986663e+00
8.499898158480322374e-01
1.177739999886638245e+00
9.248391397776564160e-01
1.081269384977378678e+00
8.613063650824548390e-01
1.161387097712542005e+00
9.361394700089740173e-01
1.085274625492396172e+00
8.405032727369270429e-01
1.209143023528409522e+00
9.306016897353892592e-01
1.075234825249281601e+00
8.676369444031710731e-01
1.177672646213696606e+00
1.148227331970755660e+00
1.289884571394999346e+00
1.026019804786451273e+00
1.402144392669802286e+00
9.719333907656089178e-01
1.119970487758891853e+00
1.060908186097521799e+00
1.369653422816268229e+00
5.050180088678188765e-09
1.308033103566504123e-10
-2.165729011257978142e-07
4.582487982737663108e-05
3.970667561016919533e-01
1.670800330550141900e-04
1.751481149259864767e-04
1.706464231482311548e-04
1.805786047134125684e-04
1.714762041763250402e-04
1.819106088451570959e-04
1.803447444853129228e-04
1.798847058218921990e-04
1.688379416108778887e-04
1.790141397179521507e-04
1.719875630745873007e-04
1.721841229326685242e-04
1.784344960208045011e-04
1.734169830570857077e-04
1.684040625456922403e-04
1.759078224525191427e-04
1.604828647059873277e-04
5.327534551061452201e-04
2.976094691888984565e-04
1.891414938548783621e-04
1.802490573357295903e-04
1.779425327243911825e-04
1.749826488503661087e-04
1.737698694753882223e-04
1.761538578054754338e-04
1.777412749994676197e-04
1.764326736667297618e-04
1.753286186672076727e-04
1.788539727180389865e-04
2.760597022980211812e-06
-5.797415964449472593e-06
1.849753348292213686e-06
5.053007419970954360e-06
3.729013411693340351e-06
-7.267906649086741457e-06
6.509618371258090244e-06
7.961087565821512262e-07
-2.434406197503799812e-06
1.476593904525664719e-06
-1.031557425115595555e-05
1.703110448398826779e-05
1.585393319911515645e-05
-5.004505184688763598e-05
2.385628150942226914e-05
-7.468314985495821503e-06
-8.155810116057536165e-08
-2.971508224076310919e-06
-1.137678403025106729e-06
-1.275153173265853098e-06
4.953093889293017730e-08
-3.205066414579380867e-07
4.106868776881338458e-06
-4.880845739432732968e-06
-2.062398317921836625e-06
1.891949643070076120e-06
-3.269673489890082635e-06
3.347432012214482292e-06
2.188630356743959307e-06
-4.322368349055075530e-06
7.120530196260516529e-07
-2.914102836155327518e-06
3.081185725479124215e-06
1.023766224792015115e-06
1.042456202553033971e-07
4.538673662149349503e-06
2.272878119788699284e-06
-4.529646973743919223e-06
1.223908541785938289e-05
-2.880231871944028028e-06
-1.010637885599305505e-05
9.620870592834376283e-06
-1.023459305544134707e-06
-4.388645582572547019e-06
1.390679506708393206e-06
3.234492606369134183e-06
-4.185230953663792740e-06
3.869556482539494428e-06
1.309316219997333408e-06
1.635811326233091053e-06
-8.998454484110917236e-07
-3.757498895978449194e-06
5.796101492727877633e-06
6.650097749419525954e-07
1.476436645868770999e-06
8.194564367672397078e-06
-2.309794432436929686e-06
7.739835644369719202e-07
-3.933786448757600987e-06
-1.745480264348521277e-06
2.817028358925441562e-06
7.623124131366662446e-07
-4.128342859705724633e-06
-4.700447754352806307e-06
-1.770451668491243154e-06
1.445192370151666762e-06
-4.173926479775605187e-06
8.502869942466934495e-06
3.466582879339208979e-06
4.488390814499561411e-06
5.140106701129644942e-06
-1.223007090633671776e-06
-3.223548878123124064e-06
-2.016612539985111178e-07
7.414971691266953931e-07
1.669078231227906658e-06
-3.492920285753002490e-07
0.000000000000000000e+00
7.564721252007301616e-07
-5.900349468221711245e-06
0.000000000000000000e+00
1.205940367545508030e-06
-3.897000781407349681e-07
0.000000000000000000e+00
1.427422734255235774e-06
