6.828358561837017948e-01
6.978098743699653328e-01
1.034874052335534422e+00
1.125182466887695965e+00
9.374474040468283587e-01
1.035515957850066782e+00
-3.289830020101649488e-01
6.803290221655551306e-01
6.774131007631412071e-01
1.035672777303633829e+00
2.140636889092579320e+00
9.545364836644907314e-01
1.041234140314871048e+00
-6.800025263126003860e-01
8.952606680875325740e-01
1.121344612943868224e+00
6.597927658050326549e-01
1.515654063574692678e+00
7.093702351355506419e-01
1.425228013364651991e+00
6.438829931133907003e-01
1.562185967452859980e+00
8.421166484601794178e-01
1.369480706843736684e+00
6.597220514520361068e-01
1.540575236019580796e+00
6.964118392721360129e-01
2.642325502537405058e+00
6.355763204675870526e-01
1.598880931228357616e+00
1.249692502990888077e+00
1.715665788214832954e+00
8.146745152942629353e-01
1.927949896474027813e+00
9.360150782149081472e-01
3.219554451138506579e+00
8.370736357556270990e-01
1.929349897324713403e+00
3.210938816696692475e-09
1.348034220511644170e-10
-3.374746549981034025e-07
2.345511354926444456e-05
4.510896211600813888e-01
1.727033740897837436e-04
1.754210841290634567e-04
1.818071009052871939e-04
1.852949080778788608e-04
1.556795936315926517e-04
2.152133354044368776e-04
2.192899929269702798e-04
1.828073463608499401e-04
1.867221712799501353e-04
1.828686420595493378e-04
1.737360211733266196e-04
1.794435580199402018e-04
1.792356380214876125e-04
1.753885954010819077e-04
1.791342174887251186e-04
1.755921509915777702e-04
1.880000796775220290e-04
1.734648821760111873e-04
2.375540341881779600e-04
4.924854708316114089e-04
2.974505284213383631e-04
2.061972181145773481e-04
1.792246918899316498e-04
1.793981922804373870e-04
1.740417555938770133e-04
1.778982795612610865e-04
1.748779666426431673e-04
1.812867134565254517e-04
1.754129667578899221e-04
-3.338696172464659818e-06
5.252132448511324190e-06
-1.058293284558899745e-05
2.947810773552968494e-06
5.717686677360499093e-06
2.049481084121167237e-06
-2.795124460369396928e-06
2.918043821972133241e-06
1.363951751080074452e-06
-3.665544122282280992e-06
-1.948970855431808230e-06
4.186868583660476221e-06
2.575427434322789152e-06
-2.586498525145909406e-05
-2.471085675766612679e-05
-6.461937272302397131e-06
4.821956455279343703e-06
-1.161109538972363189e-06
-2.039326621667464513e-06
-4.152186684508907778e-06
3.415403803876865317e-06
6.891228755889274054e-06
2.035143857295196787e-05
-8.853041923295081202e-06
-5.303648313724248695e-07
-5.211340528740079824e-06
-1.910801647340165179e-06
-4.676975672100710648e-06
3.391472495717383879e-06
-1.882192217896479544e-06
-2.267898435635318081e-07
-5.643835018858641367e-07
1.200504314491920911e-06
-3.044180366038366083e-06
-2.636935469475564453e-06
6.843535925208142653e-07
-4.127030596423821474e-06
-6.118140458463684402e-06
-2.899467919975233638e-06
-9.510389387986159984e-06
-2.214788744197514734e-05
-1.457314275410913781e-05
-2.851411921617622236e-05
1.715766803604323653e-05
-1.406056689342136477e-05
2.821744354403840089e-06
-2.886135870506160719e-06
-2.880930593150110474e-06
4.022250496353365636e-06
4.239863581445618716e-06
-1.809043430706528875e-07
1.388982029930044177e-06
1.180952665384177137e-05
-6.840460618395981188e-06
2.046828994257221323e-07
9.942888660587065904e-07
-1.816280650879028331e-06
2.287253051659793508e-06
3.746766979490205527e-06
1.662387811033704181e-06
-2.723267348541382347e-06
-1.692319206817464596e-06
-6.136366935822689474e-06
-1.785088079203387988e-06
-2.545756379321688602e-07
-2.413212335434939131e-06
-2.596269233009019330e-06
-5.350535970751002802e-06
6.549277946934674135e-06
-1.667992766882265042e-07
-5.925987551976206257e-06
3.521772105259303284e-06
3.065422179904029476e-07
-5.686315856604937387e-06
1.729107203571437935e-06
2.651798688582508020e-06
5.423314257772448910e-06
0.000000000000000000e+00
4.875414502492563878e-07
7.825205160946208788e-06
0.000000000000000000e+00
3.910852879631007323e-06
1.074252013742938445e-06
0.000000000000000000e+00
8.585832644311138141e-07
