7.941368676151154826e-01
9.051179498564516646e-01
1.038172172654931114e+00
6.824621255295819644e-01
1.089384546803183529e+00
1.028846312668313168e+00
5.396238946597076147e-01
7.903552385905372457e-01
7.838713954291988140e-01
1.081710255848295832e+00
2.816665309411886309e+00
1.113026415101754818e+00
1.066090714021347807e+00
5.760176716611759007e-01
1.187155950268368176e+00
8.424172085166352630e-01
8.235161104441746094e-01
1.217778702701183047e+00
7.680837944549258056e-01
1.302476234638313635e+00
7.990642859307703905e-01
1.256982101284605413e+00
1.118647081234633411e+00
7.690316723333247865e+03
7.596378867031510218e-01
9.783265805638720849e+03
7.804147716356284459e-01
1.508017059126739667e+00
7.553867657766920596e-01
9.088862782236301427e+03
1.987761339088382817e+00
4.613812133293384977e+04
1.065796316291276469e+00
5.869308045092165412e+04
1.194876784997488395e+00
2.541463769078542434e+00
1.083891636455301732e+00
5.452677838544202677e+04
1.932021237010405335e-09
1.112555862156614148e-10
-2.068826209246116742e-08
3.531397678131318761e-05
4.486828709595316877e-01
1.739639076184946987e-04
1.753409856747361792e-04
1.618481643695277267e-04
1.737060205684023756e-04
1.640887473909945031e-04
1.838607985071759809e-04
1.879458633726604371e-04
1.795625871228883111e-04
1.845116498099782284e-04
1.816818363277827408e-04
1.804036425023149831e-04
1.716318682289110994e-04
1.756614048724590698e-04
1.778386538990022066e-04
1.695531459157104712e-04
1.675575892653257521e-04
1.770340833275392718e-04
1.561867539444043566e-04
1.751300100895804963e-04
3.128866309317623060e-04
1.976355261587595070e-04
1.801719760259713006e-04
1.776053017454327356e-04
1.706393670216288993e-04
1.732942680013728281e-04
1.735264818854799431e-04
1.758723143418310878e-04
1.704275857387137303e-04
1.685295006966818681e-04
-9.602215865942322460e-07
2.165214297527492382e-07
1.746039976565586453e-07
2.668623973326956613e-06
1.182628152726791501e-06
-4.431871461388887436e-07
-1.917931554918296630e-07
-5.643142642907593170e-07
2.404379907029737283e-07
5.641835129816064653e-11
3.466173131985383469e-11
3.996850622511596504e-06
1.628516440105621280e-06
2.626804721007335798e-06
1.229343592061738005e-05
-1.790548726588184748e-05
7.392805481261855631e-06
-2.567074432767504131e-06
-7.250796723135580508e-07
5.787245393073146021e-07
2.051735121976758224e-07
1.489585352657619347e-06
7.015899746318572224e-06
-1.015481644768595750e-12
-9.278012698498911857e-14
5.833420738546576395e-11
1.251606695094785715e-12
1.136960373933182151e-10
-4.307913158668504589e-11
1.940034761395928452e-06
-4.289669285895751692e-12
2.124808371055153506e-11
1.905226148521885345e-06
4.199635473602789647e-07
-1.983751668914778194e-07
-2.802753412384433278e-07
2.909709072650347392e-06
4.182940118530391125e-06
-1.070966215573452259e-06
-3.867244463701494729e-07
8.100900437628348497e-12
-3.170203550780540979e-06
1.995815572704112832e-06
-1.394568213255187260e-05
1.363749751144042045e-07
1.456646911446745904e-06
-1.823767330389036814e-06
1.255056219674411192e-06
-3.791631828200308389e-12
3.874671659651603113e-06
-5.865264756638646629e-08
-9.719915133327652243e-08
2.991315864038833926e-06
-3.019243358622299629e-06
-4.194730021116939144e-07
-2.050421326857423029e-06
1.176327879526527626e-06
3.488643608966872646e-08
-4.942952250845164336e-08
1.543962893686121809e-06
1.002495189884125316e-06
1.227666911815836617e-07
-1.258453944811472078e-06
4.389211878611669581e-11
-2.885422256502729534e-11
1.214606061036927090e-06
-1.068627868786185809e-06
-9.690569181508791865e-07
1.950867710074534455e-06
-3.932495726362725762e-06
-1.589722204021414447e-07
1.998129520640814060e-07
-1.657262501012403975e-06
-2.016299493842694269e-06
-2.370794122795738789e-07
8.295421714534869768e-07
5.311627327261205289e-06
0.000000000000000000e+00
-3.764592278034037881e-07
1.868893447895986010e-06
0.000000000000000000e+00
-2.491254766064983080e-12
3.468467166219754676e-06
0.000000000000000000e+00
-9.788877752418925735e-07
