1.003014485768502162e+00
1.040856390046683178e+00
1.229570276055101274e+00
1.022299500518883519e+00
1.290964872697966337e+00
1.158224344598115518e+00
6.265927850603421057e-01
9.977961768957083200e-01
1.070037709552228655e+00
1.367599018130417843e+00
4.403403145343193437e+00
1.379617350046961732e+00
1.324886313995155440e+00
8.554095558477526895e-01
1.050487095417476091e+00
9.519656621543683972e-01
8.561443299828839226e-01
1.168763388200674047e+00
8.152358021467376314e-01
1.226831894714251803e+00
8.728225622001790640e-01
1.146353353186854607e+00
1.070321234921076670e+00
9.392711535179774085e-01
9.561168778179995886e-01
1.355945085273001061e+00
8.462869560259878021e-01
1.357300846196519473e+00
9.871883403737989893e-01
1.350300310555738736e+00
1.216868426097411415e+00
1.028555665950442677e+00
1.688632164294817217e+00
2.075485647947166168e+00
1.652250301791127640e+00
2.095849191537372924e+00
1.773874837915325076e+00
2.065316718351286607e+00
1.820822928855914447e-09
1.073584252315759787e-10
1.843504072268583994e-07
5.256473023944509141e-08
5.085735191194248328e-01
1.776428186899862917e-04
1.742412562769237556e-04
1.711638210006666760e-04
1.835633010770950627e-04
1.688672701564618251e-04
1.848090432638210996e-04
1.855985774696346452e-04
1.719323675740518911e-04
1.784344943297157444e-04
1.796981542777366088e-04
1.757774662850586952e-04
1.783870406716382153e-04
1.768177080448149019e-04
1.759654827189156075e-04
1.745980519923382888e-04
1.709271745774167302e-04
1.808799081211664821e-04
1.729069340047750120e-04
1.922714436780280085e-04
2.012015864531961997e-04
2.019557144157679179e-04
1.957688857782001642e-04
2.078836292272742497e-04
2.093459989205883318e-04
1.808956615213081452e-04
1.738814839602521064e-04
1.777671282473582701e-04
1.724517708629637184e-04
1.776066091504051325e-04
-2.745928007222110563e-06
1.059834629365176806e-06
-2.965601094919022255e-06
5.281268646080660963e-06
-8.247497022543119026e-07
2.220900101481799577e-06
-5.842623832058719527e-06
-2.216581894018709106e-06
3.963257200702222912e-06
8.346032544895934814e-07
-4.553125975563773661e-06
7.078402971899539400e-06
-2.504668824247923490e-06
-4.073896943846821718e-06
1.286372603664357921e-06
-1.379936760729996178e-05
8.913632090215695063e-06
-1.037454333991866327e-05
4.929451450048357797e-06
3.285613938780374726e-06
6.494460218713634296e-06
3.685534699225680805e-06
2.393546329349956599e-06
-1.308734713543811977e-06
-3.042657020999271078e-06
3.769214029535408061e-06
-2.826500635171400543e-07
-3.834327959813244126e-06
1.042549111080037976e-06
4.348805973574941552e-06
5.634244626935654700e-06
-6.100802245539487871e-07
2.350274091719205410e-06
-3.076906753850558684e-06
-3.889835831347292264e-07
3.706323070885857156e-06
2.601368087720310203e-06
3.768931700604296849e-06
7.524919244421326976e-07
-2.517420558475582595e-07
6.778064624096272023e-06
-8.970499821442942337e-06
-1.156295903876241726e-06
1.312672936733057912e-06
-4.169184915927352267e-06
3.381785666525126391e-06
1.223190106645965852e-06
1.227871052578254729e-06
3.169845652596928393e-06
-4.133757709004198669e-06
3.265159732062716573e-06
3.453059381683299741e-06
1.582847460106174428e-06
-2.546176980726476657e-06
4.032609187571855361e-06
-1.658898310817230221e-06
1.158286397535905130e-06
-1.303821771489308914e-06
2.892427257140909565e-06
4.015540871850645178e-06
-1.065989248577915125e-06
2.272404458204484253e-06
4.500380411376946944e-07
-6.212368316899795332e-06
-9.871766251154375301e-08
9.604184360424265149e-07
1.524315230561274883e-06
-4.128198174060645092e-06
-1.556125215941031693e-06
-1.939335071593167499e-06
1.076160764955152191e-06
3.937520696497120778e-06
2.349489704287600761e-06
-4.961514293418825524e-06
2.250098732332235033e-06
-9.520070323982920902e-07
-1.991953842646551055e-06
0.000000000000000000e+00
-1.150033641427175611e-06
1.483381603718564655e-06
0.000000000000000000e+00
-3.151732806864689806e-06
2.017025803926999235e-06
0.000000000000000000e+00
-8.764272135442695124e-07
