8.974749993314007357e-01
9.143815194692388459e-01
1.452081908239543528e+00
2.183021977760234211e+00
1.477680417765555143e+00
1.477661396583854314e+00
1.170072671101684891e+00
8.926761624082519830e-01
8.928829745094175596e-01
1.413608104584086478e+00
1.896832377141679515e+00
1.480263146127121843e+00
1.453076831372348554e+00
1.281402510033353259e+00
1.023296150261165049e+00
9.824858661357992462e-01
7.717149885547704979e-01
1.324961826334487558e+00
6.940382646778409104e-01
1.503669815365768603e+00
7.682789191071492940e-01
1.400361745878073716e+00
1.013600794523333626e+00
1.013664707983579660e+00
8.192460480381374976e-01
1.545819335291432672e+00
7.660416706316156565e-01
1.483084023083189873e+00
8.120907046339911339e-01
1.588146650882616751e+00
1.208554006408322223e+00
1.256910588882696356e+00
1.112520079045564270e+00
2.499859053607561776e+00
1.222265657400262384e+00
2.233926447234912072e+00
1.194479933007991601e+00
2.662980803034555422e+00
2.120789682753542703e-09
1.151669708816232078e-10
-1.054370829647365656e-07
-4.589772376573962652e-05
4.435026475045078520e-01
1.762568642860109656e-04
1.813777251069644708e-04
1.730270631670081049e-04
1.903539710898333138e-04
1.692646617059815912e-04
1.920052993634441111e-04
1.886907252697859441e-04
1.802724584665314333e-04
1.890059823807001271e-04
1.834846644686036546e-04
1.870343392728211394e-04
1.874315728626605490e-04
1.830210396831912032e-04
1.856081334553261923e-04
1.802304220770950907e-04
1.792953426896094337e-04
1.909942353727735122e-04
1.678327435184289286e-04
1.970797882299661760e-04
2.440761961545960101e-04
2.083900460584085811e-04
2.071392545236893528e-04
1.867705982796077696e-04
1.880629297553894211e-04
1.799406443349437325e-04
1.781415234632393490e-04
1.821800076705041454e-04
1.814176372943423674e-04
1.918189098878425190e-04
-1.853701281508368446e-06
-1.742246902109295744e-06
-2.988110152643524185e-06
9.278062877309464189e-07
-5.222998010538788332e-06
5.725898952344905997e-09
-1.732512753657399980e-06
-4.753546998830276427e-07
-3.397269372095876008e-06
-3.270231931158662762e-06
6.758454072916100027e-06
-9.116743054493979453e-07
-4.023462724682525158e-06
-2.296768613459812492e-05
1.548532911401277764e-06
8.247904751589803680e-06
8.155431294621165365e-07
-2.369297059376810593e-06
2.376685769497852072e-06
-2.832812833677026737e-06
-1.479060844787237929e-07
2.470483821928785147e-06
1.055427802699381827e-05
-2.243660886327799209e-06
4.801264127424671068e-06
-1.197968330537617850e-06
6.353416490730711094e-06
-2.298041211435604430e-06
1.807434352593797350e-06
9.678668557614781964e-07
2.551928168338954402e-06
1.574369762464723057e-06
2.456110205678576031e-06
5.756054497807639394e-06
-2.175384795347577394e-06
7.447656595385540238e-07
-2.814981349188133371e-06
-2.217332342850778251e-06
-7.091929884677986671e-08
9.933263640449167668e-06
1.132352782745149177e-05
-7.286581490191732917e-06
-9.233390833741708921e-07
6.722068193782433671e-06
2.283537056610218615e-06
-3.809681326459478472e-06
7.159179207118193769e-06
-1.115313409859513955e-06
5.376879836162906720e-06
4.179492746915798590e-06
-9.322372425735141926e-07
3.293224206182446670e-06
1.024709578050983596e-05
9.603419405408055808e-07
2.846730551333165760e-06
6.948712993589578210e-07
-1.311451056723239691e-07
-1.495156846586292962e-06
-1.995949530075542334e-06
-1.625015200630497214e-06
1.656368346747837220e-06
1.535366985560236417e-06
3.809385747127099383e-06
1.013947608842356745e-06
6.863392153498779611e-06
-4.396335041657201961e-06
-4.992147674458026671e-07
-1.888292335893712962e-07
1.586917054833233330e-06
2.924368351062045561e-06
-2.471030103957409991e-06
1.022360556907606866e-05
-2.669249374109598819e-06
2.994395486942405055e-06
4.835241297184487248e-06
4.091945656694949209e-06
9.848935443460058090e-06
0.000000000000000000e+00
-3.465704350723860402e-06
5.808293611258537910e-06
0.000000000000000000e+00
-4.377816706911097514e-06
4.861409174843077497e-06
0.000000000000000000e+00
-1.758959906146208738e-06
