1.170429782910332728e+00
8.789810048957000799e-01
8.291814946619219251e-01
4.302440293146722050e-01
7.408552956662112221e-01
9.251871292375425382e-01
2.293326988112365794e-01
1.042426226384709276e+00
9.185669142742387550e-01
1.016294334221663931e+00
4.302440293146722050e-01
8.011960272752961520e-01
9.428850492482773182e-01
3.610644802612569815e-01
7.395392681780600386e-01
1.352193241156233627e+00
1.044803856398298425e+00
9.571174473333697863e-01
1.367613317406616513e+00
7.312008352596948146e-01
1.166037568613888631e+00
8.576053009927772086e-01
9.132060925305062193e-01
1.177907979641530156e+00
1.044802005626568109e+00
9.615411557461485126e-01
1.259553097572221780e+00
9.180767046916447072e-01
1.045591154364933661e+00
9.963567884729370716e-01
1.322949975619094998e+00
1.352210751813892831e+00
1.044805488404006777e+00
1.202780310912964445e+00
1.367614226242395148e+00
1.356291317965145016e+00
1.166045783999242413e+00
1.018583782260365167e+00
1.875509866497350338e-09
1.072639671566603393e-10
5.303441934430760917e-07
-3.893145733413724591e-05
4.454765237307545256e-01
1.929740246941847660e-04
2.034310353781158126e-04
1.800695789760112990e-04
2.015806792083108282e-04
1.569608084135358354e-04
1.523883159248113955e-04
1.901409269156570142e-04
2.022580799369604531e-04
1.840168236681446296e-04
1.841830114139799313e-04
1.861556455734946955e-04
1.845536998695172185e-04
1.824480861134050746e-04
1.877309951866090309e-04
1.808870776723963108e-04
1.856976033174065528e-04
1.819486632375823948e-04
1.852006474042200250e-04
2.057977684399749227e-04
1.981054190710122820e-04
1.839793141390952381e-04
1.772817041429131926e-04
1.791703791853434778e-04
1.936068164987367075e-04
1.904535185490928125e-04
1.913759462366852011e-04
1.809863722793399285e-04
1.919847729878380416e-04
1.849973574054210453e-04
-9.171721121715288472e-06
6.173897357621937253e-06
-9.540545506919849908e-06
4.796358110742524562e-06
8.775161078695615553e-06
1.510325880539606186e-06
-2.451443704360221807e-07
7.131663064266262796e-06
3.480054033973219206e-06
2.389535792669724364e-06
8.116200549028686130e-06
8.284048157720403109e-06
1.468948525061188156e-06
-2.246414187140221756e-06
-1.156338026583639505e-05
2.953699145572412115e-06
-1.399979468995941441e-07
-2.396683710535529649e-06
2.429296542578834501e-06
-6.716577345194703730e-06
8.766356372732105259e-08
-2.864447410724288852e-06
1.553628769043954725e-05
-9.264642889815177977e-06
-2.922155575667532317e-06
2.134584440470010277e-06
2.887983613850279499e-06
3.376838892326621045e-06
4.311129236958147119e-07
-5.355980486155492158e-06
-5.863163366617606795e-06
5.196719808025349586e-06
1.316921870624530068e-06
4.920754783531704974e-06
2.000159472115158658e-06
-1.827175245425312756e-06
3.265055361477865968e-06
-3.119569913750440463e-06
5.867619276630988925e-07
-1.048964142949826306e-06
-5.798565079431373457e-06
-7.748702440363980631e-06
-1.846511956237991678e-06
3.055395460650414205e-06
-4.787867708376909652e-07
-6.306988303353302051e-06
-5.140530005611285525e-06
2.664370562713031490e-06
-5.428068288980914038e-06
-2.702003418067104107e-06
-1.571759290417475281e-06
-6.554600790893441462e-06
6.844166418087127070e-06
5.922427604717749261e-07
2.609681558363021691e-07
4.663953444875852227e-06
1.720524335493438361e-06
-6.121086806750943341e-06
2.906205487672179422e-06
4.266379266764517428e-07
-4.588877389666681262e-06
-1.958056890744724966e-06
8.991030095766804935e-06
4.469487299462828045e-06
7.064661908426325008e-06
1.753465114200911664e-06
-6.302429076077525133e-07
4.522043149118497157e-06
-4.656513638895000145e-07
-2.338971240357605277e-06
-9.491123834127135960e-07
-4.066061293945441348e-07
5.306079046337909518e-07
-2.818339419741561602e-07
-5.806444763787275480e-06
6.395002439457481466e-06
6.420784059858728235e-06
0.000000000000000000e+00
-3.969780128574642825e-06
9.000778213536829924e-06
0.000000000000000000e+00
3.582954960080752870e-07
6.799235472571833618e-06
0.000000000000000000e+00
2.456896035549276568e-06
