9.588530535511350372e-01
1.000683898550138506e+00
9.407436263688697675e-01
2.647151950990107139e+00
9.462091680390081194e-01
9.489602111498542936e-01
3.818441592851463673e-01
9.605623210880569474e-01
1.004639529899757910e+00
9.651505904887037746e-01
8.055254660327639371e+00
9.703955496625291666e-01
9.869426645154815159e-01
4.069528951825664986e-01
1.007917414969285552e+00
9.924459065651631828e-01
1.019708105747606730e+00
9.824135616261593373e-01
1.013355959411276874e+00
9.868493473305055552e-01
1.035119787490937693e+00
9.660845869836045541e-01
1.050461909041461084e+00
9.623681517356321713e-01
1.174397148966945359e+00
9.467319667956090035e-01
1.070885887399982916e+00
1.018457360715104620e+00
1.193767842426709969e+00
9.517192310376318964e-01
1.200109288580937239e+00
1.153909114927106128e+00
1.409155654978688332e+00
1.303584568536741983e+00
1.431432413767354639e+00
1.296637854304807380e+00
1.482480137926491803e+00
1.344259848387446388e+00
1.776788801244369623e-09
1.047664307429664380e-10
-2.643973974455000417e-08
4.215188580699853575e-05
4.531399121969841293e-01
1.725974303237745805e-04
1.742304265593790362e-04
1.725027601235806112e-04
1.697454117771152898e-04
1.589467781079815633e-04
1.846737864389515031e-04
1.859306657852788001e-04
1.759145937077713647e-04
1.709136847878246930e-04
1.789834665332281911e-04
1.755496854214996642e-04
1.821984597449355413e-04
1.729321780542096045e-04
1.688711471510502863e-04
1.772617909387690246e-04
1.691984616585887600e-04
1.785282301485592907e-04
1.660768854539381443e-04
1.841375905875358146e-04
2.795026584474488490e-04
2.066824783112149871e-04
1.816902479768092021e-04
1.705918164937550332e-04
1.707591988852804601e-04
1.668117868657746855e-04
1.756560028106909704e-04
1.724660468374403916e-04
1.727998706880367078e-04
1.788507514138299045e-04
-3.830230896069982320e-06
1.595614100374482083e-06
2.223857000925686183e-07
4.870251500466592777e-06
2.248801441483111177e-06
-2.773019730397879498e-06
1.180610962720847409e-06
7.090692818286667851e-06
-7.051977755007662554e-06
7.675730768766981833e-08
-3.725801122452179663e-06
1.097700147162925404e-06
9.428973325344845288e-06
2.048406076387276683e-05
-1.939832577231542760e-06
-2.357921725680716166e-06
1.460052131324513804e-05
-2.201393869648541682e-06
-4.585976530190731491e-06
-6.160043993597199859e-06
-3.892783944313799040e-06
2.312699370173020397e-06
4.156987418414450746e-06
1.150050560506719062e-06
7.326982983297687297e-06
5.022386956178939189e-06
-2.062856872934323100e-06
-2.422176669710233144e-06
2.528721609152211782e-06
2.594175182146624420e-06
1.523580394377783618e-06
-1.491811504170688010e-06
-2.184673635260301051e-06
-2.820147552158000045e-06
8.261641838090350104e-08
1.494097750887960953e-07
-2.137928552103239892e-06
7.170241081502045559e-06
-3.786758070167219175e-06
1.445600921400821529e-06
-1.282115108568035684e-06
-9.091590113708723840e-06
3.310901667015061245e-06
-9.061022833340788747e-06
-1.007448002575797688e-06
4.933611714644656032e-06
5.324620445791468608e-07
4.285148650719965233e-06
1.591583616022803612e-06
1.633451171857158080e-06
7.111248662045166667e-06
-3.014282601639824099e-06
5.969092365001134487e-06
4.325706900253043448e-06
-4.129654329558048663e-07
-1.208411344901559433e-06
3.980057368357476022e-07
-5.561423931634882863e-06
-1.336803474191197314e-06
-3.239835335676532095e-08
6.314499409895744261e-06
7.529698711061602346e-07
-6.329478482458517783e-07
-2.331359263210778179e-08
3.479439768328822041e-07
-3.190637373962649492e-06
-7.207141766049693824e-06
-1.933461318378929791e-06
-5.161798252168891041e-06
-3.158387822192381711e-06
-2.806888687731916417e-06
-1.991480904102692249e-06
-6.874511922536481066e-07
2.373520660089105536e-06
3.829260035622367086e-07
-3.810303168312920888e-06
4.741555140335635913e-06
0.000000000000000000e+00
-2.042913644563926906e-06
3.162289283826336090e-06
0.000000000000000000e+00
-2.421455531662197832e-07
5.334041329420963074e-06
0.000000000000000000e+00
-2.060821004617143324e-06
