9.529926632102366790e-01
8.610702598830958232e-01
9.085703662390778312e-01
1.120194295711626431e+00
8.866726463320619978e-01
8.890521597369491769e-01
2.925450372045552694e-01
1.103554385460269849e+00
8.504685916155649839e-01
1.083493227700386807e+00
1.870685709709299704e+00
1.082217065848331439e+00
1.065421298477571277e+00
2.821441662837106956e-01
8.345825430181832427e-01
1.199538251123558830e+00
8.983451960350682386e-01
1.114043805528997622e+00
1.029593146189115016e+00
9.712830081782706237e-01
9.198710685665599796e-01
1.090608369369220121e+00
7.829963269746471610e-01
1.342702496182351046e+00
8.459631396156827021e-01
1.267843558857744579e+00
1.043863015350968038e+00
9.652830514151680141e-01
8.713216791826573493e-01
1.231330402826068093e+00
1.062101367406584007e+00
1.931112387322255319e+00
1.130896244379584470e+00
2.023349597259617827e+00
1.191708836641767411e+00
1.134005996623436818e+00
1.106372635938577043e+00
2.005289281928710921e+00
3.054120334654593922e-09
1.353206191384096306e-10
-4.069101495328811789e-07
5.015943579652422553e-05
5.103389056660772027e-01
1.613914523389091817e-04
1.686787997057065630e-04
1.650744074319552245e-04
1.811773491867264938e-04
1.604083602707584975e-04
1.821278977641582612e-04
1.862652674202626034e-04
1.897361132533440409e-04
1.889293532788778650e-04
1.816343250305042908e-04
1.909716870580574857e-04
1.858506147438452564e-04
1.919325388528339809e-04
1.891215937344604080e-04
1.866830517396555437e-04
1.989157494988159046e-04
1.807714483469213915e-04
2.079521944039094104e-04
1.328271557551610413e-04
2.604318272347757842e-04
3.081384825018126028e-04
3.692921585690353038e-04
2.308459852109860926e-04
1.817622080446203484e-04
1.877174508375356035e-04
1.876317136172090056e-04
1.773408950796508121e-04
1.601961491343936186e-04
1.604590061315267131e-04
7.041721051613720562e-07
6.581113291815690624e-06
-3.381044592650619858e-06
2.179409815880448578e-07
-2.815086381863014757e-07
2.642763377201553875e-07
1.108680328179604308e-06
8.516068387542464750e-06
-5.923145213879507862e-06
-2.493243481364675403e-06
1.586198111987068860e-06
-3.042090742158523635e-06
-4.718868425348019963e-08
-5.012463022730622440e-06
-5.358075824691136329e-05
-1.578232324533358530e-05
3.616273567035167391e-05
-2.134982058291867376e-05
1.044023738277033992e-05
-3.258581589034949049e-06
-2.840791166842380946e-06
7.265625019441680210e-07
3.235253268475508691e-06
-5.823927936465962945e-06
-6.710668173738827063e-07
2.358770604337440839e-06
1.209286261985834900e-07
3.324641203030396591e-06
-2.521240859620714832e-06
-3.062055431401435682e-06
-9.776441119300106191e-07
2.128599794498331647e-06
7.536959229792072601e-07
-9.962107047934947055e-07
-4.844155631315302318e-07
1.996142268645069483e-07
-1.552405715044811044e-06
-1.348308368622731784e-06
-1.078709751776905871e-07
1.519801920195023639e-06
2.741407842076226178e-06
-2.250930189182915968e-06
-2.991015736456999840e-06
2.946070002786642242e-05
-1.649726038773406076e-05
1.417639506143211311e-05
-2.174652115959668078e-05
4.122355048639062753e-06
5.671338034650173096e-06
2.403949937742663095e-07
9.055342825118390389e-07
-7.402139291953902191e-07
2.777614386058779617e-06
-4.517570063644686189e-06
-8.316905726976452553e-07
2.440919309598164348e-06
-3.278085693607542098e-07
3.185034736077990778e-07
-2.623791825703482112e-06
-3.464249064750638805e-06
-5.550515366842395117e-07
1.601024582398777524e-07
-4.169265236399169081e-06
-2.476555825354888791e-07
1.201690943400541276e-06
2.348665552435904792e-06
-5.927573977388307378e-07
-4.726222852728943056e-06
5.073527553437313052e-06
-2.072162335313478100e-06
-6.175002483503227322e-07
-1.778665866308423824e-06
6.015344489518677821e-06
-5.794378003535126079e-07
-7.521824308887197775e-06
3.308933419542938364e-06
1.818443779701954328e-06
0.000000000000000000e+00
-2.546505877161705713e-07
1.804762505751885210e-06
0.000000000000000000e+00
-4.877712148526033219e-06
5.487562819939753939e-06
0.000000000000000000e+00
-1.206603843340375196e-06
