9.878994877146307640e-01
1.019820409666027494e+00
1.081636766780890824e+00
1.253277163877797085e+00
1.078812244875292592e+00
1.092422916489835139e+00
6.099623727916572147e-01
9.814264940402157578e-01
1.032906398330201148e+00
1.159152420784397064e+00
1.345473735986709496e+00
1.177123877939152186e+00
1.227187140935015242e+00
3.176876180398472416e-01
1.065464962146347894e+00
9.385581738603585578e-01
9.060386642651772071e-01
1.103855444154676402e+00
8.868858831279762267e-01
1.127727561935781164e+00
8.936449132090358294e-01
1.119459786634610765e+00
1.069929456254263389e+00
9.558266502395437181e-01
9.619583615050242287e-01
1.202507405647858629e+00
8.675499866214251288e-01
1.261806945433836979e+00
9.416751478300655620e-01
1.254270347559773846e+00
1.253840986702365878e+00
1.147908218291397997e+00
1.261177086272821768e+00
2.014490418488312784e+00
9.928813436739365450e-01
2.228333263417075383e+00
1.233732660330236985e+00
2.191968652341796719e+00
2.399676613683561541e-09
1.210422796843708849e-10
3.144408001091894213e-08
-4.869953310032366694e-05
4.032258064516128782e-01
1.790702879744674109e-04
1.807791702916827174e-04
1.875594484002178464e-04
1.815012508194154581e-04
1.841918771978969470e-04
1.819806107035617658e-04
1.900305903286942343e-04
1.897922829676456139e-04
1.775158745532644396e-04
1.846985806492944466e-04
1.873260988159938009e-04
1.787565928883346942e-04
1.794936166102075793e-04
1.832346469070838917e-04
1.765875229190711306e-04
1.901757394609765559e-04
1.566065605785957478e-04
3.108548285463197717e-04
3.232229647660928235e-04
2.195867531131254322e-04
2.022181599412147532e-04
1.792251120069392927e-04
1.758800291272846804e-04
1.826456915490242056e-04
1.835652555909515695e-04
1.834906917584678567e-04
1.832895260388209008e-04
1.844196856319425891e-04
1.813212832977353895e-04
8.848550807614878405e-06
-7.696329987727908717e-06
1.915836795903880825e-06
1.916361778735288582e-06
2.969727638654462772e-06
-1.261747896859762393e-06
-6.200190516590915019e-06
-2.049319070985824746e-06
1.002086886808798702e-06
8.886841703723999676e-07
7.165814288954606362e-06
3.639669571681513976e-05
-1.515795233100470734e-06
-1.417715846773379966e-05
2.358921948836300507e-05
-7.237236411341710856e-06
5.929542238293292624e-07
9.055118622085623094e-06
1.773487058489130931e-06
-1.620348090592080034e-07
-1.673224511966811667e-06
4.030921543742159818e-06
-6.278661286966664580e-06
-1.087122846207543623e-06
8.280090607038961877e-06
-2.706333120514496815e-06
-2.096095394544346733e-06
4.459726957374757980e-06
6.236072230495896450e-07
2.693068225127143385e-06
1.537284207247368004e-06
3.771697362443061115e-06
1.270052598252644644e-06
-2.201506379242071817e-07
-3.077137072039698268e-06
1.453719936197916504e-06
-1.384002919908590120e-05
2.558741482910161549e-06
2.895540967395231622e-06
2.618517395846937845e-05
-1.801256004962343695e-05
1.327983083646044112e-05
-2.659689326618460000e-06
4.868547006939845419e-06
7.149881681144660178e-07
-2.364312035327065358e-06
5.419827053498231513e-06
-3.527009875101739455e-06
1.612205294169064107e-06
1.738595973536895719e-06
2.905016309454769773e-06
-3.720540524799029086e-08
3.916973657303748965e-06
-1.605114125198497922e-06
3.373649517939502825e-06
-6.911014988506505941e-07
8.376143148299023354e-06
4.563768270169961105e-06
2.708738288676950404e-06
2.932916754643183575e-07
4.816522643989621248e-06
8.623180179230120292e-07
-1.672544010188472303e-06
-1.587088858408941411e-06
-2.294376392729064468e-06
-1.519516116411627132e-06
4.479085945330658974e-06
4.216767628822723847e-06
9.616799211485318304e-07
8.251267751592522101e-06
-1.171419760829599335e-06
4.164077306927856960e-06
-5.037971660550714763e-07
3.547599170507073610e-07
4.140929757302421125e-06
-5.058944832180711052e-06
-4.962748918582886290e-08
0.000000000000000000e+00
2.925581038877679052e-06
-2.859635953086076321e-07
0.000000000000000000e+00
7.825615559688820205e-06
5.409402144197125300e-06
0.000000000000000000e+00
-3.020523780377446138e-07
