9.618594543102432226e-01
1.004095094282767331e+00
9.388567461235824974e-01
1.262079229839848216e+00
9.615813206638361699e-01
9.198485601009880330e-01
8.447782592480868047e-01
1.427628705229498252e+01
1.724537093540761271e+04
9.691621428565599938e-01
2.289701366855139495e+05
1.004292971126261369e+00
9.490867151263252532e-01
-3.157876489280009991e+03
1.023037974971018116e+00
9.775130412278887349e-01
1.047858060579552220e+00
9.543372987687634978e-01
1.001889330676656087e+00
9.981154409552271956e-01
1.063504405425641952e+00
9.403278965715553550e-01
1.822044862100840987e+02
9.202226873138810159e-01
2.044078453873279432e+04
8.998774678323933074e-01
1.994354445317720348e+01
9.337467217929374952e-01
2.048071430723898811e+04
8.732007576767911727e-01
1.172270301994266902e+03
1.405066597849610410e+00
1.430796806563599384e+05
1.579156292362800640e+00
1.225498112313137256e+02
1.426026100236702510e+00
1.383491052523212857e+05
1.506917639067149484e+00
2.488040416746650501e-09
1.085526920497671203e-10
-2.194763853155003636e-07
4.518600367225714359e-05
4.529286215684640293e-01
1.744427949376852252e-04
1.730522890671759399e-04
1.673179601504995234e-04
1.696309230540587662e-04
1.694445573962221003e-04
1.791542359837526935e-04
1.756944753461030305e-04
1.748983417392633167e-04
1.699043933168083403e-04
1.754343452259461114e-04
1.768392992016671098e-04
1.724869150014986024e-04
1.666787213339605725e-04
1.693209070127688043e-04
1.740018265678574703e-04
1.733618659458859295e-04
1.760285538341406877e-04
1.525115691608453839e-04
2.411277534296646288e-04
3.751795598998427508e-04
2.191494506586587994e-04
1.756055429120855513e-04
1.685185787293509425e-04
1.699260800779293533e-04
1.669476654762300834e-04
1.731431443798824585e-04
1.732103625802369697e-04
1.731007623561891693e-04
1.702731018103401345e-04
4.493486354664033696e-06
3.109804171857824415e-06
2.250150015409022169e-06
3.422795983435768816e-06
-3.057974589290120672e-07
3.649721467211248344e-06
4.051820939637092171e-06
-2.116734588492295651e-06
9.536813354641512110e-07
-4.162223031530183274e-06
3.636396046013666964e-07
1.013866120669853632e-06
-4.168460282312969895e-06
-2.983900229751193937e-06
7.450148312952450220e-05
-5.486998600194947328e-05
2.097039539160988565e-05
-9.420270166166593408e-06
1.539215049767683829e-06
-6.007683940475923109e-06
-1.919258701658014999e-06
-3.872278579603714769e-06
-1.766194270140870360e-06
-3.022587945764757116e-06
-3.387445758447850175e-06
8.774161956691283337e-07
1.014833903167428409e-06
5.189175147361833590e-07
-1.605655326693708633e-06
2.815350316880413618e-07
-6.739924994640255345e-07
-2.473408070927018855e-06
7.496026172256829244e-06
-3.460498825525931251e-06
-7.718309864235165001e-07
6.099937797199283588e-06
1.950579515791448873e-06
-1.924511260915962937e-06
4.018527324018262619e-07
-1.136942727787512532e-06
1.757424927639933860e-05
-1.564191055605906178e-05
5.487509850525085724e-05
-3.779291909262518792e-05
2.041269970876816701e-05
4.311631697985524989e-07
-1.051141018124559576e-05
1.193408017259046442e-06
-1.882002998815139418e-06
-2.910527663388583984e-06
-3.153993759130061610e-06
4.945978132956841910e-06
3.845975177593958303e-06
-3.534890911871297887e-06
2.775444525892962653e-06
1.586641731197816979e-07
2.085691321389345005e-06
3.153628868157807188e-06
-3.712018855183899844e-06
1.083377294398925818e-07
-1.941164722964996555e-06
-1.903133620194945293e-06
-4.118142153893345351e-07
3.863642123443031442e-06
3.591254149783918235e-06
-3.719284971222466767e-07
1.694530346043726810e-06
-1.575909772026351726e-06
7.044536478688954825e-07
5.043495248067676018e-07
3.470346508502967510e-06
-6.762731894179855094e-06
-5.490742097347095819e-06
-1.226083133181584502e-06
-2.833892803749481781e-06
3.433330056330611773e-06
1.985961243315225415e-07
0.000000000000000000e+00
-5.886446642168100975e-06
9.802766301765679270e-07
0.000000000000000000e+00
3.678145252231064049e-06
2.621247850122187182e-06
0.000000000000000000e+00
-7.584419399423626938e-07
