1.094293254165210172e+00
1.039451313411134059e+00
1.002283987490776074e+00
1.444916785059402020e+00
9.615583085066856661e-01
1.001384611394046997e+00
4.359634252119418685e-01
1.374767504275979491e+00
1.935647415369187365e+04
1.161996549813899327e+00
1.971199399104632437e+06
1.405689750137260940e+00
1.247755993337661184e+00
-2.873646835870485666e+04
1.023901082032164123e+00
9.827785108104019063e-01
1.081439536759317477e+00
9.260918280706023076e-01
1.116026109337346917e+00
8.960402026861323810e-01
1.214636015743344011e+00
8.236767651502860943e-01
6.261502263130728352e+03
8.349965561613614806e-01
1.882720289740465523e+04
8.262222888403016885e-01
1.926419369192135633e+00
9.847872636528847146e-01
1.905358137821649871e+04
8.502660466765735725e-01
3.899377976560877869e+04
1.271986956641753874e+00
8.791230448967457050e+04
1.359125863300825632e+00
3.624607285462261075e+00
1.915125209479902724e+00
8.431972134155919775e+04
1.488903851251160315e+00
1.482837704416509517e-09
9.788690749385390501e-11
1.240573491162612864e-07
-1.785173344377183758e-05
4.749185154521069485e-01
1.744761434962565044e-04
1.643102107607879222e-04
1.689137801916673208e-04
1.849149452413288654e-04
1.691102483471055066e-04
1.775052471188899692e-04
1.765196811310070467e-04
1.764615433256162586e-04
1.806195570828871715e-04
1.743046564659708742e-04
1.684240628908674530e-04
1.720339087912410841e-04
1.742541378537889197e-04
1.760033951823406699e-04
1.787336536487917613e-04
1.724192393706016182e-04
1.696578218303917496e-04
1.748916608476756981e-04
1.705393460111362348e-04
1.816173198923898323e-04
1.734675090561385623e-04
1.738182944752622171e-04
1.774365637206025328e-04
1.678572898449835337e-04
1.695017473781306448e-04
1.644792204612590932e-04
1.703829728221805144e-04
1.696749818679524238e-04
1.721914262422470968e-04
-1.515295273160006881e-06
1.727731198392028743e-06
-2.881977589642604952e-06
3.112570378955980839e-06
1.718635890506065667e-06
-4.387344459188744278e-06
-4.656058098245561230e-06
3.003560591605272178e-07
-6.719176824715903113e-07
2.618377190214814592e-06
1.391739844432592071e-06
2.273277406863186605e-06
-3.899759363877596007e-06
2.061627975931699216e-06
4.210568437302015564e-07
2.011176308856508216e-06
-1.192827900888185434e-06
-5.695900413885726768e-06
3.480805489329765696e-06
4.213308272784604401e-06
-7.887514227787466751e-07
5.210586121555873503e-06
1.302691715969039733e-06
-1.713192652750979400e-06
2.328928140656308934e-06
-1.588211263658526169e-06
-2.131067488930480969e-06
-2.105906264093208659e-06
-3.218669404403083674e-06
-4.277742200046710811e-06
-3.322904303323988013e-07
-3.967666864340836117e-06
-1.257541531432024090e-06
-2.546464904346732674e-07
-5.991648990860487632e-07
1.676811456598379893e-06
-4.133489246514473050e-06
-7.124217282474374791e-07
3.657703529963873869e-07
2.023612922177753740e-06
2.566954833624688601e-06
6.495003105109716395e-06
-3.683962807101896455e-06
6.955296102139444254e-07
1.489653767288412185e-06
4.451639139229820014e-06
7.352336180070251276e-07
1.857115814518796621e-06
5.169607127204090617e-06
-2.869609736829259840e-06
1.194770134298007215e-06
-3.297123785584492483e-07
6.325211976957191540e-06
-1.169736562106570364e-06
1.213608503067741191e-06
-5.824085522201090343e-06
-5.324229647288791927e-06
-2.081078166902203659e-06
4.553528460242000712e-06
-1.326392814678540834e-06
3.335344932456344087e-06
8.225149806918254727e-09
-2.717597551435498753e-06
-2.218391406530827256e-06
1.574588776720017895e-06
-8.081639144651014656e-07
-1.870996376961815488e-07
5.241297235826306829e-07
-1.666832213465321505e-06
7.662817194550605550e-07
-1.022577514689452338e-06
2.815714052269028821e-06
1.845343270843601811e-06
-1.856090899702999678e-07
1.667859894146183427e-06
-7.231960729931825093e-07
-4.173633385430788915e-07
0.000000000000000000e+00
-3.383908752322214401e-07
5.617022606343365787e-06
0.000000000000000000e+00
-2.123842646222491634e-06
5.807314597107877884e-06
0.000000000000000000e+00
-1.503204038055230251e-06
