8.397039019080367872e-01
8.136712931464622489e-01
1.408355017228776873e+00
6.257230859922409127e-01
1.399567106272258776e+00
1.566158482400957563e+00
5.116259737137268671e-01
8.499407869913253588e-01
7.987526619407421258e-01
1.415238392786838384e+00
1.542587680823434670e+00
1.460662222139069044e+00
1.506125806258028721e+00
1.751531538806319344e-01
9.493486519819476221e-01
1.053851419947418044e+00
5.399906416534576703e-01
1.856938588081355590e+00
5.941092313023879079e-01
1.683209981766657259e+00
5.181293574470898777e-01
1.937094353721815043e+00
9.489515883466383972e-01
1.089653269490357790e+00
7.322001896128074172e-01
1.765871437374943564e+00
8.147048216451884262e-01
1.651295239976929619e+00
7.186483522703600579e-01
1.857360573945504800e+00
1.265410705681198511e+00
1.487403445361654031e+00
1.510380375911925643e+00
2.558238593932480320e+00
1.563930434163717909e+00
2.240479185734829404e+00
1.638111975387415820e+00
2.929580228087871330e+00
2.046106864801452327e-09
9.985156352146106921e-11
-7.285202022382251639e-07
-4.162566857979801927e-05
3.815834243891371713e-01
1.271467525284714680e-04
1.236509832304186836e-04
1.230068385534799575e-04
1.356184761092777368e-04
1.133020284831633042e-04
1.563805965092259019e-04
1.820324060362227866e-04
1.825505344718533502e-04
1.727492622332943602e-04
1.801197918135945242e-04
1.840855591172091930e-04
1.698144998233728055e-04
1.718779709612899072e-04
1.672313057712786839e-04
1.754198506802649542e-04
1.742778614379362275e-04
1.877878192945390818e-04
3.173717894884424970e-04
2.937738036856453721e-04
1.975609964480308305e-04
1.817871120536857876e-04
1.797585274436502476e-04
1.727086577620787862e-04
1.987472310006845500e-04
1.904521023353050236e-04
1.759735116474925526e-04
1.760738442078894190e-04
1.807392665359168103e-04
1.552645391216269082e-04
-3.806407822710256916e-06
-4.387409009277048048e-06
-4.542602668773088952e-06
5.324344620459993597e-06
3.580716641855702319e-07
2.506208354137020978e-06
1.442148911777549776e-06
2.700467164295266073e-06
8.241851015887997469e-07
-5.991665644122705903e-07
-6.971437132707714120e-06
-1.100577852811855642e-05
-2.917164500556661340e-06
3.579476235120410467e-06
1.795847342865675107e-06
-2.153331539139547775e-06
2.093175806380710644e-06
-9.009948779578480239e-07
2.366066040312247836e-06
3.330546542607775552e-06
2.630194761433575607e-07
6.301755814282631574e-06
1.928834204900655266e-05
-5.842240214163540169e-06
3.271582535313376787e-06
3.393864012646038725e-07
3.384260352464180094e-06
-9.880614167876705980e-08
-5.566415350485581719e-06
8.775133686020835812e-07
5.216280333803734374e-07
-1.748179870419743663e-06
-4.383287131387464249e-06
6.812397050745651873e-06
-8.882443523943092713e-07
1.309366552946299191e-06
5.292133298916750952e-07
2.788146733322224342e-05
-3.343036093400368299e-05
1.727849557359165735e-05
-3.763930900710985842e-06
-2.020127998312617323e-07
-2.753756828525400447e-06
-1.348330301504252250e-06
-1.348328640971116068e-06
1.074823960905404691e-06
-3.113556782637880252e-08
1.021450479542451674e-06
-3.255453801043820424e-06
1.426419483304318676e-06
-9.293865447035814023e-07
4.659930039990274974e-07
8.900750221770489259e-06
-1.631335127616289314e-06
5.184072166753054735e-06
2.341515414754202960e-06
-6.207315793530426284e-07
-2.712128485939677742e-06
2.110868980756395453e-06
-2.770763153422001415e-06
-1.818046507299419833e-06
1.205018231556896067e-06
-4.568394894332793811e-06
6.957852567016762258e-06
-5.888705725823374851e-06
-1.996267562784364068e-06
-3.459853326337365596e-06
6.161221775030916157e-07
3.262068017858017264e-06
-2.318246269279621790e-06
-6.563084445701522965e-06
-3.445528879363729632e-06
4.289237687069884843e-06
6.062697590824046734e-08
-7.285667241628212191e-07
3.814039929300338116e-06
7.265222387809482619e-06
0.000000000000000000e+00
2.646725478416942113e-06
1.011799175863532416e-05
0.000000000000000000e+00
2.339422229256358392e-06
5.060819181947126742e-06
0.000000000000000000e+00
2.863032561127864501e-06
