9.589969534804050344e-01
1.039106302458118414e+00
9.930069930069930217e-01
1.087615173841440575e+00
9.867551680204933451e-01
9.838425916953323913e-01
6.869170421435067952e-01
1.011548574369679931e+00
1.066778959668577720e+00
1.045681045129262188e+00
1.686754911395099921e+00
1.034320587201509323e+00
1.068201309580171898e+00
6.419349404582852525e-01
1.084555445946057350e+00
9.223099867136506091e-01
1.077385851986073728e+00
9.281735472644268015e-01
9.898717407848243166e-01
1.011095375797063989e+00
1.061766063030399998e+00
9.420210878307060387e-01
1.058033365204601672e+00
9.798940567350449271e-01
1.063850936698574667e+00
9.704609911414729950e-01
1.035935495066822032e+00
1.064303741246227730e+00
1.050066500165466543e+00
1.002282253552664759e+00
1.374940856074154283e+00
1.135366944797090438e+00
1.356583565427155635e+00
1.274338928852702502e+00
1.501347566356645569e+00
1.613144331073668170e+00
1.336603015163785546e+00
1.316737316965055804e+00
1.838893417258407033e-09
1.005039323417468753e-10
-7.345892543816884871e-08
3.977711520723313954e-05
4.425003596383977333e-01
1.747097752317319417e-04
1.802024275511313468e-04
1.717538561058999235e-04
1.785895888996148848e-04
1.686029752087382628e-04
1.827757170185228815e-04
1.780541769878210459e-04
1.821188127212589373e-04
1.723717070801009522e-04
1.675189504883788311e-04
1.809739800584628418e-04
1.837031233149555363e-04
1.727794515937243773e-04
1.703977917632894007e-04
1.742285057930527989e-04
1.775560302931233079e-04
1.839734192021718175e-04
1.465808833798856216e-04
2.093066856395988393e-04
2.058860924722725561e-04
1.795381721271116916e-04
1.815896121259038783e-04
1.727882225375375509e-04
1.705874190886549587e-04
1.728177093171844926e-04
1.681465958890293220e-04
1.702000530540407784e-04
1.741572911866332701e-04
1.766571503487282990e-04
-6.142824211992753663e-06
4.384513527442475566e-07
1.341396214342008256e-10
7.465266936298813570e-07
9.693202576463316398e-11
-1.095759009049574315e-06
-1.970969174048422773e-11
-4.408186803853388214e-07
3.364685700999913878e-06
-6.591146778828874627e-06
5.228598803456984104e-11
3.706908741141038481e-07
-7.359194578414182396e-06
-3.295303459843848841e-05
1.463808775449853725e-05
-5.474821129660887680e-06
1.679201372193559789e-06
-4.077546534967660558e-06
1.446696746180933337e-06
-8.523221445557770089e-07
5.637659100767899010e-08
3.605028346078483443e-06
3.221133756122915927e-06
7.951006212807214631e-06
-2.560073811902964049e-06
-5.476013152771249991e-07
-1.086980739993443853e-07
-3.368378764664019468e-06
-5.591334624689842656e-07
5.267287491752333610e-12
6.489775403599556525e-07
-8.451815400966631953e-11
2.561675276286774343e-11
8.143106496327704202e-07
-6.295709833414185044e-07
-5.603362169680233247e-11
-9.296341685934182850e-07
-8.737255491185851717e-07
-1.724599964227214311e-06
-1.930271328690363760e-07
1.452070182029207050e-05
4.127601076858908211e-07
-1.044566775658118925e-05
1.544522049889805395e-06
-1.802143670526185854e-06
3.293863638370431593e-06
-9.139683999223409395e-07
1.249166282433249644e-07
4.435941112313678548e-06
1.117807187371175808e-06
-8.548560358616830535e-07
-5.970847849355507758e-11
-3.038031647482435443e-07
3.649723072652423537e-11
4.015952341520071751e-07
3.067417031944870656e-07
2.652339922218992084e-08
-3.846495565706232611e-06
7.088779547333317659e-07
8.299074036066889903e-07
-4.556551867758555821e-06
-1.588560904053213974e-06
-3.097050558229189047e-11
-6.543419447710401269e-06
-1.128677142513174039e-06
8.693586609086921352e-07
-3.931739965040808359e-06
-8.445770114743749455e-07
5.244036513921321227e-07
3.408717883798506261e-06
-1.303237937510906018e-10
-8.946163441497029875e-07
7.350209185596561195e-06
-3.703356898492528602e-07
-5.595916823909583373e-07
-4.201946674180919105e-07
3.781591142293286623e-06
0.000000000000000000e+00
-1.392866476086287166e-10
-1.936497568651373076e-06
0.000000000000000000e+00
3.556162352191894630e-06
2.673215896556097611e-06
0.000000000000000000e+00
3.144558985811994479e-11
