1.164652328281242433e+00
9.824845953236356344e-01
1.165038665038665044e+00
1.107177689432681689e+00
1.415126383370890695e+00
1.338379301005645505e+00
8.140134903694411506e-01
1.415130445521293412e+00
9.908225773703218664e-01
1.197094876975212330e+00
1.254350785440446758e+00
2.601038974119216363e+00
1.290772742636784542e+00
1.338340680055807752e+00
8.567521266883756370e-01
1.181485344265000847e+00
8.362283147748449386e-01
1.207337987664401480e+00
9.715888126758540633e-01
1.040513518191038767e+00
7.467241989545837511e-01
1.351207777189224357e+00
8.958583948334396529e-01
1.406580717788989965e+00
8.962972286146012602e-01
1.220538239828627081e+00
1.181152110448359771e+00
1.163464640673364414e+00
8.398813100098394546e-01
1.289218163057311628e+00
1.173747600967331772e+00
1.691964406898635698e+00
1.479768121582031970e+00
1.714550940068523488e+00
2.133000022558822817e+00
1.702703417931259899e+00
1.570123583106165288e+00
1.842431880418796908e+00
4.861074306446926758e-09
6.958624211110018318e-11
9.093198640307443069e-08
3.134927660214102029e-05
1.001022861578935719e-01
2.579904184366571644e-09
7.942200635576019920e-07
2.602229028113969100e-09
6.034889707349966544e-06
2.615345996194333946e-09
4.752189310545341049e-05
1.338721779647188300e-05
2.630988430030642974e-09
1.356932170380947345e-04
5.388876097246965361e-06
2.619935418813578384e-09
2.614382276797320911e-09
2.596476065654955260e-09
2.578180500087648510e-09
2.596968371631130225e-09
2.603082310252116195e-09
2.608902134591933663e-09
2.595392389304197760e-09
2.575917611790218027e-09
2.584964725628122485e-09
2.620677559274114663e-09
2.609929685439647370e-09
2.615913716624722126e-09
2.583958450081058903e-09
2.582268043447010063e-09
2.607325202742890432e-09
3.352069210605178139e-09
5.103134448739499281e-09
2.517618626751332243e-09
7.277022831039618086e-12
-1.903184619892311157e-11
-3.244919660732232715e-12
8.057172699921651246e-11
2.696653102368105566e-11
-5.744006630258893346e-11
4.299200812405617402e-11
-3.780131393673478772e-11
5.453301425129141445e-11
4.728494429360899732e-12
-3.680656758103125835e-12
1.141973615913869844e-11
-1.307141896253480405e-13
2.295914602117677898e-11
-2.267290245280298335e-12
5.985464078365614779e-11
8.210631622294117987e-12
2.991093428016721039e-11
-5.269043074849941128e-12
-2.591401961340346466e-11
2.522561514608007522e-11
0.000000000000000000e+00
0.000000000000000000e+00
9.093318699948999234e-11
1.027593856680037815e-10
1.068075901202510799e-10
-7.659170965590972766e-11
2.674688249643932497e-11
7.332046476613648459e-12
2.443302804655635485e-11
-4.318933990131655666e-12
-4.184421502773977764e-12
1.012449098865663717e-11
2.694685325491016258e-11
-1.207058117490787631e-11
7.950634040097817914e-11
1.076545985818076453e-11
3.412983406053498087e-11
-7.221126061308448445e-12
-1.471193947436046268e-11
-2.303079123889463799e-11
6.452059816916975408e-11
-3.263577538278043970e-11
4.548852856000377835e-12
-5.688351980011944139e-11
-5.799388475115160342e-11
2.291649258465918723e-11
-1.466160825703690985e-11
7.771262831004136281e-12
-2.404037822422050787e-11
2.085712378725768985e-11
-2.349175238993776277e-11
5.106361782942590121e-07
1.569812694031337993e-11
1.267211333431398192e-11
-9.094049340933507442e-11
-6.973976712300585512e-12
1.014574435955652347e-11
1.227529752471636166e-11
3.131152064163111993e-11
-3.013007882408957759e-11
8.591364047148808769e-13
-4.638009595536882660e-11
-4.725868748227547940e-11
-5.652373587236656195e-11
3.835220034610475550e-11
1.145477112181108173e-11
8.355906067855557283e-12
-1.660813593121867965e-11
-7.538329983495872143e-11
2.156945298049481989e-11
-5.394021132556296910e-11
-2.594999980406034991e-11
-3.121286036994450935e-12
3.485265705374023463e-11
-1.314914021208927450e-11
9.996585383023569622e-12
0.000000000000000000e+00
-4.317448346186243520e-11
0.000000000000000000e+00
0.000000000000000000e+00
1.237537066651874996e-11
0.000000000000000000e+00
0.000000000000000000e+00
-8.510707745583869821e-12
