1.218818769054929252e+00
1.099649325497253693e+00
9.274851301301467732e-01
5.365710988599694531e+00
9.234940910593071317e-01
8.957763836256419365e-01
9.372584539754069688e-01
4.990918609285970753e+00
2.944691758523911267e+04
8.573007627821620513e-01
3.358136659285423812e+05
8.308392063945572170e-01
8.525176245418929488e-01
-2.068112592114302515e+03
1.287891815517276273e+00
1.020330214740567065e+00
1.425870851508986625e+00
8.862000560633893631e-01
1.322237467542958900e+00
7.585907716675739376e-01
1.423329298998197601e+00
9.007419245215464443e-01
3.130974719283521154e+03
9.283528965385527965e-01
3.955773026867776935e+04
8.048416388761985285e-01
6.066884783939460846e+00
7.164164244056584474e-01
3.913718975811406563e+04
7.971138271352773419e-01
6.805026833000474653e+03
1.681376392710384859e+00
1.212549798402651068e+05
1.530341281637658923e+00
1.711250298790474034e+01
1.213451627989896142e+00
1.256639259444624186e+05
1.494977030571680743e+00
1.814721801458714058e-09
1.024307636430563181e-10
-1.667571241222697771e-08
1.859539744448311066e-05
5.078108689013638433e-01
1.566125134749584184e-04
1.584303941313612411e-04
1.497457597614820909e-04
1.640096785683934591e-04
1.272806021569647676e-04
1.690041240982832955e-04
1.798836724870855885e-04
1.866172787635602824e-04
1.866350685336428902e-04
1.747493134707638627e-04
1.654713251935138697e-04
1.747991447943300137e-04
1.674295211887807716e-04
1.743470769882518362e-04
1.691713788405439203e-04
1.687047022626311202e-04
1.698916919146755420e-04
1.675853066928419555e-04
1.542523475247720480e-04
1.729311042991991888e-04
1.965170013833979017e-04
2.461701575232846549e-04
2.143229899444599822e-04
2.005391788431934680e-04
1.676158316265428851e-04
1.728733969472220910e-04
1.702326249526276043e-04
1.669928510724219854e-04
1.676696459375387645e-04
-5.843272458323092527e-06
1.930259783002800167e-06
-6.549930371888750078e-06
5.381521079149093866e-06
3.522404075749538186e-08
4.712128516704273861e-06
-3.944441974606227293e-06
-1.033607078082017556e-06
-3.695221839268183255e-06
2.283261428356456945e-06
-2.524119608622265641e-06
3.446591395437198152e-06
2.249055544917763460e-06
2.296516377405219675e-06
-1.326267874700754851e-06
9.444981565060736002e-07
5.430480991713590643e-06
1.029884459479988726e-06
7.755744557712594291e-06
1.537666541606056497e-06
3.542566508722874675e-07
1.259632514816654379e-05
6.038473382168107326e-06
-1.164749554364276873e-05
3.738405748832714448e-06
-3.989222035539107096e-08
1.611646997236411416e-06
-5.573088493291320601e-06
6.098740879804893377e-07
-8.967816305941261649e-07
-2.692075857791890900e-07
3.254678758923158094e-06
-2.843823877319219499e-07
2.838008804337778464e-06
-1.816850168297193891e-07
2.371412787287159392e-07
5.309814973039185827e-06
-3.415932901840410001e-06
-1.230191926229080727e-06
-9.504296558941973701e-07
-1.009141103211121612e-06
-1.809640501817931504e-07
3.345792510913299244e-06
1.963795058408385304e-06
2.239128506903876634e-06
-5.166131089557977009e-06
-1.875511377755208391e-06
-4.274867922948182905e-06
5.999166889327422011e-06
1.277163550532489747e-06
1.928304285992291906e-06
1.309189791212741664e-06
5.237747834982951597e-06
-8.922665141012211463e-06
5.513745869597016442e-06
-7.639929306383225351e-07
-1.701539031129317745e-06
6.567616074258957549e-07
-3.251381962214087907e-06
-4.448808348582165930e-07
-3.987042697157176587e-06
2.217234316773649078e-06
6.785443447386611276e-06
-1.348694580844970984e-06
5.603192336611236053e-06
-5.816099941616656706e-07
-8.880596959738140111e-07
9.478028091454089572e-07
2.821003488209503563e-06
1.795675437934083755e-06
2.908932961272792714e-06
-4.542025256501228588e-07
3.273349574712538630e-06
-3.825966165497603334e-06
4.332046120577771123e-06
4.763180109863633031e-07
6.630473940348118046e-06
0.000000000000000000e+00
1.574554273550554227e-08
2.802490972874880561e-07
0.000000000000000000e+00
1.211533647201794950e-06
6.704617169173613656e-07
0.000000000000000000e+00
-6.456003249164822586e-07
