9.837450235067275450e-01
9.767200136850477943e-01
9.542483660130718359e-01
1.015805617558238172e+00
9.396852760399621030e-01
9.465896691610842240e-01
4.236583600616157796e-01
9.909735687453353759e-01
9.854693689188787076e-01
9.757068918398793533e-01
1.516338063388699142e+00
9.816665326561124783e-01
9.580232050727428561e-01
4.117958183956421658e-01
1.018134661362281035e+00
9.852984994022013776e-01
9.590438305987164513e-01
1.042755456879234544e+00
1.034468368546545669e+00
9.667002990314607080e-01
9.739541625105381240e-01
1.026771890988220193e+00
9.814320959287623491e-01
1.036228213688219491e+00
1.031337071439147213e+00
1.026683211086043990e+00
1.054509444229695392e+00
1.013039717537834949e+00
1.036488252373423347e+00
1.021323217926053850e+00
1.146550020437486328e+00
1.247401127764539375e+00
1.422657324246040300e+00
1.493909498167563799e+00
1.412862298860520838e+00
1.674711605056580010e+00
1.437799728450923853e+00
1.530979318056410854e+00
2.766007878592364120e-09
1.228621686755667174e-10
7.658333506821824935e-08
-3.880317936135784575e-05
4.674407573004651928e-01
1.845416987565266873e-04
1.818873465218051621e-04
1.822187871979923069e-04
1.838805428233877826e-04
1.795640706261930489e-04
1.843388557385465206e-04
1.801137128969475037e-04
1.835088363392328183e-04
1.796171142207761461e-04
1.904232011654647685e-04
1.837146922751175984e-04
1.835574645995095172e-04
1.784926788805599879e-04
1.838136427221338798e-04
1.798078618396223814e-04
1.845223353405043946e-04
1.751061022786627394e-04
2.124276018155466200e-04
1.228396609446042440e-04
4.088843432139153879e-04
3.003039707913327124e-04
1.903731696792075893e-04
1.918923036323930305e-04
1.784111544468558680e-04
1.875883284203938876e-04
1.822310121963436366e-04
1.807098442140208814e-04
1.812833545033967091e-04
1.844748305028464080e-04
-3.980292893427158061e-06
-3.574192213265876058e-06
5.880570459017470649e-06
2.466478090086473542e-07
1.855929109562637314e-06
-1.029889865129874350e-06
1.059718329540504101e-06
-3.801078331225078863e-06
-1.901261385455357409e-07
4.472794081333976408e-06
-5.883808829964548654e-06
4.641056147650713343e-06
2.640857063529196736e-06
6.037977444523219241e-05
-7.145069366373427649e-06
-2.452037791178312084e-05
1.619240170862455214e-05
-6.669544495619682096e-06
-7.919699581761315568e-06
-3.090353491241539114e-06
-5.844207665377285044e-07
3.386914228970271234e-06
1.029411537928132784e-05
1.803945250363564148e-06
2.511236468854236041e-06
2.640193739857290506e-06
5.401442395458392438e-07
-4.281467062741760893e-06
2.810393434601399240e-06
-3.629012320093038219e-06
-4.342094699383583785e-06
-5.915781051312430801e-06
-1.729505106859545333e-06
3.829052288082416240e-07
6.495481815593871422e-06
1.156043796074930308e-06
-1.963496127512728054e-06
-2.269152520528344367e-06
4.956265772590348208e-09
-6.864937578749876425e-06
-2.819393224371429497e-06
7.498315707055891651e-06
-1.480929692653995036e-05
4.814386360551414388e-05
-4.532356985933716747e-05
2.128839020264797427e-05
-5.603299641748263045e-06
3.718429599359485183e-06
-1.838090868718653817e-06
8.572331092130010018e-07
-1.208943576491786561e-06
-8.698032342323542649e-07
2.872629714574987812e-06
2.585444125053687625e-07
6.833643112115821801e-07
-2.751045741864326200e-06
7.294677988041358498e-07
2.590349413073011692e-06
-1.946503852031182158e-06
5.537410461364708944e-06
-1.537382267804606004e-07
8.982337573859015273e-07
6.348576427731028203e-06
-2.162817111186788330e-06
-2.527009827016029439e-07
9.310443633620000197e-07
7.360074601067132161e-08
-1.090587991751573544e-06
-9.008791894642278686e-07
2.584411619775554473e-06
-5.490749099435720653e-06
-5.236415519947688869e-06
2.981868861577546665e-06
2.567525982630596546e-06
5.020851335706447331e-06
-3.925102148750249770e-06
-8.694799159551446166e-07
0.000000000000000000e+00
-1.233426280929230460e-06
5.535156307296422533e-07
0.000000000000000000e+00
1.070317736607698399e-06
5.379896315232865682e-06
0.000000000000000000e+00
-9.783121812661854511e-07
