1.067093580445700685e+00
9.965453491867222180e-01
9.823008849557522959e-01
9.140366725251363178e-01
1.038462782280903607e+00
1.016188248225827540e+00
6.575725462283514844e-01
1.076343268948656062e+00
9.847976042353103754e-01
1.242246307982338482e+00
1.214241570908168644e+00
1.371967061547814115e+00
1.238304105242982622e+00
-1.470818529504230171e-02
9.133966583221936331e-01
1.095029023769951815e+00
9.548563819692097443e-01
1.047410500996603044e+00
1.086789157528631922e+00
9.203084988315091142e-01
9.390925074178406717e-01
1.064905935179212282e+00
9.108794768141521558e-01
1.126936692939155993e+00
8.909713181621730094e-01
1.200359478922404133e+00
1.096318458932796558e+00
1.080672024774974815e+00
8.647545963080724984e-01
1.240298556318720991e+00
1.070897517980632596e+00
1.480058199883447223e+00
1.230136067114014242e+00
2.127809015709020812e+00
1.660072191783445783e+00
2.066299600689056604e+00
1.221861150525993311e+00
2.235932035106800164e+00
1.890288891784888166e-09
1.045142519223146171e-10
-1.553289721849262763e-07
-3.771557284881542165e-05
3.362936265797161761e-01
1.862644362420483215e-04
1.889148913591690254e-04
1.861473877825279904e-04
1.814674310415339436e-04
1.729980799566750694e-04
1.868340451290908741e-04
1.814260337208755053e-04
1.846035961589075937e-04
1.803121393010086800e-04
1.773376757169281711e-04
1.863980602917501080e-04
1.859145566184806323e-04
1.798095849748278675e-04
1.977160426986655556e-04
1.667847228110171565e-04
2.149997107013912985e-04
2.112830711497220085e-04
1.837181813016415923e-04
1.832870774898113023e-04
1.822425151088222629e-04
1.873593637976548763e-04
1.887349679294943129e-04
1.839659901631283739e-04
1.798303102105270430e-04
1.819984922917741602e-04
1.851394826281935581e-04
1.845484112027184504e-04
1.877279477203854592e-04
1.830761883780903146e-04
-5.224686981145349823e-07
-1.171505552789100921e-06
2.589346154522361467e-07
6.131893046080444496e-06
4.585102311177769307e-06
6.393178337515702801e-07
-8.235062052177169782e-06
7.625776182749185505e-07
-1.617678112173857533e-06
7.891352447607739715e-06
-1.333119796173835953e-05
-3.570348198319661413e-06
-3.854381524779085867e-06
4.931394471233776727e-06
-2.337155355608725081e-06
9.871666854431420253e-07
3.214582084839323590e-06
-4.441210282124337409e-06
1.174443636010277508e-06
-4.974737447743721172e-06
-1.706045262899245248e-06
-4.390201859961539928e-06
7.804303921793351922e-07
1.986232525313663784e-06
-9.913129740764123137e-07
1.002635743303459400e-08
3.295054547940756705e-06
2.250377792057614753e-06
-3.832188263842291903e-06
1.131480381890671632e-06
5.575223637154314668e-06
5.656683015875013296e-06
1.340929348422924710e-06
-1.404608841885998640e-06
-4.603411193162743926e-06
1.870812747660195477e-05
-1.288172618911886908e-05
6.161046603382325826e-06
-4.300165784111048035e-06
-8.626283388090456326e-07
-4.343222771792342462e-06
-7.653226717595039253e-07
5.128548825098662061e-06
-5.234158039452715968e-06
3.102144488684889597e-06
4.236954090166292425e-06
1.107810169020758984e-05
9.493843327358942700e-09
4.505199721079005538e-07
-2.540257268228684125e-06
-2.074391886525783414e-06
-7.417263324056867735e-06
3.807288055896835447e-06
3.085788833145473886e-06
-2.417638357013110440e-07
-5.287646686799164726e-06
1.325523776990898647e-06
-3.032258805130006139e-08
2.438199323136750069e-06
4.770450489168507648e-06
-3.037900295846800936e-06
8.177476932524644394e-07
-3.244528268494378900e-06
-3.445633203953368983e-06
5.848267463788876306e-06
1.588809051979056210e-06
2.960999725068998311e-06
-2.151880331712977178e-07
-8.939308599388221107e-06
1.392222753313000104e-06
5.953526871328526394e-06
-1.377824527011062776e-06
-1.094061346809982882e-06
-3.113191250431784707e-06
1.490817814673497723e-06
4.946536501270067292e-06
-1.764037782655210491e-06
0.000000000000000000e+00
4.005006909084663648e-06
-2.082941562949344142e-06
0.000000000000000000e+00
-1.322088704989002564e-06
2.800551640097349643e-07
0.000000000000000000e+00
2.216032951521781013e-06
