9.457488043563135882e-01
9.266875987773526280e-01
9.464865105115782828e-01
7.026125595881558272e-01
9.239768642850791913e-01
9.440505699971056819e-01
5.830093304449099900e-01
8.230892915086424066e-01
8.374110987866980604e-01
9.435583125993729503e-01
9.403513869432327255e-01
9.398595672372364040e-01
9.438764836009041481e-01
4.218573022359456415e-01
9.805884382154834711e-01
1.027688546269741376e+00
9.741575885216308128e-01
1.028457750112579117e+00
1.013319337610314452e+00
9.869469222752519366e-01
9.663403058230508602e-01
1.035570191332011003e+00
8.591228533335247830e-01
2.315709325197325597e+03
9.088175454457938507e-01
2.316563851147736568e+04
9.079521378502255491e-01
2.566846357913159515e+00
9.165856898834259248e-01
2.241763330052102901e+04
1.243755459093268900e+00
1.544684024305212733e+04
1.355690783926773779e+00
1.389884964416821604e+05
1.208325158319636383e+00
9.928595987828655822e+00
1.379611658434533483e+00
1.359371145482980064e+05
3.408338225876711042e-09
1.343232976183893091e-10
3.059007927652410311e-08
5.605111446792614106e-05
4.658268493782738995e-01
1.780625931107203581e-04
1.721288952913953166e-04
1.799344212851553091e-04
1.782490689466065693e-04
1.688149280094402216e-04
1.880648313396908206e-04
1.879956130661751285e-04
1.760722872647718564e-04
1.807885567087952241e-04
1.759042089721433294e-04
1.740838811256132344e-04
1.767139096834081642e-04
1.814623402021301574e-04
1.792327220421744847e-04
1.751142670950255173e-04
1.815703477730471068e-04
1.738271945603040802e-04
1.763721360924277439e-04
1.546016668546866296e-04
4.194307664430594511e-04
3.778995222761802114e-04
2.465904786577693270e-04
1.911374629937634146e-04
1.771486399068005271e-04
1.725800016973041940e-04
1.777264120074595745e-04
1.781794281886018064e-04
1.699466358732625482e-04
1.758060299068935073e-04
-2.086523530809669337e-06
5.504034955452923771e-06
9.328149345854037584e-11
-8.258852770191931965e-07
-6.359706102563654658e-07
1.029234161281630373e-06
1.301618900123043723e-06
-6.553666041414788208e-06
7.730440856070409723e-07
1.129217251217156625e-10
5.294538307211444121e-08
1.479356585722200759e-06
2.735343218333616798e-06
4.561468274055016755e-11
6.206164562520728711e-06
-2.358591454707559783e-05
6.671264723442767855e-06
-7.803249786857843697e-06
2.108637983466364380e-07
4.180331482736653493e-11
8.336659687309378129e-11
6.340180881287223240e-06
8.323938094247583605e-08
-2.363914044803126202e-06
-1.590819017980759261e-06
-9.338320896558369637e-07
1.903180348725796822e-06
-7.564264564747629328e-08
-7.567031380577743855e-06
-2.625662471136656945e-06
2.948051640506605010e-06
1.789136753197269810e-07
7.417029455280165629e-08
5.178609806469386331e-07
-9.472642365480809138e-11
1.241419735329414501e-06
-5.092162884545464771e-11
-9.603681963379904818e-07
-6.450490283784796692e-07
7.876239104099408743e-11
1.872600502847297851e-06
-7.422254418760858885e-06
-2.968140206624773658e-05
6.516292228441564153e-06
-1.017009370658319582e-05
7.038649094978363965e-06
-1.060370728670538974e-05
-1.592581721969994477e-06
-4.690434473083841889e-06
-3.479264310735453938e-06
7.363557981086084735e-11
-1.060149830482601408e-06
5.972422621926930586e-06
-3.486109695750964778e-07
2.804924438248550639e-08
-2.523209231861187255e-06
4.773054393089633168e-07
4.603036135628418950e-06
-8.635500818776367570e-12
1.347960961662587923e-06
2.646328155038606211e-07
1.295799789952691968e-06
9.210887381533678875e-07
6.949370211940053207e-07
-6.139055641890796955e-07
-1.194095138743840113e-10
-6.253346083667505374e-08
-4.283508511432638812e-07
-6.940114288254815677e-07
5.701158056817479161e-07
9.540233576233218219e-07
-8.932659022259587900e-11
-5.235705279786884182e-06
8.372008206624772157e-08
3.944179624118772717e-06
-2.398058688778946348e-06
5.572864952372101109e-06
0.000000000000000000e+00
-5.112447741638924815e-07
-6.598203653505006980e-12
0.000000000000000000e+00
1.046268430245481669e-06
-1.715934155397204902e-07
0.000000000000000000e+00
-1.239011763582100012e-06
