2.275547281519672560e-01
6.905045497617070538e-01
1.427825635673000360e+00
1.051959018742581131e+00
1.542633799025251662e+00
1.423013847003279597e+00
4.098071896946431369e-01
2.260686122501092132e-01
7.654877003879110298e-01
1.307790408890890266e+00
3.058586422797723969e+00
1.357063670730590754e+00
1.323695876987603492e+00
1.705776119921687817e-01
3.214097953220357518e+00
3.157257213883348790e-01
5.536156032309014208e-01
1.946976949702128978e+00
1.473906720860078678e-01
6.784978904540181155e+00
5.676009895481644030e-01
1.954068922824800492e+00
3.441479591709092567e+00
3.287377884668916672e-01
6.845000796659905795e-01
1.972880697156860652e+00
2.349310383124962320e-01
6.594222294215170699e+00
7.528954181753010344e-01
1.964725634976642876e+00
4.465390545125368149e+00
4.796655454498105486e-01
1.307580080412406698e+00
2.699359175493646124e+00
4.395847569144833988e-01
8.864652956622013136e+00
1.488703585822610087e+00
2.663295205855503056e+00
3.086853447475634411e-09
1.567167879295952815e-10
-4.198270668579005048e-07
-5.471126516016551087e-05
4.610369055878320022e-01
1.757025490862728343e-04
1.790411503789737411e-04
1.757082773105384432e-04
1.833167859490883542e-04
1.532128371697587645e-04
2.085063985003903593e-04
2.111339675526636257e-04
1.933524453688546037e-04
1.727003119264331659e-04
1.684664846935567302e-04
1.718903030651293981e-04
1.757422670367326232e-04
1.769717298927018308e-04
1.787666384705849300e-04
1.805300446695641439e-04
1.773828594076900763e-04
1.738198009266179393e-04
1.621373330391067866e-04
2.502208949105937086e-04
5.755043985732521050e-04
4.330007040105114625e-04
2.938690837069545501e-04
2.090559790878464253e-04
1.935994026967109119e-04
2.061134206714947462e-04
1.882460455131040411e-04
1.902676597397752207e-04
1.775398152819569850e-04
1.790573108218370356e-04
-1.013452063726087802e-05
5.916402084537275276e-07
-5.389284915751009722e-06
-1.774789801747210636e-06
-3.493070940894045498e-06
1.990328259413273244e-06
3.291790625998823112e-06
-4.663825075194315858e-06
-1.357126134914081357e-06
2.966511083304717526e-06
-1.541970097901650125e-06
2.097875664570438239e-06
-9.361890922066343001e-06
3.608606189245354401e-05
3.551488928534458765e-05
-3.264091506533960878e-05
1.032631238952082581e-05
4.008185500703890661e-06
-2.450776643061558945e-06
4.797921144489717061e-06
1.836369684922229823e-06
6.962550827359468582e-06
9.443579002830019815e-06
-7.397137921745276018e-06
2.057686466744755456e-06
-3.223566664433080033e-06
-1.407220914677998315e-06
1.931133966154111499e-08
6.932000784598347633e-06
6.954928138483910879e-07
-3.735366610962375178e-06
-2.914601747500868896e-06
1.248331584089092392e-08
2.449069514628245326e-06
5.803265718576099648e-06
-2.865933737771064936e-06
1.034800892939308592e-06
-3.750133343796678990e-07
5.784596440353262992e-06
1.489441394330140263e-05
5.340754619976968384e-05
-3.260206687195734348e-05
2.278414079452278668e-05
-7.624303824704237910e-06
-4.491095218899524736e-06
-5.276661282970292938e-06
-7.049104624367112366e-06
-1.814192895104055127e-06
-5.708218879012443146e-06
-2.125721494863918627e-06
1.370289574578963232e-06
-1.545114212481070380e-06
1.152240146157876586e-05
-4.112942308360779909e-06
1.180179919308848377e-06
2.259229842592740048e-06
-2.515140842851228293e-08
2.384109768287376293e-06
-1.332938167634530001e-07
1.364777189219050757e-06
-6.323430101573798880e-06
-2.234096227937197380e-06
1.411485086855834318e-06
-1.059651807168264133e-06
1.728265913378912937e-06
2.139706147772886634e-06
-4.355602901896337994e-07
-2.472921604364660905e-06
2.926690368074763438e-06
3.205856705385112053e-06
-1.084307876750277689e-05
2.987434188975565441e-06
-1.850699176920766422e-06
-1.989993226286084316e-06
-6.762634208909576859e-06
-2.182834794453840986e-06
6.975472181742967488e-06
0.000000000000000000e+00
-2.553326340649691230e-06
5.034400178015654902e-06
0.000000000000000000e+00
3.435244081739671709e-08
2.094944057748050467e-06
0.000000000000000000e+00
1.281353190072232376e-06
