1.206284552307155117e-01
5.907068175745493477e-01
8.410596026490066990e-01
1.910415219199917658e+01
9.963132998850090516e-01
7.863825782805887732e-01
1.231001282488798587e+00
1.206284539867116534e-01
5.907065461392441152e-01
8.410596026490066990e-01
1.910413389325499267e+01
9.963132788245380178e-01
7.863825971977937979e-01
1.231000438587135148e+00
4.896909401435928011e+00
2.042104351995502332e-01
7.023364523917869917e-01
1.423819020918718037e+00
1.434243837782522846e-01
6.972315122832216439e+00
7.511696329294040853e-01
1.331257223618331764e+00
4.896908868650255542e+00
2.042104574193594202e-01
7.023361296616208449e-01
1.423819675189311296e+00
1.434243822991610740e-01
6.972315194735848820e+00
7.511694030924316312e-01
1.331257630957838556e+00
4.896926678884516271e+00
2.042112913881944380e-01
7.023387227298062419e-01
1.423825475199004265e+00
1.434244325994350200e-01
6.972317511889994712e+00
7.511721422225033917e-01
1.331263014493841768e+00
3.648761074604450145e-09
1.786377015997427026e-10
-3.674578939737578786e-10
6.040497557821251326e-05
4.863523573200992378e-01
2.188043184087402795e-04
2.544992884876130746e-04
2.742921636099308154e-04
2.409649796844354425e-04
2.421377865297608795e-04
2.760367872996557646e-04
2.403016141272628801e-04
3.356937517321373940e-04
2.826392161995222086e-04
1.920204665615783744e-04
2.583140100448474887e-04
2.178769763069194091e-04
2.114413317583519478e-04
2.116072131365398523e-04
2.109604051105931014e-04
2.476146719755241117e-04
1.967892983951092427e-04
2.307950554660677216e-04
1.143771828800362077e-04
4.418542850068792505e-04
5.046682514874661603e-04
2.493335221681399101e-04
1.861043861267161373e-04
1.846088950417042499e-04
1.885588597271132508e-04
2.022301821168889454e-04
1.993098601735987161e-04
1.819109594698288079e-04
2.140651808888211112e-04
7.550428485056235499e-05
-2.093700096552722342e-06
-9.816976007145250148e-06
-3.346275629934537430e-05
6.750739761315803672e-06
-2.172466694099946125e-06
-9.851435232005274618e-06
-2.937636437649791902e-05
1.886218234588091789e-05
-4.474663372571053861e-07
3.431975706919038892e-06
-8.677208219321306669e-06
3.762780667135767588e-06
9.044713421695942882e-05
6.691124341606556351e-06
3.698541400085724303e-05
-2.531721703364840954e-05
3.481098987273738770e-05
-4.478657773960400709e-06
-3.676286737874312829e-06
-1.679888794819645205e-06
4.770194610415741615e-05
7.276044007748653836e-05
9.828332607112712772e-06
-8.298315559303707084e-07
-5.751845650104836349e-06
-4.500319096694075646e-05
-5.808509942010050276e-06
9.037141054498803623e-06
-5.305453261192334959e-06
7.093198183077660204e-06
1.736256516289051289e-07
3.408879778865897011e-05
-1.127264465162708525e-08
1.904547028719283332e-05
-7.132247650858945548e-06
7.765056291297672302e-06
1.224946567349429506e-05
-2.929904749474010933e-06
-1.175713753067679672e-06
1.156102907626653073e-05
7.961750597744868057e-05
3.167197488293510945e-05
-1.460544989018968808e-04
4.366859829912962958e-05
-2.692549590146896426e-05
1.585609299260412475e-05
-6.795817167053644637e-06
-6.710577969889388603e-06
-6.065135439276165012e-06
1.616131916837264265e-05
-8.122906897371733653e-06
7.237557802936532298e-05
-1.554232881242188186e-05
2.688847281017840926e-06
-1.646173178822490333e-05
3.452496948443106994e-06
1.782052539775650588e-05
-5.402729621877187050e-06
-1.215169499647415306e-05
-4.227204899187407771e-06
1.608986386635538358e-05
8.318028392616654698e-06
-4.100773102125912959e-06
-3.559641889406765967e-06
-5.690942935236726660e-06
8.950403557987847921e-06
-1.846597292403785680e-05
1.469428809428808043e-05
-8.087389248781311473e-06
-1.423327421077102360e-05
-3.045318400995703562e-07
-1.914557248174603670e-05
4.965227597673688042e-06
5.484560188703639559e-06
-5.677492104621636217e-06
4.697063228429124160e-05
0.000000000000000000e+00
-2.889272095711021513e-05
9.537568417312288402e-06
0.000000000000000000e+00
2.076652888417779676e-05
1.847909119085462855e-05
0.000000000000000000e+00
-4.195879069673030377e-07
