9.452127105894695402e-01
8.199954759755267997e-01
1.100006944926731123e+00
9.997907594919214214e-01
1.132678070244358626e+00
1.105836234538552620e+00
3.007363702214526646e-01
9.402319132898168119e-01
8.318678558212531104e-01
1.028173348698662171e+00
1.480293530231729715e+00
1.053214881184401985e+00
1.030886682505485208e+00
-3.449375628999624965e-02
8.621216355665644038e-01
1.160138031935214586e+00
7.456824700126853944e-01
1.341363944252900620e+00
8.870618958264697707e-01
1.127535186083631125e+00
7.469229941872403966e-01
1.338833706994531081e+00
8.836022995557384352e-01
1.143830988385096337e+00
8.418146256117032822e-01
1.258865899654044940e+00
9.854241469862010661e-01
1.075759176900993541e+00
8.631134174289774030e-01
1.282034453046946965e+00
1.065009094023031455e+00
1.381127715147724366e+00
1.439656507310692612e+00
1.597650683086855317e+00
1.709320263774452009e+00
1.226458389699656593e+00
1.549942886591970659e+00
1.569926216427575127e+00
6.676528790930771427e-09
1.919916365387373192e-10
-6.141744509733834745e-09
8.169548490379483440e-05
4.060954490643742254e-01
1.652911330068176910e-04
1.673063472083601943e-04
1.706698279085997784e-04
1.741109513127210877e-04
1.611315547253518751e-04
1.768435948425162141e-04
1.790611221369328905e-04
1.720885494858074237e-04
1.702013748280405191e-04
1.657091471917189051e-04
1.719865274163618349e-04
1.703643923278370443e-04
1.718382033447291338e-04
1.588086067174411542e-04
1.865562961027123574e-04
1.405759548854636025e-04
3.716969673132311698e-04
9.774487676258484213e-04
4.867027232526467272e-04
2.140531862114416844e-04
2.437565605915137227e-04
2.034576998326018224e-04
1.806969249717026854e-04
1.732982951588876806e-04
1.708735514600555599e-04
1.679089915321382745e-04
1.683703340375948554e-04
1.634924276793620307e-04
1.757936881365514733e-04
-1.709706586977852400e-06
-2.405538482256324589e-06
7.317785037004722080e-11
1.443360891519148325e-06
1.604612289612319441e-07
2.087345318567078999e-06
5.354097509825713118e-11
8.686959415168761636e-07
3.428049706801955270e-06
1.717939511423944866e-05
4.957431357666761270e-05
-2.444065580756252034e-11
-7.419694058239395952e-05
-1.132164975276516912e-05
7.458296251927865594e-06
3.777282513005700548e-07
6.241861464239937601e-11
1.694112178022547521e-06
-5.853045387721230038e-06
-1.321367779725977615e-06
-4.158378002314202956e-06
5.659454030062454304e-11
1.307947302890264731e-06
-4.839706097245415515e-07
-3.977745309178639226e-06
5.579242705747853255e-11
8.988668439757909898e-11
-2.528713559920877051e-06
-9.030870251903949311e-07
7.593039339601201864e-08
-2.018169312917002991e-11
-2.626879812269162752e-06
-3.506563442445604518e-07
3.403382298107833486e-06
-1.336622927367380944e-06
1.407322155354210671e-10
-2.608870059929700961e-11
-6.721165202486121403e-11
2.808892921396678217e-11
3.575148025332043787e-11
-8.052124064167030485e-11
6.906223822438248770e-07
-2.948157617518402787e-07
-7.440576258485557152e-11
-4.399454566773674512e-06
5.542522640724594173e-07
-3.107866841559171273e-11
-1.840179580141482259e-06
-1.556475740305540378e-06
1.197249439099287541e-06
-3.090206184945687361e-06
5.112484997141016115e-09
7.598362457580226502e-06
-1.624360541667361773e-06
-3.617654533415703145e-11
-2.549583381672083242e-06
-2.846585621530120889e-06
1.687335254438786475e-06
3.431307379391096268e-08
1.240380695655686113e-07
-1.527461008251184865e-06
-1.064083000181311915e-06
-5.793900399637979060e-07
2.451306923509725323e-06
-5.866917367500788872e-11
7.762337270085555919e-07
3.538349780691940579e-11
-4.753740057690332538e-06
1.209022909093868800e-05
-2.002115420419650503e-06
-4.090210546161601351e-06
-6.686153029093425414e-06
-2.936816369505881077e-06
-2.807732584465047200e-06
-1.129704821019362302e-06
1.961486252826644738e-06
1.537153069007532438e-06
0.000000000000000000e+00
-2.734819260792318656e-11
8.719154246615702886e-06
0.000000000000000000e+00
4.343480376106305991e-07
5.695959097260349317e-11
0.000000000000000000e+00
2.344619921319886934e-07
