1.061781362906025983e+00
8.023478595245617795e-01
9.541877950690680343e-01
1.097471018074446913e+00
9.789203356281066526e-01
9.613290611468831015e-01
3.555881432272717801e-01
1.005545029614861363e+00
8.280628578992266231e-01
9.626234381133675910e-01
1.386651596989531443e+00
9.694761702663048375e-01
9.612124722645354336e-01
6.548717492652753602e-01
7.048830785644131236e-01
1.419252558453813151e+00
7.877583262508873752e-01
1.269814170574814494e+00
1.110953840455293218e+00
9.001280520959658027e-01
8.002432058385120506e-01
1.249735842974667221e+00
8.238131040631166968e-01
1.373311965834297155e+00
8.246947378616813484e-01
1.284207467401497826e+00
1.012014721309777210e+00
1.006491478806600393e+00
8.417308339516968996e-01
1.286745504505496740e+00
1.292144471188599208e+00
1.747382228766407586e+00
1.326831472623909214e+00
1.609703098879612826e+00
1.427390251038097801e+00
1.601919480264660356e+00
1.471965200006869479e+00
1.619784143250409425e+00
4.363024914718010996e-09
1.289502722700651189e-10
-2.695747971912099471e-08
6.602073144127387674e-05
4.055257829582330498e-01
1.626792253088621626e-04
1.685055723210409013e-04
1.600630543911501147e-04
1.675527325624812818e-04
1.685682281782955563e-04
1.620756337972414918e-04
1.714317171055380288e-04
1.689478681293913383e-04
1.666936925786102503e-04
1.645756103119435634e-04
1.576496247291024556e-04
1.681409253807599478e-04
1.669245560926620338e-04
1.694256394722045843e-04
1.442563284670730353e-04
2.092031502372895238e-04
7.571778622144552770e-06
5.339069178245351311e-04
3.685562728525646793e-04
1.839465798981931486e-04
1.595690604974117166e-04
1.650128533557671516e-04
1.653900169837925331e-04
1.641716712797109193e-04
1.620755366908897236e-04
1.703826551645263188e-04
1.644014272819268544e-04
1.602637479145727290e-04
1.631517571443717729e-04
3.528022906193595903e-11
-1.600237975954434128e-11
1.909676318233443524e-10
7.052779194399781050e-11
7.009771383910889335e-11
-7.366741038296937916e-11
-5.276488145920099416e-11
9.361084417972643952e-11
2.822567524225857332e-06
4.621870377224171001e-11
-7.471307130895153917e-06
-1.237526748794202454e-05
-1.422704632787031654e-04
2.274273511232309506e-05
-1.047773722580128333e-05
3.081452534281718111e-06
-4.618532581976677524e-06
2.790718362642019348e-06
-6.306678990807913125e-11
1.585380201214706298e-11
5.131726005301072489e-07
-4.794361563618109598e-07
-2.690928744055453574e-11
-4.619431263376338209e-06
-1.927813007750841310e-11
-2.914237258814358916e-11
1.441902652031031387e-11
1.501372335932744691e-06
-8.478756107135522044e-07
-2.173064321101964512e-07
-1.033037422110958038e-10
9.182299547462825080e-11
-3.765111999703517872e-11
-1.032309180062765966e-11
-2.621835757931150485e-11
-3.530469581357764631e-11
2.754680595580427377e-12
-2.261708184716307730e-06
9.696103035329031999e-11
6.976976023364279814e-11
-6.974519545102553618e-06
7.663932327378597114e-06
-1.301560026498327260e-10
-3.515962681955195411e-11
3.082550532518873592e-07
1.965456556253989525e-07
-7.712522418445489695e-11
-1.641928860978602767e-06
-3.072202336675428956e-11
-3.975404526677199866e-07
2.803753878523681830e-11
2.669671719232581316e-06
4.951160856947542314e-11
2.242352446951940006e-11
-4.656074130979733732e-11
-1.904665012344503654e-10
6.491506126851536841e-07
-2.667802449145171272e-06
1.042854002605376235e-10
9.701414636319436489e-11
1.238769284969871211e-10
-4.188354013051666374e-11
-3.170118514765093385e-07
3.128697998899536769e-11
8.751727187917357352e-11
8.264809415325117550e-11
3.397972126260301922e-06
2.893090232169800270e-07
-9.817339547661988935e-13
-1.033756423341327364e-11
-2.852194306850329786e-07
-6.281101585119985527e-11
1.624720369472345061e-11
-3.219905451542699878e-11
7.062405357989603515e-09
-7.164629445786732550e-12
-7.844781637649611201e-07
0.000000000000000000e+00
-3.042104513375035427e-11
5.497031953938070752e-12
0.000000000000000000e+00
-5.929760346438176528e-11
1.259542263745652816e-12
0.000000000000000000e+00
-1.917216535885574841e-11
