7.237908096029176397e-01
1.054250328522960967e+00
1.620180556298953078e+00
1.169087573222491239e+00
1.650972693414412440e+00
1.523949943711020438e+00
7.042838480171234039e-01
7.349013993807143041e-01
1.037532866484603300e+00
1.602173488671721824e+00
2.887651292809390924e+00
2.292734591646015119e+00
1.982509224675387483e+00
4.923933139533435144e-01
1.368478892130388536e+00
7.406275056239589594e-01
7.007367450443817702e-01
1.494568919792098605e+00
5.352423992683317255e-01
1.976799555975418343e+00
6.907829235823426117e-01
1.495956442341566550e+00
1.369308179751967947e+00
7.430667901576140100e-01
9.464040014251337007e-01
1.505445926749652941e+00
7.555995698787012493e-01
2.123935519129141802e+00
1.009591271629086684e+00
1.779814379166387184e+00
1.673952061926896384e+00
8.632746712217196361e-01
1.678499457425572494e+00
2.738897139537570524e+00
1.391462417910873217e+00
4.386383524210251572e+00
1.915942204404684546e+00
3.362196739911539112e+00
1.798544566370374449e-09
1.160044426301998333e-10
-2.928674734594908561e-07
3.908512260271406911e-05
4.060790176867286050e-01
1.811339580195007136e-04
1.980063879095104497e-04
1.961757139358840014e-04
1.871292165525415680e-04
1.799167292580125554e-04
1.879128668046452992e-04
1.915752813425361631e-04
1.894418282508601942e-04
1.927740778489574181e-04
1.971105057760130460e-04
1.870012300840042112e-04
1.897768654860013690e-04
1.898285365258001189e-04
1.863803048166905662e-04
1.781311418515039242e-04
1.805477489320689538e-04
1.731054017474688192e-04
1.821260191253494271e-04
1.833466550323422804e-04
1.784906625295940735e-04
2.004495063105565008e-04
2.007727143996825264e-04
1.857111838590633614e-04
1.852876168442075925e-04
1.814196003232903653e-04
1.770850691552761265e-04
1.756484916593159171e-04
1.836397235278869713e-04
1.797136213016645677e-04
-4.513118041172447170e-06
-3.420325918122061992e-06
-4.222203632803397663e-07
-4.581735349531761157e-07
-1.348317429873425313e-06
-3.202761820200452946e-06
-7.635374565454633865e-07
2.176305927015968933e-06
-2.025218237018344705e-06
-7.407695311271861011e-07
-1.971313820571919850e-06
3.495856513084484728e-06
1.240800991104366253e-06
5.370898000614966727e-07
2.086678566149925077e-06
2.181955118078701706e-06
1.947587227391254826e-06
5.311400325980512524e-06
1.319816065889726996e-06
-1.953564227592998620e-06
5.951743430888263664e-08
4.366339582236911549e-07
9.491391080621707914e-06
3.002724431678727782e-06
-1.011048172776460680e-06
1.921180340320583089e-06
-6.111667636795696174e-06
1.176269768303766524e-05
-2.797306848601626486e-06
4.821231752767253544e-07
1.529967807631674364e-06
3.413013836547711812e-06
-1.979766220606760986e-07
-9.329866391182809803e-07
-1.300080859290132261e-06
2.763272282933541600e-06
1.147632845168254053e-06
1.174582806936224710e-06
-1.555653894668101711e-06
-2.013265831060733208e-06
-8.206802652543897450e-07
2.947533263233394220e-06
1.679220900502875368e-06
-2.401136377736870283e-06
8.853766990591024594e-07
-1.802138838156738930e-06
6.538188258728949676e-06
-7.148947461279485902e-07
3.271366398092494311e-06
-1.519304128829135510e-07
-1.689909952216175944e-06
-1.531328341080188879e-06
2.744989971949194563e-06
3.940849893442643394e-06
-5.726710403696774906e-07
-6.094335939465460131e-07
4.947636039282943564e-06
-1.755529292098309738e-06
-1.881486106282183419e-06
-6.251174820047522042e-06
3.373480716269164948e-06
1.625112454126419224e-06
-1.758689370090776069e-06
4.796678193122110121e-06
1.481830900773803360e-06
3.427913970431292550e-06
-1.700148611049240862e-06
-1.511885028975681354e-06
3.184658438384095119e-06
5.047247073176795799e-06
-2.515514877554604524e-06
4.761538301289286299e-06
-4.487235547191730446e-06
6.263516101870306558e-07
6.270528431436065102e-06
-3.080503240118545103e-06
-2.082823457011817015e-07
0.000000000000000000e+00
6.429793343709757847e-07
6.654944047817361194e-06
0.000000000000000000e+00
1.275466448719032456e-06
-4.363134787054650435e-06
0.000000000000000000e+00
6.823637299752079361e-07
