9.303718141013026521e-01
8.362339795623123795e-01
9.674867823987344240e-01
9.537748908178662610e-01
1.001444220233401516e+00
9.281634183873203048e-01
2.949257601786103855e-01
9.730357094243967664e-01
8.547773274017611556e-01
1.071562151641741290e+00
1.426906674244924567e+00
1.102321591351350438e+00
1.050919539555458249e+00
-4.766428493360318486e-01
8.891275535316505163e-01
1.147104964004668659e+00
8.329658759368854248e-01
1.202352924524994204e+00
9.718025620632737560e-01
1.029470684764870692e+00
8.398613509308923142e-01
1.191324554572314565e+00
9.116276709356611052e-01
1.152825435393213027e+00
8.337777544457858347e-01
1.236199248985462518e+00
9.814290712065232292e-01
1.100575125684802424e+00
8.587746623029954840e-01
1.219470212074039495e+00
1.229844706692587941e+00
1.596787525765331228e+00
1.075359798406857248e+00
1.673962993081186568e+00
1.367250100469610263e+00
1.639798010162453190e+00
1.128885894157536818e+00
1.690766791404489044e+00
2.627517176949440507e-09
1.195082504987889729e-10
1.498691409460471897e-07
4.410888536659470025e-05
4.721656699325613715e-01
1.796194941375160638e-04
1.828974666890935733e-04
1.896538501695589065e-04
1.923257914659554091e-04
1.806449131081953245e-04
1.931866074399432110e-04
1.937052106085107638e-04
1.958359631359301927e-04
1.853106928501260125e-04
1.873527456306218661e-04
1.878954438453103476e-04
1.906856522986721976e-04
1.828496327651198800e-04
1.793952502455011325e-04
1.883672641672736077e-04
1.751587016142839431e-04
1.850761375236443292e-04
1.875337122502814674e-04
1.860262482955153576e-04
2.596827837037387439e-04
3.446437326480095349e-04
2.386394394888116254e-04
1.966298918616767185e-04
1.916904237376108118e-04
1.838397745485068611e-04
1.781562132642773382e-04
1.793430081620758809e-04
1.799485610586388986e-04
1.851683274264236340e-04
7.789381717073794967e-07
1.695208189402531595e-07
1.905486012567652561e-06
-6.080144648050003102e-07
-1.702333349471501045e-06
4.679247490587676676e-07
-6.243026080748701250e-07
7.911995088513578506e-07
5.018617729771558867e-06
-1.855902834107968324e-06
9.815014524411966127e-07
1.533646520117636572e-06
3.346275331978514088e-07
-1.115863688039553573e-05
2.044169466037234890e-05
2.190166466351206712e-05
-2.359551758659228580e-05
-5.501170730316777055e-06
-8.234629820449531471e-06
5.752031900924927196e-06
2.597979281470126221e-06
3.722641288082392167e-06
4.320778002901391949e-06
2.052016451301735229e-06
2.523488361909428448e-06
-8.591430517538807055e-06
-2.356549659650925387e-07
-4.492646815082538357e-06
-1.255887256730928292e-06
2.658331885008260229e-06
2.262950489042754251e-07
1.606976721854112208e-06
-1.960592705601895287e-06
3.585301150132715391e-07
-3.298338267037949028e-06
1.652212545151783768e-06
5.606034687139013487e-07
-1.112800221690199946e-06
4.669221758848072742e-06
-2.785120949574522856e-06
-6.556326734325068386e-07
1.115935201416409743e-07
9.019134093394590802e-07
-7.021567926111188052e-06
5.391208462539034548e-06
2.853995015027354858e-07
1.851638423789042027e-06
-1.339142431083237600e-06
-2.827356800871000823e-06
5.072628782065096967e-06
6.698756955764958793e-07
7.840593384012220653e-06
7.683919081130334973e-06
-1.348993043800941635e-06
-1.726439944370799421e-06
-3.850238580652637803e-06
-1.047363012759962192e-06
-1.764976739620389425e-06
1.287276733576686213e-06
-1.938107851511446456e-06
-6.695778486419302916e-07
8.554163154796080470e-07
-3.246115000580522422e-06
-4.155002100606602139e-07
1.475632671094323617e-06
-2.594665141959161457e-06
2.661909124465212031e-07
-3.394791448670550653e-06
-1.737507265970165575e-06
2.277496665030128834e-06
3.456146142501787528e-06
2.199101705116084577e-06
2.710310537282267076e-06
1.316566573695305205e-06
3.832073402996067535e-06
-2.115077820255589112e-06
1.668934472748596945e-07
0.000000000000000000e+00
9.773614498400762394e-07
2.849697526028165678e-06
0.000000000000000000e+00
2.226018727612084442e-06
-6.101278920520624047e-07
0.000000000000000000e+00
1.880627769944909384e-06
