9.704164620518289652e-01
9.640395740984113448e-01
9.570552147239264063e-01
1.138109992962546002e+00
9.416276883705656520e-01
9.436110088010404295e-01
8.130447401421736497e-02
9.584435589495661212e-01
9.553474588680612722e-01
9.927326385472472481e-01
2.648119467191556442e+00
1.028223353455577360e+00
9.738519984353587455e-01
-2.127670034347717287e-02
9.878628639554758450e-01
1.012356053039320081e+00
9.960535440844049404e-01
1.004524235588022396e+00
1.028923728497614487e+00
9.741375368639459964e-01
1.010076424778734605e+00
9.937370322068053152e-01
9.693122960117228626e-01
1.051294591586398486e+00
1.034499923389577303e+00
1.123912943360456440e+00
1.063941989293357038e+00
1.097007780657980769e+00
1.063970748312539794e+00
1.125034604078798628e+00
1.135720376919325370e+00
1.215575394474633253e+00
1.591561504584568354e+00
1.833886041868658889e+00
1.345186408177494020e+00
1.753472489123981681e+00
1.700887925547891921e+00
1.916743133371289876e+00
1.999009013962005339e-09
1.141191314386217594e-10
-7.937837095582236826e-08
4.089412596562727066e-05
5.006522116925561372e-01
1.837202108891038241e-04
1.911003119785978865e-04
1.849036286931786139e-04
1.837229845989038057e-04
1.905046664935772108e-04
1.813599911177059688e-04
1.790939212378605335e-04
1.866068129732586134e-04
1.833740505693966889e-04
1.893398294881367717e-04
1.842258593527305150e-04
1.815096453009766347e-04
1.845353750296381979e-04
1.832091677877757934e-04
1.868206492749905463e-04
1.876112314198067829e-04
1.898645369241570824e-04
1.788985426712077825e-04
1.955732583728634613e-04
1.805199064573884766e-04
2.292394477504680009e-04
2.465506965356560869e-04
1.986518970995456834e-04
1.923893652666406684e-04
1.826104207271994325e-04
1.909084148547902189e-04
1.819146618717545948e-04
1.892396138966968052e-04
1.947568972336064799e-04
-2.561234202846401817e-06
3.086635943782060290e-06
1.868794928904831540e-06
-1.745196920237095621e-06
2.560236556838280247e-06
8.186351991248405649e-08
-4.456129757650770164e-06
3.440987179036691708e-06
2.449164378608010356e-06
-1.051576199300610696e-06
1.363497698807001390e-06
3.662189280792024438e-06
-4.559037251374457616e-06
-3.401226286460158693e-06
4.740733170306717438e-06
-5.350604755160564047e-06
1.033401702898232106e-05
-6.868527155322256125e-06
5.242889547599343053e-07
-6.388059818603895121e-06
3.645507611046404118e-06
9.426143169276267049e-06
9.891589303108658373e-07
1.721213473822428325e-06
-3.941341026098295020e-06
-8.443133271942493336e-06
1.721999158389728227e-06
-6.479310217541553117e-07
4.185782221277020856e-06
1.090533508783395340e-06
6.187584498504579797e-07
-4.437041912938601900e-06
2.740487134349503983e-06
-2.689466908217611302e-06
-2.653566702048440555e-06
-3.630995242099712660e-06
-1.236165065043739434e-06
3.348171937228574100e-06
4.822875136457566811e-06
2.026776815044580279e-06
-4.866356532025020487e-06
1.193824857057393016e-06
9.590957060521060614e-06
-3.562905053383322882e-06
-1.108143142762071091e-05
1.825509672080410944e-05
-1.213204140696029704e-06
-4.206196581420035006e-06
1.073692210605474713e-06
-9.802882829745298422e-07
-6.038674702234270061e-06
-3.020994389930705655e-06
2.604425328561636182e-06
-7.819790828933181542e-06
-2.174490225196821347e-06
-1.159294849825921194e-06
4.567504808902223465e-06
2.086312697021218640e-06
2.772692671722447883e-06
2.852245485235231340e-06
-6.982485203831052256e-06
-1.849253796387366879e-07
7.314068464627249437e-07
2.237354128566698922e-06
3.799093615075346120e-06
4.372763655992686680e-07
1.931418608932505347e-06
-8.593824598823502072e-08
-6.756893024239974335e-06
3.484097611810896973e-06
2.444331703623528860e-06
-2.314704544294956368e-06
-1.921252673543851781e-06
4.188875473442629033e-06
-3.161413281042776991e-06
-6.898657938697855840e-07
1.489879490256271777e-06
0.000000000000000000e+00
-3.252569490713867580e-06
-2.272114143829544234e-08
0.000000000000000000e+00
8.903931898804417747e-07
1.353718031240735795e-06
0.000000000000000000e+00
-3.425979238914813548e-06
