8.659291209186668059e-01
7.063557509207104568e-01
1.057145772743507184e+00
1.143738126357274343e+00
1.084439230048448000e+00
1.065694199166718148e+00
2.003636891676790766e-01
8.412425182915171940e-01
7.630416869130911550e-01
1.071621729971645731e+00
1.116147219138135860e+00
1.082176330918707574e+00
1.065549712051311548e+00
1.311719691025559631e-01
8.912830796482051898e-01
1.122004667601373740e+00
7.253712306236081986e-01
1.379924699781592601e+00
8.463874652715877023e-01
1.181553737176390673e+00
6.994987532714380674e-01
1.432041990501550011e+00
9.346855947995051928e-01
1.090369847040935980e+00
7.383131858125775437e-01
1.368594763330012398e+00
8.064997442835313279e-01
1.259094363487155421e+00
7.441510807541716899e-01
1.367169621592161377e+00
1.190136626426403055e+00
1.253103643242859722e+00
8.317742349721284345e-01
1.535060217262413929e+00
8.772611022746997778e-01
1.475175602855462120e+00
8.591896409316199801e-01
1.539978845779745864e+00
3.376427168268859974e-09
1.451476351261381376e-10
-5.274594872669489232e-07
-5.645183319027791911e-05
4.612228018831912024e-01
1.826177207130858806e-04
1.776079693663228706e-04
1.708870327164987188e-04
1.913488827341406511e-04
1.605932238534954720e-04
2.056438624556368379e-04
2.110427433754369342e-04
1.835975039965695736e-04
1.740550676181483306e-04
1.761470408252662151e-04
1.804076562796466166e-04
1.733561411811728706e-04
1.794622831416802650e-04
1.806316277026312998e-04
1.757055395438564369e-04
1.618401010723983168e-04
2.055006359406656409e-04
1.284319938645242390e-04
3.967127152149528199e-04
4.559519834588661143e-04
4.490901665928200221e-04
2.436116688210139482e-04
1.750607560203308599e-04
1.857372525789876736e-04
1.830947969004282337e-04
1.851638820578471343e-04
1.776501629542800694e-04
1.816454231987074956e-04
1.769659614264351656e-04
-6.908243948373737148e-06
1.914307370765848951e-06
-1.449025359074549486e-06
1.564927053478662158e-06
1.450239586236447476e-06
-1.190520174350092897e-06
1.722333955954924925e-07
7.702176401554288170e-06
2.124891990932635510e-06
3.907811849191827745e-06
4.618332527807544527e-06
7.040866460057062590e-06
8.363663393220983682e-05
9.762226232072648249e-05
3.513627901792063565e-05
-1.697728249131719031e-05
1.356547967667112150e-05
6.353293631072149729e-07
-2.043798749674322333e-06
-1.106333997130901611e-06
4.821601615137696387e-06
5.479860990399321811e-06
9.002861069709081711e-06
-4.465910140473370110e-06
1.178370120073802664e-07
2.238794561808541785e-06
-2.045298558285881654e-07
1.178507633515438897e-06
-4.961682085764707688e-06
1.668476886982248842e-06
-2.144952444715693366e-06
1.872779887807958979e-06
-5.915553359401995335e-07
4.257153465985796370e-07
1.407804507118179344e-06
2.959096703420569830e-06
-2.239866695177274183e-06
7.692572627921388638e-06
6.188456231583637320e-07
5.067110345647304664e-05
1.085672711863947437e-04
-5.050676383261658992e-05
1.213499539315389274e-05
-2.121701447734323067e-05
-1.361578482266252412e-05
2.342512595641490735e-06
-5.521797362244112115e-06
3.026847850928001791e-06
-5.519424065904616354e-06
-2.255290628389058454e-06
-3.331324606145925440e-06
-8.087247718717783270e-07
1.563778034439615590e-05
3.320693083970171029e-06
2.917726955088523076e-06
-3.351625405341947158e-08
-1.156360961572490516e-06
1.753599140247726098e-06
2.293157808802820121e-06
-8.077356217167878168e-07
2.451600487030548802e-06
-4.321668666725590873e-07
-4.875145979305448711e-06
4.094321362914019815e-06
-1.267366905511070929e-06
4.094551279572759147e-06
-5.541860649375897254e-06
2.953280740878308974e-06
1.375755932908719649e-06
-5.293261713645601020e-06
1.042703017771507025e-05
-5.575801640052348396e-06
1.516771326982397482e-06
2.495568057798054900e-06
2.009713998122201614e-06
-2.973403479861352678e-07
4.717783851601877826e-06
0.000000000000000000e+00
5.015235877654083376e-06
-6.282827684265472045e-07
0.000000000000000000e+00
-4.452210441210605835e-06
1.563334023717642092e-06
0.000000000000000000e+00
8.595976084577193249e-06
