1.013485190337747532e+00
9.435675990559051485e-01
1.079872363952076864e+00
4.731941343311831805e-01
1.065980962743652949e+00
1.094374118880080404e+00
8.536117809432630654e-01
9.788465234469930776e-01
9.642172987575141629e-01
1.103128177905565277e+00
1.186316577236843361e+00
1.102219609411334122e+00
1.104309205769329338e+00
1.095819719964765682e+00
9.393478635282641598e-01
1.081174437767837171e+00
8.394588887369535124e-01
1.191562859191966917e+00
9.364127766732911473e-01
1.087405354688797177e+00
8.429313698255175291e-01
1.191150628508344855e+00
9.895843181407131262e-01
1.034890234422412458e+00
9.341739388160171798e-01
1.191562512435947241e+00
9.579192490958605699e-01
1.128829063693684187e+00
9.584060383738983724e-01
1.191150396872271866e+00
1.248501568874056833e+00
1.164465967200794205e+00
1.286399539749559562e+00
1.196521566147860094e+00
1.218273885276494273e+00
1.335184160962663569e+00
1.406684858373354219e+00
1.226156318367221276e+00
2.296206542648645729e-09
1.294449432406494177e-10
3.370157474405766838e-07
-2.555388259873821887e-05
6.910464279590633474e-01
1.952083298972922556e-04
1.955742806632563158e-04
2.024310237264582036e-04
1.956318342664474129e-04
2.039916687381871329e-04
1.957981114166861642e-04
2.009850879313032851e-04
2.069387886295778094e-04
1.838955207600084124e-04
1.944454226588234803e-04
1.912752965727237910e-04
1.973117264599162386e-04
1.932694845338702025e-04
1.971760111786870966e-04
1.933544067362818271e-04
2.032197049991795118e-04
2.026428524736307506e-04
2.020115417069061261e-04
2.070937524888905794e-04
2.119331228561448319e-04
2.046921383419328237e-04
2.001257937641836128e-04
1.907104287025960414e-04
1.963561544976929747e-04
1.866324144910131246e-04
1.930067812159916784e-04
1.989762782613412561e-04
2.037698273735085656e-04
2.039811020796057791e-04
2.348563129644843459e-06
5.750332856600677218e-08
-2.655696248544009437e-07
6.788217714649159022e-07
-4.001073367260012180e-06
-2.089597116738408163e-06
-2.453697454439639942e-06
5.688380541044690375e-06
7.630583082617100014e-07
-6.942934470426473832e-07
4.691006850572665560e-07
-5.157142060357252064e-06
-2.521530480735240316e-07
-2.644799510121268213e-06
3.414398822342070064e-06
-9.332026185812820635e-06
2.733234411040798120e-06
-3.035451634448302019e-06
-2.331686425423153353e-06
-3.630465806728290002e-06
-6.996492013580358588e-06
-2.345228511848609900e-06
5.346274979582954264e-06
8.733032630227884963e-06
4.523660308225847785e-06
-3.038531951586328245e-06
2.607103460088722939e-07
-3.740816248000034203e-06
5.108218110199498610e-06
4.938259262472612660e-06
1.723313847349613719e-06
2.318518098240068745e-06
-3.288610745908446291e-06
3.048636432149879874e-06
2.252173499669125446e-06
4.791975465814622363e-06
2.807388350159931564e-06
2.208640294730784628e-06
-3.862445565673389154e-06
1.181141980064502654e-06
1.176379475170042768e-06
-3.426188118474500027e-06
-3.951038434323729459e-06
-1.561049206754281513e-06
-2.043639706767185739e-06
-6.597015672454623969e-07
-6.052643245797833395e-06
7.854178515486056520e-07
6.342819442214251560e-06
-1.625025954975197530e-06
5.735743507570835776e-07
-2.565989498939783368e-06
-5.412307460293343816e-06
1.408665168763953860e-06
-1.223421075201477283e-08
-2.528397512050817407e-06
3.703108596490250401e-06
1.084670813660795676e-06
3.835447603866399234e-06
2.940101378586677617e-06
-6.767852098304631287e-07
3.701812909838395749e-06
-2.396225050217219959e-06
-2.012365762615204786e-06
2.429956361493025708e-06
-1.010819264544276715e-07
-1.846462654883047806e-06
6.744779812904147984e-07
-2.742758815429209402e-06
-9.800030193631200402e-09
-8.018719253666956122e-07
2.579915193638632788e-07
1.491736062002345220e-07
1.702285509757872611e-06
5.268811989235458256e-07
2.590722241917054756e-06
-9.283281808050139893e-09
0.000000000000000000e+00
-3.778078467191097314e-08
-3.777780767418947015e-06
0.000000000000000000e+00
-8.617791122952713520e-06
1.852152467684090358e-06
0.000000000000000000e+00
4.180186724478054311e-06
