9.365847352351355237e-01
1.054168590153099494e+00
9.321012454801125280e-01
7.719692338112180696e-01
9.801523133648842867e-01
9.231738929126240834e-01
6.606631567863703314e-01
9.391151745319132882e-01
1.054885808373572154e+00
9.345397906495306328e-01
1.537017477090402373e+00
9.771715837637635627e-01
9.419441037974627395e-01
9.541613966543311953e-01
1.077899159480657509e+00
9.304370909097303688e-01
1.133015656434970708e+00
8.827277098193471172e-01
1.038013274121416085e+00
9.633825025963065336e-01
1.106378115693587016e+00
9.040518159692683131e-01
1.059583382070592217e+00
9.527712768498497464e-01
1.100513814740164520e+00
9.606931341736907326e-01
1.038865231703876457e+00
9.652057964153729630e-01
1.103432122933556192e+00
9.565386300498573968e-01
1.328862790770431346e+00
1.086382480620709856e+00
1.338854619284266301e+00
1.123746708084927937e+00
1.080999490342072544e+00
1.042647376498604395e+00
1.388289543464997333e+00
1.108505495866211721e+00
1.908887661782280085e-09
1.044619204151024478e-10
8.932943523330864269e-08
4.237471989752148246e-05
3.973528029649983084e-01
1.775182983495715463e-04
1.736309086916309769e-04
1.754551854918578557e-04
1.695067387588379440e-04
1.626823337988431519e-04
1.743281983441336133e-04
1.834908021002856250e-04
1.795773068704159515e-04
1.789767126629827876e-04
1.760070580704689493e-04
1.785307754992675720e-04
1.734316134689343027e-04
1.784337708075994745e-04
1.767928222677954625e-04
1.662545451827987649e-04
1.867621125255968168e-04
1.523457901873134963e-04
2.965450457413232191e-04
2.423402695718693441e-04
1.775766460783318747e-04
1.773605916541663567e-04
1.779040168969994479e-04
1.734512932618686228e-04
1.747389648821487547e-04
1.737654958786571881e-04
1.709876680171532526e-04
1.693578133751592971e-04
1.695260374534686876e-04
1.720921016142569308e-04
1.510715746099270082e-06
-6.164479577313771439e-06
-2.502117011535657837e-06
8.142732947687957791e-07
-1.353780559608012908e-06
-5.344083775589669096e-06
-1.162758554179823096e-07
6.831744899000258012e-06
3.780298768587634845e-06
5.463258488973801632e-06
1.355568150922319850e-05
3.734787012469685649e-05
-3.487998803623080293e-06
-1.528892598995119725e-05
4.983073184088940909e-06
-9.205474238593988773e-07
-2.208838040028046805e-06
-3.102471594261971646e-06
-6.837492727936721616e-06
-1.605173170959831244e-06
-2.509204661034157361e-06
3.642774343691101255e-06
5.561921473207151569e-06
1.585291614663619776e-06
-3.532317371061988896e-06
-5.714487503456978690e-06
-2.649604659258695795e-06
-3.756373763364842876e-06
2.872081778962424422e-06
-1.817275164560732699e-06
6.532744064908974676e-06
-1.851742380016762558e-07
1.096113259671941181e-06
-1.407528924431854209e-08
1.298560149210482089e-06
-9.641335102640987082e-06
3.242943384228703283e-06
1.397556898280910789e-05
3.059871272830438405e-06
1.794551214176199450e-05
-2.863712112742000117e-05
8.837512394414582338e-06
-1.199178252896257612e-06
4.972992675919906023e-06
-5.832670242958855611e-07
1.345630205087576075e-06
2.731879171855758643e-06
-2.940953154673593621e-06
4.448210059284166208e-06
-1.717490244492602434e-06
-5.137502195274984972e-06
3.242772065761884423e-06
-1.050526920632154422e-06
-6.696695082105538114e-07
3.346264876648001070e-06
1.054798999812155006e-06
2.653504848768976209e-07
-2.324924882925805123e-06
2.762666944680272681e-06
-8.484495046726253740e-07
3.227761608637409130e-06
-2.563713876208328233e-06
7.675174102524870830e-06
-1.227948299521106638e-06
3.776668962076970356e-06
-3.769021500637117111e-07
-1.409742757733894139e-06
-7.944162158600036127e-08
-9.553316859525164595e-06
3.148954271426322242e-07
6.281776744748236785e-06
3.963376077231914625e-06
-2.063056093409233024e-06
-7.803622709335752663e-07
1.095384441452728226e-06
-1.872716278338992804e-06
5.677284787350352123e-06
0.000000000000000000e+00
7.790977750366429204e-07
6.442414890883801747e-06
0.000000000000000000e+00
1.525859381499552091e-06
7.705533073264330577e-07
0.000000000000000000e+00
-3.397100314835242804e-06
