7.522919364597924208e-01
1.054069339173890452e+00
3.846153846153845812e-01
3.969501804764047348e-01
3.088506060667058906e-01
3.409684243005089987e-01
-1.814397826220295606e-01
7.578182257352705786e-01
1.026545347715889678e+00
5.369178956627276289e-01
8.233792115812192947e-01
8.675778938395080075e-01
5.538439646368172875e-01
-8.844374063360800620e-02
1.397107185789511430e+00
7.209141939847361069e-01
2.473468710254013381e+00
4.095928502758832690e-01
1.919879215101288228e+00
5.210512008246410698e-01
2.858671764892458445e+00
3.545901222454130308e-01
1.372613022082905143e+00
7.620802735860668919e-01
2.275667627811599480e+00
5.844327517897396351e-01
1.728069360999089366e+00
7.602181967965022658e-01
2.648738904621014800e+00
5.969711241199358032e-01
1.754440743621947574e+00
1.081978954936209547e+00
3.608057886669309600e+00
1.253895635172075806e+00
2.408769306718651304e+00
1.730467435988867431e+00
4.477283522440067109e+00
1.439835054276301651e+00
2.858689604958004431e-09
1.477528264954611245e-10
5.736973280326164369e-09
-4.962179738050248541e-05
1.515778088815370739e-01
1.468054333407758211e-04
1.544478160133673581e-04
1.395761636408046082e-04
1.636861209530475361e-04
1.026910967990407169e-04
2.148982192923605170e-04
3.644810892023724264e-04
3.191770429946171137e-04
2.262652339086935376e-04
2.099574957839100292e-04
1.536107607554103424e-04
3.019146704259386381e-04
4.055373241401313790e-04
2.965998872670475234e-04
2.021255158311781124e-04
1.969478109332449219e-04
1.914442991460193490e-04
1.928820833172404910e-04
1.863605197934095387e-04
1.950149389775086210e-04
1.926135313235494010e-04
2.016820823443974254e-04
2.355990579713234528e-04
2.174863674853641580e-04
1.918843009987644818e-04
1.925171873629214967e-04
1.807568615223989006e-04
1.959101667461035103e-04
1.633039402793382553e-04
-3.341604465810041227e-05
3.345936582146377149e-05
-1.415379127322995072e-05
4.085417564496155970e-06
-9.679767813337748540e-07
-9.876245893330527419e-07
-5.308096644891430508e-05
1.963655149346701614e-05
-2.092284731187971742e-05
1.203869184897802882e-05
-9.381064758778863858e-07
4.974680211533571774e-06
1.746284497461201921e-06
-6.040575349732890036e-07
6.181891325886017458e-06
3.606109330741839761e-06
4.219757832010761718e-06
6.219929215321481339e-06
-5.399922340330357144e-06
8.661389206736993000e-06
-2.380274806720933229e-06
1.287298082141299127e-05
2.070409333659689149e-05
-2.389001873014397521e-05
9.578198834441147304e-06
5.626328617619537443e-06
-8.768370957861365781e-06
-1.954734216785214499e-05
1.271851168925873957e-05
2.672329378600998538e-06
-6.246172628852634201e-06
-1.140593946796734217e-06
1.145427333593050562e-06
-1.037458749838762294e-06
2.167445815659310602e-06
-4.975552377197075339e-07
-2.524066317320235844e-06
5.751798796149762315e-08
5.609453285952889287e-06
2.036181743133832935e-06
2.345886834215937657e-06
-7.950295869183281072e-07
-1.833906687723524891e-06
-2.032851912474414362e-06
-3.339181289675832062e-07
-4.759504510768639701e-07
3.938681643986621951e-06
-2.903694950355587329e-06
5.202714978416553106e-06
2.708383644028173739e-06
1.764055305903568741e-06
-3.712224462708176947e-06
2.566917965884693334e-05
-1.284851927719354050e-05
-1.023029694244099356e-06
1.653411390738109745e-05
9.423158306334244704e-07
3.660580621890121992e-06
-4.296207011717880505e-06
-5.341945265806336220e-06
3.994860482067736458e-06
1.926622595338013811e-06
4.330436072474694902e-07
1.495972711620270324e-06
2.281322262012441798e-06
-1.700207262700949539e-07
-2.251172450803406887e-06
-2.722423720174810491e-07
2.383809586351354974e-06
-9.815150976456206546e-07
4.292693216215264483e-06
3.945375345711572246e-06
-1.058909069387866030e-06
3.259674044839681307e-06
1.354026865594802012e-07
7.387343768208679838e-07
1.571427012269437673e-05
0.000000000000000000e+00
-6.208328042353380661e-06
1.663363927563153054e-05
0.000000000000000000e+00
1.222115908332154885e-06
1.286603568482744996e-05
0.000000000000000000e+00
2.661179072097140630e-06
