7.088445228837001455e-01
8.054648282244312174e-01
6.657669519420671422e-01
6.425877064043669096e-01
7.535978804383673957e-01
7.050928774664616538e-01
3.489814476769067531e-01
7.171351770001272996e-01
6.817921992115322238e-01
9.153126400853675015e-01
7.645284734683688299e-01
9.630887301832218306e-01
9.558673927027176997e-01
6.538246802476292974e-01
1.111925778557573352e+00
9.009512343393325517e-01
1.133358774210993847e+00
8.830989580641042114e-01
1.053066597563012241e+00
9.502513179001821353e-01
1.240149101279673705e+00
8.090865913866508441e-01
9.268971131859405910e-01
1.389156718488083425e+04
1.101656123979059654e+00
2.399491486288651140e+04
9.527734446316682426e-01
1.264841691957774295e+00
1.264333493960800414e+00
2.429237465519129910e+04
1.466047492747850178e+00
6.187102062932832632e+04
2.527763631068803196e+00
1.152668152656509483e+05
1.757914128493272887e+00
2.120235843562197964e+00
3.309835498057577929e+00
1.148933651390406012e+05
1.782884497359747987e-09
9.604541866865354051e-11
-1.925104697592754919e-07
3.416581173703903173e-05
3.216217075963863081e-01
1.578456892855126638e-04
1.616441633784093115e-04
1.620553661567248737e-04
1.718165653132564213e-04
1.393393357355076885e-04
1.805930173401614218e-04
1.953297487529469050e-04
2.000161725037550588e-04
1.834449573562747142e-04
1.805779446652182991e-04
1.903985404536833142e-04
1.895038997167069984e-04
1.643151806687073182e-04
1.633975728664778548e-04
1.752919021905714628e-04
1.637075808097245575e-04
1.559468250350053891e-04
1.676331118018890756e-04
1.256055990123744123e-04
2.151355489526528991e-04
2.630939400273617744e-04
2.116900774154562893e-04
1.952940467424402584e-04
1.762912061276698881e-04
1.589896814811904945e-04
1.519830612552883426e-04
1.599399206097836651e-04
1.525343143098148154e-04
1.536184221577394625e-04
-1.363848648315290569e-05
1.114720377575443235e-05
-3.531766443407067240e-06
4.728753905302475802e-06
-5.758630604501674179e-07
8.048974691407030803e-06
-1.936961706972543797e-06
-1.063051178700389063e-06
3.301405832671419554e-06
8.745847191119342662e-06
-3.867414321904399932e-09
-3.897156845630056757e-06
2.697136456194470379e-06
8.618914540309528273e-06
-3.716955604388335007e-06
-1.447291476153764530e-06
-5.036565243649016553e-06
1.439747019850512927e-06
-7.133521933311339896e-06
3.350026201121463649e-08
1.152530591579910610e-06
4.010715390005775616e-06
1.438893430502743691e-05
-7.767832350098555899e-06
3.859050721167294405e-06
9.068840836726819283e-07
1.893770967595642684e-06
-3.007220457320648314e-06
3.429547330330758641e-06
4.474271334191621799e-06
8.940160601414115772e-07
3.188284084955638986e-06
-6.200733157588446158e-07
1.538469890992854761e-06
6.084975983550414282e-07
-8.463447517746832800e-07
2.565283561145974911e-06
3.391502195803490871e-06
2.718645720270898442e-06
-3.994513356497562609e-06
4.350559851400432765e-06
2.658908207758960458e-06
-8.027559448949088858e-06
-1.990396643834650630e-07
-2.781486263177973273e-06
3.692669236163850926e-06
-2.797639258896326464e-06
-1.004026240957797054e-06
-2.401274565813334745e-06
-4.120530824465693404e-06
5.681201136017792578e-06
2.867261609339393000e-06
1.782581868056883564e-05
-1.102670427200640109e-06
3.866225257689123101e-06
1.234862714416729072e-06
-3.145736177955003872e-06
1.076473740783244396e-06
-2.221954348440654555e-06
-2.294181935482662453e-06
3.357831544133572365e-06
4.028425106260860376e-06
5.092153745292817761e-07
-2.590489263534059916e-06
-6.063205557611538059e-07
-9.729510293924318079e-07
-3.701383285573961462e-06
-2.215842869472508435e-06
2.506513279160323060e-06
-3.949224837585949248e-07
-2.872752654797614118e-07
8.981845638174704657e-06
-1.950682054685814765e-06
-5.139062405147091034e-06
5.222500222580130891e-06
-2.540470815773395902e-06
1.104231004758168278e-05
0.000000000000000000e+00
-4.300996042951992004e-06
5.980260960569365374e-06
0.000000000000000000e+00
-1.928639095215712706e-06
7.155144257237228765e-06
0.000000000000000000e+00
1.412800225192548503e-06
