9.765577324423562189e-01
9.374522101099027616e-01
7.158412363891816232e-01
2.670842269748575082e-01
6.412149459592060285e-01
7.153696419634962833e-01
4.575826084966836405e-01
9.207339290556058042e-01
9.507109988012367729e-01
8.811205746677144290e-01
4.322012762787383888e-01
8.288122840790927981e-01
7.767077281302157132e-01
3.257156681560068323e-01
9.325885825478628099e-01
1.072465312720649599e+00
1.410000516803557424e+00
7.635824173409192506e-01
9.516513315209274015e-01
1.054376033684429448e+00
1.383210855036352660e+00
7.685039945146634466e-01
1.059769374953938303e+00
1.082184826381799247e+00
1.469408719320196344e+00
8.488903150983809764e-01
1.115774478607678200e+00
1.006111000064520589e+00
1.433659033170712416e+00
7.415920450294464228e-01
1.270494019894686577e+00
1.166339140034438726e+00
1.813183028599982372e+00
1.198282341450080946e+00
1.608503366142074453e+00
1.570340573624114056e+00
1.812909932313060413e+00
1.064004805033439638e+00
1.272811071610461387e-09
4.970537962539969603e-11
6.241469722085000333e-07
3.465898475529348292e-05
2.398129588947689461e-01
-4.085153818460363018e-08
1.474922096470637718e-06
-5.527885060493789354e-06
1.454296216583282758e-05
-3.246751699511545941e-05
7.158447947538827802e-05
1.627469718613429653e-04
1.689968920393969452e-04
1.884161825212805398e-04
1.637193291665431935e-04
1.759147380546868073e-04
1.719265319522323787e-04
1.651415645703624619e-04
1.749096397991573948e-04
1.861060300992954891e-04
1.534894996175879497e-04
1.231256867270015694e-04
1.287129295862524396e-04
1.162333166067232705e-04
1.187029823574220955e-04
1.160982151397698623e-04
1.168814007856806657e-04
1.246919410405050580e-04
1.209227570423114398e-04
1.111734623075579594e-04
1.171422571496708850e-04
1.288242560319881303e-04
1.238908095449273584e-04
1.973234349764922246e-05
-2.293122194681233649e-05
7.201368890024588315e-06
-8.796291134545445369e-06
-2.388585447818443604e-09
-1.541750333403399800e-06
8.690617359298718911e-08
-1.623629135085178824e-06
-6.169410152070991679e-06
3.375451175452823537e-06
-1.301011532689358256e-05
6.518428022557849899e-07
5.431305285293580346e-06
-4.154346361324762717e-06
3.496674084982523836e-06
-4.052893929250704900e-06
5.294625859463816591e-06
-4.061802865199572429e-07
-4.215854557965367640e-06
-1.302073287298272883e-06
-1.668240741549641376e-07
5.150084936869196863e-06
8.153401227153445150e-06
2.973956169737490622e-05
-1.419120911375779050e-05
8.385615275052183426e-06
1.652986033262681159e-06
-6.386190846607014287e-06
-1.648847523822679598e-06
9.877801728196550630e-06
1.028286814675278329e-05
5.177862850415232207e-06
8.792839100011553394e-06
6.111640030606343250e-06
-1.048478958430541921e-05
2.266697736505361966e-06
3.726670980723290340e-06
1.472859414214788987e-06
-4.008739046391622105e-06
2.853395718592568155e-07
2.403368147230773606e-06
2.926495552152328094e-07
3.326821754364214311e-07
-2.188281639991326566e-06
-5.677324108469112725e-06
-2.678886347321519531e-07
8.362947703672072302e-07
1.989737100875217218e-06
-3.658338745789201377e-06
2.956799811129583398e-06
-5.242418427935649554e-06
-9.238428829546318253e-07
-5.096048019164294126e-07
2.287625357759767014e-05
-1.028152817588963021e-05
-4.031473875327850516e-07
-2.867221892870379772e-06
1.988494505076848305e-06
3.853227072114793889e-06
9.300076517334500463e-06
-2.748530257580513171e-06
1.311541697636779483e-06
5.161443946063808052e-06
-1.088017763947022729e-05
9.708082890448486836e-07
1.127704971359593512e-05
-5.836322526537216145e-07
-2.303439735430507543e-06
-4.196212251118734562e-07
-2.414520967145152501e-06
-3.851577759681592589e-07
3.839040651572027796e-06
2.148966775440824698e-07
2.637919202316721888e-06
2.327744561757080522e-06
-1.558082529502163061e-06
-8.887744532374478366e-07
1.623920446255299962e-05
0.000000000000000000e+00
-1.579270167058453906e-06
1.228706633530971508e-05
0.000000000000000000e+00
-2.966191059505108130e-06
7.744499994719439195e-06
0.000000000000000000e+00
5.693749398439696974e-07
