9.673585611909276682e-01
9.821220754350581394e-01
9.571240353849049809e-01
1.563624458753530400e+00
9.694425308109573258e-01
9.655369355746501459e-01
-2.535476953513808307e-01
9.568788113929822536e-01
9.833401952185557571e-01
1.062742411417209709e+00
2.464384684790799085e+00
1.088512495281398040e+00
1.083522950079455205e+00
-9.034774825573824719e-01
9.951443171387782671e-01
1.004986721566041741e+00
9.676370405668290875e-01
1.034653141319731962e+00
1.011602564780504920e+00
9.888575830689423363e-01
9.900780777333315630e-01
1.010974886984511212e+00
1.002308244644963597e+00
1.021004044216470064e+00
9.454190801501413111e-01
1.114991872820405350e+00
9.785211909503692684e-01
1.073585830737972424e+00
9.438190775643227060e-01
1.089808711115497486e+00
1.280383007986999999e+00
1.249349828585187616e+00
1.120722720289403007e+00
1.394736103970199537e+00
1.096210292121759577e+00
1.524517274230532848e+00
1.143424968870622394e+00
1.458272727886775755e+00
2.362609276885547607e-09
1.245773059436820608e-10
-3.805117655630999536e-08
4.585565989803951960e-05
5.025130423718030537e-01
1.791849153230503570e-04
1.769508635652995558e-04
1.871414707222062660e-04
1.872471408551894690e-04
1.808934775240474352e-04
1.931802494699208397e-04
2.023943969018337737e-04
1.928133401663956875e-04
1.897152896403735568e-04
1.898858737937174921e-04
1.940629788846137747e-04
1.858318444341620164e-04
1.826525530531020387e-04
1.918751512683136186e-04
1.935913074048001932e-04
1.867539252278430225e-04
1.915698470411716817e-04
1.842922806558453962e-04
1.977798551800788289e-04
1.762885813816473905e-04
2.954834349778278214e-04
3.099669928882407615e-04
2.205917946056132307e-04
1.875644104621900161e-04
1.947302336174259151e-04
1.858886736785795484e-04
1.846081618561765244e-04
1.811608165710525630e-04
1.834411953195928639e-04
-2.813763442214523174e-06
-1.995512139816277482e-06
-5.464667198827540367e-06
2.664941685179828917e-06
-9.779597746741947934e-07
2.383148776118446555e-06
-6.328034768675345177e-08
-2.738360081394353388e-06
1.559118242610480921e-06
3.451412262425565777e-06
-2.152629618900206940e-07
-1.318245193321639449e-06
2.222201904357636162e-06
3.180060286401996319e-06
-2.076583965478575556e-05
-4.950263937805354146e-05
9.160224049594759723e-06
-2.108358804864096496e-06
9.878635168916051994e-06
-6.720106283376361584e-06
-6.581482327747185928e-06
-1.456936682224533455e-07
4.323841462595107409e-06
-4.437783813037519045e-06
5.074826340021670847e-06
-1.835362567817825437e-06
2.370996366255480796e-06
-1.611343028115352706e-06
-2.607581754828422697e-06
-1.427991794738251484e-06
-6.785457854634485578e-06
-6.342580872969793982e-08
-1.756903447541432538e-06
3.133339092819198664e-06
-5.216467108990973553e-07
3.437090970841641318e-06
7.038000353244219193e-06
-6.664439128999518087e-06
-2.968513221929374749e-06
1.660340734752540247e-06
-6.972977702739508245e-07
1.752422849004805353e-06
6.921434367699479138e-06
1.238977484429007677e-05
4.258106083241040255e-06
-2.913083489985988700e-05
8.618195546373259112e-06
5.668123363950894577e-06
-1.387282383716011966e-06
5.335531495360595051e-06
4.320303644306802153e-06
-1.030198154967820032e-06
2.703588124261138195e-07
3.151133440991322428e-06
-2.796900240748910832e-06
1.589070051101158022e-06
-5.765759399692724427e-06
-8.785895950685839346e-07
-3.330103252274514946e-06
6.867018518354063274e-06
-1.414280729630230662e-06
-1.823663739515697875e-06
4.729450319405682917e-07
2.065314679913698188e-06
-4.801712491672259356e-06
-9.695579127734647516e-07
-3.195882014372609742e-06
2.527966832395584021e-06
4.272647404826950623e-06
-4.427232598054945783e-06
3.818777494632311434e-06
-5.924593513229585388e-06
4.509564816604680141e-06
3.339509353154455088e-06
7.267503242397556596e-06
5.294559189328691314e-06
-4.878244603474233902e-07
0.000000000000000000e+00
6.207337241904752465e-07
1.290892292449742933e-06
0.000000000000000000e+00
-4.786093248058639959e-06
7.230494645221132996e-07
0.000000000000000000e+00
-1.067104762919942402e-06
