6.524137491100479025e-01
1.091977747892705519e+00
6.103628200461109765e-01
9.373319123106143014e-01
6.842971750185091739e-01
5.291449400926024893e-01
1.839260766849434070e+00
6.524137730695873660e-01
1.091977087663738688e+00
6.103628200461110875e-01
9.373319825914858683e-01
6.842971299403538543e-01
5.291449430134538279e-01
1.839261294681617809e+00
1.549625877856571909e+00
6.459087923897736117e-01
1.610752342573076090e+00
6.298683374638129884e-01
9.684361713613833800e-01
1.032660523816189446e+00
1.974041620826159082e+00
5.290136275876728966e-01
1.549623153896772854e+00
6.459098796219775451e-01
1.610751492772427351e+00
6.298686064133232065e-01
9.684362495023142170e-01
1.032660440146552450e+00
1.974040928184066068e+00
5.290137553205580545e-01
1.549628312841058175e+00
6.459146593646499790e-01
1.610761737251767300e+00
6.298724602473049217e-01
9.684366301678557498e-01
1.032660758448885385e+00
1.974053322660574317e+00
5.290168644909764017e-01
2.127812283359860554e-09
1.112116774437610487e-10
2.748600364970683537e-07
4.221293760126739966e-05
3.623870721465834999e-01
1.530937543315552605e-04
1.525667240238647092e-04
1.332902481035621559e-04
1.439244683644152578e-04
1.240016074756466568e-04
1.398224343452511217e-04
1.938433477228369817e-04
1.932414778508678992e-04
1.830285599932111548e-04
1.944590205553489162e-04
1.893177058670829816e-04
1.885061990155791772e-04
1.926391204355178241e-04
1.795250424663946990e-04
2.062175200509632790e-04
1.679810050987700829e-04
3.012330660896808004e-04
2.391760763904339244e-04
2.250739767702149004e-04
2.111441759666670694e-04
2.153317130141803879e-04
2.000400237432162578e-04
1.930666759623486065e-04
2.140331361381606697e-04
2.014323497063730771e-04
1.874857675587498877e-04
2.017142684517096469e-04
2.025741529105231807e-04
1.959308628672808573e-04
-2.760013420162813941e-05
-1.886981812841467923e-07
3.049990660674560967e-06
-3.433985182675091506e-06
-6.733297337312106604e-06
-6.849621130064416667e-06
8.628065435000468943e-06
-7.655585446464190104e-07
3.840032275361826167e-06
-2.858793410973482340e-06
1.639151147070448661e-05
-2.409014534456575715e-05
3.699973320156037375e-06
4.797066837050730572e-06
9.933661280205458864e-07
7.838472981894620666e-06
-6.754017712975028020e-06
1.871451797061700410e-05
4.420029707992689060e-06
-3.333887229101556402e-06
1.735713808965195343e-05
3.226845038580642216e-06
1.471939641960300093e-05
-2.768793107605966344e-05
1.244748014119003237e-05
5.762424880008615728e-06
3.693101947682359390e-07
1.018237686922399783e-05
-4.440388008562350672e-06
-3.693301380511921085e-06
6.473221699946660288e-06
-4.969957867044456955e-06
-3.982014141112826165e-06
8.405524278253994698e-07
-1.895516874323373876e-05
1.435060278300341938e-07
4.926144964531957223e-06
3.970622945503191203e-06
-7.917407318285822236e-06
2.660330152695868346e-06
-5.516599443940827907e-06
-8.242875393591591197e-07
2.783759702892971850e-06
6.794593304294703499e-07
-2.970242707337896239e-06
-2.844381110220012268e-06
1.165856408029729226e-05
-4.089125646869532277e-06
1.179827488344577970e-05
-2.077379946708518602e-06
4.491905337063419387e-06
-9.278843680299028940e-06
2.365867548638755100e-05
-2.248299586432966264e-05
9.549887789340299191e-06
-5.333510445127587234e-06
-1.599914769458034574e-06
6.289473485981285915e-06
-8.400771846627321749e-08
3.378163591909997002e-06
1.956538725663720621e-06
-6.320192707039098170e-06
2.134266593827976283e-06
-1.234285367664193759e-05
3.634890853927363312e-06
1.198500962261224895e-06
2.410210837610140161e-05
-2.338856429934900233e-05
9.395389423059795586e-06
6.287305471951804119e-06
2.844680724496259251e-06
2.390373147683518442e-06
2.321511479486037199e-06
6.565758434087246599e-07
4.522357577504069151e-06
9.722223600143877774e-06
3.192312885245539734e-05
0.000000000000000000e+00
-1.244269738519682212e-05
1.635756979825942059e-05
0.000000000000000000e+00
-7.833078236456505707e-06
1.202723156444994767e-05
0.000000000000000000e+00
9.710885289871758641e-06
