2.012259161301601296e+01
7.675248888284312852e+04
5.958983758209854820e-01
1.867650804448285373e+06
4.461718545726063301e-01
5.008200086277636576e-01
1.249651989533695596e+05
2.204458337368721388e+01
8.040906475003219384e+04
6.192202732459093362e-01
1.867650804448285373e+06
4.853484749157416234e-01
5.159807998940981744e-01
1.150077273415327800e+05
5.747470343931843672e+03
1.795469652087352489e-04
1.847743696082757087e+05
5.419736013933123735e-06
3.922659051213874903e+01
3.016696046079583859e-02
2.242740784141600598e+05
4.659936907299755854e-06
6.805550665878008658e+03
1.931952721934122419e-04
1.846372422828437993e+05
5.959375431829133010e-06
4.046890056475883313e+01
3.016696046079583859e-02
2.183614424398811534e+05
5.141991069378450683e-06
7.688079204818244762e+03
2.457625036928197219e-04
2.038031315167942957e+05
8.986866975300332938e-06
6.481669247242614063e+01
4.687125854321592955e-02
2.630244239616062841e+05
7.820769507614781777e-06
1.425018586628093185e-07
1.031273536104477886e-08
1.952007308754566539e-05
-3.774941836145320273e-04
1.756689708385959781e-03
9.621434079671137795e-05
8.847982625488062716e-05
7.850124220953526462e-05
8.569884315181149027e-05
4.183703244976334155e-05
1.000382058031257552e-04
1.544799869317730777e-04
1.286132279761901143e-04
1.237470218608077667e-04
1.362823894491154472e-04
1.227078687012838698e-04
1.109897282341021211e-04
1.115171924849280173e-04
9.500885427967439411e-05
9.487117098551697120e-05
8.694723802530186741e-05
3.476835814710460749e-05
3.787602867909143798e-05
3.340684207587701654e-05
3.271047444638058323e-05
3.136474143447174050e-05
0.000000000000000000e+00
0.000000000000000000e+00
0.000000000000000000e+00
0.000000000000000000e+00
0.000000000000000000e+00
0.000000000000000000e+00
0.000000000000000000e+00
0.000000000000000000e+00
3.205696453170269626e-07
4.373913940845481098e-06
-1.081589310632595548e-05
-7.285955338962814494e-07
-5.135975019373923277e-06
-9.586732702852522023e-06
-1.333007534377205157e-06
-9.885164910943475490e-07
-2.525154627457155784e-06
-5.712064358564557415e-07
2.521338785741892743e-06
1.177684842716540993e-06
2.020268128907934149e-07
-4.998685589078097519e-06
-5.008741317538972420e-07
4.946837161423371025e-06
-4.037236557139292467e-06
7.196803881695907300e-06
0.000000000000000000e+00
8.080839071476612471e-07
7.601212811323553048e-09
0.000000000000000000e+00
0.000000000000000000e+00
-9.354750210948727942e-06
8.056266661112667591e-06
-4.205357841402625532e-06
-7.318802894538136270e-08
2.205175755162333345e-06
-1.112140781871661627e-06
2.117167473939014681e-06
-9.094091588658135571e-06
3.064629727228683016e-06
-1.047674626013060410e-06
-7.469919607831520300e-06
2.751391332747360394e-06
-5.548428831059511027e-07
-3.153543895336200983e-06
-5.370181131586344273e-06
9.083441000579354233e-06
-6.369165609254033667e-06
-4.347893220098018850e-07
5.457053176017121287e-07
-7.514804049640566233e-08
-3.457513879116751194e-06
1.068861230846842595e-06
-2.821565446089242151e-06
1.528595046592574819e-06
0.000000000000000000e+00
-1.563418134138158552e-06
3.697251151017852585e-06
0.000000000000000000e+00
0.000000000000000000e+00
0.000000000000000000e+00
-2.947559823953018373e-06
-5.148647172881750864e-06
-3.288865642640918129e-06
4.527679353423794761e-07
2.555657046081202700e-06
9.752541691148270520e-07
-4.253152686557128186e-06
2.248287122787142013e-06
2.658426378180213465e-06
-2.542402552151368118e-06
-7.947569953141661704e-07
1.826773664100620098e-06
-1.285776171777409589e-07
1.596522230505542556e-06
6.278745548364521021e-07
3.257524542652727428e-06
2.023422232509731450e-06
2.720090727496772479e-06
-1.240189327587481231e-06
2.843761253810558161e-06
2.306865868498209695e-06
-2.048680394241401689e-07
0.000000000000000000e+00
0.000000000000000000e+00
0.000000000000000000e+00
-7.478277849256974178e-06
0.000000000000000000e+00
0.000000000000000000e+00
0.000000000000000000e+00
0.000000000000000000e+00
0.000000000000000000e+00
0.000000000000000000e+00
