8.465719137284499762e-01
1.012514221972985684e+00
1.058841853864525451e+00
7.701220407537209267e-01
1.105719513886732619e+00
1.110364059132558534e+00
3.505404037619417879e-01
9.533234662490452926e-01
9.829925194494013585e-01
1.166087339325390992e+00
1.547535637968361355e+00
1.240767948705403301e+00
1.189870706733912709e+00
2.232655376833008742e-01
1.258296654420387739e+00
8.106010658153144366e-01
9.532744036325779824e-01
1.049918742679504691e+00
8.063703630919274445e-01
1.244081585860218331e+00
9.061403662886331478e-01
1.104030473392911382e+00
1.197488497158968768e+00
9.345470482089983655e-01
1.006934321301044877e+00
1.186246064313347670e+00
9.515651457669280777e-01
1.542540630948879610e+00
1.029897072296941829e+00
1.198805083091587287e+00
1.510173213790376945e+00
1.571184180097624283e+00
2.107500382773726422e+00
1.648913350455500693e+00
2.844563068423304308e+00
1.967508717872270330e+00
2.349497132366448415e+00
1.718985777468584164e+00
1.624672441937545109e-09
1.024897518153372390e-10
-1.848318527072369119e-08
-3.568208686709110433e-05
4.364204995989640068e-01
1.702720346699209721e-04
1.691214719703820703e-04
1.722798449848765654e-04
1.741360078905951608e-04
1.639411036401486766e-04
1.546780189399595440e-04
1.778301402654084698e-04
1.849549397391468284e-04
1.804213291279973164e-04
1.746973416221813606e-04
1.775206019431266042e-04
1.743078281958960422e-04
1.795272692299355096e-04
1.725940843687500314e-04
1.768011817782497912e-04
1.766171050691592716e-04
1.793418039941451479e-04
1.675192796803392245e-04
1.734471936654234550e-04
1.735528785465393319e-04
1.745411680080879188e-04
1.899174589309041345e-04
1.923228324173236890e-04
1.847371627159703127e-04
1.755075900272334908e-04
1.652984446480102810e-04
1.686538052289947558e-04
1.771935262985819951e-04
1.797383772269006827e-04
-1.768608674924936275e-06
-4.036609426321959362e-07
7.004354076169332764e-07
-3.419684760298925804e-06
-2.343321849892718242e-11
-3.379916183089043039e-07
-6.373588847452838152e-07
-5.273531053850567845e-11
8.469308595599444905e-07
-2.875711076433736878e-07
8.951845791813375448e-09
1.806924582869599633e-06
4.474625380606334622e-06
-1.388255946750181694e-06
-9.806417480436978075e-07
1.991985036779239055e-06
6.695113231215674692e-11
1.287145876360409929e-07
-4.879328778864788470e-06
2.226666854125296121e-06
2.789119599174939149e-06
-1.127602401585861918e-06
-3.916661587768088325e-07
2.404017735067377916e-06
1.787479671446484009e-10
-3.539103174572925038e-06
1.431131960649151486e-06
1.499546893468863152e-11
2.077676015719468942e-07
-6.576075153118175066e-07
1.927512028187599776e-06
-3.261240436786851195e-06
-2.771298690384307069e-11
1.384264228732125589e-06
1.543065018298605206e-06
-2.635597848886704098e-07
2.961380142179439210e-12
-1.242834111536391187e-06
-5.444081252166682390e-07
-2.065513563086707393e-08
-3.696385320990088756e-06
4.572748699652652452e-07
-2.342285504193406780e-06
-1.619056769250454804e-06
1.396858501088892834e-11
-5.601140148551954608e-06
8.524138728023749461e-07
1.911570449914258033e-06
-4.414187707277649145e-07
9.302061345701405449e-07
-3.621374753776297614e-06
2.977831425055423124e-06
-6.946898682214329212e-07
-1.134734770292152293e-06
-1.994322992481452767e-06
-2.729258929731490720e-06
-1.630287356548068817e-07
3.501376138791012832e-06
-2.708788885669885459e-07
-1.352092227196286979e-06
1.002047278939573665e-05
-8.963085842804571705e-07
-1.663408765999883092e-11
-1.479030409838105939e-07
1.869061866285758186e-06
-2.757195349440995219e-07
1.666358721653540515e-13
2.718441314751066481e-06
3.603867502729230127e-06
-3.759240509073944663e-12
-1.188180847693835595e-06
-8.455848226370636446e-07
-3.170573352101484795e-07
1.734879391769609049e-06
-3.761317909353558698e-06
-3.376793645526166423e-07
6.751041975037232754e-07
0.000000000000000000e+00
-1.280235010166463559e-06
1.239108447567347288e-06
0.000000000000000000e+00
-1.669995624085805397e-06
-1.583292142611844266e-11
0.000000000000000000e+00
8.514599231038959638e-08
