1.012267898159444846e+00
9.044142053685835236e-01
9.451570923963562576e-01
1.474296476356196539e+00
9.391310505429549815e-01
9.408850304113209884e-01
7.604443398256640618e-01
3.557159877124011160e+01
1.676840825444139409e+04
9.751917487458702238e-01
8.721033783453115029e+04
9.521617770914536649e-01
9.609844564051763793e-01
1.107267886807380819e+02
9.261286980162801719e-01
1.080108410274068564e+00
9.676495138662670747e-01
1.033554327890684466e+00
1.048658086137603807e+00
9.536102577183809270e-01
9.931843927607064693e-01
1.006911031301883641e+00
8.675363823192662949e+01
9.155023171862930464e-01
1.796003021923617780e+04
8.849684146471177293e-01
2.885164986271060172e+01
8.182808732359205806e-01
1.772885687362246244e+04
8.786869644599069051e-01
5.509601606764340431e+02
1.255195485919389231e+00
1.072141173029647180e+05
1.219662777993451241e+00
1.956669777088289095e+02
1.001636014841206901e+00
1.095957477055830968e+05
1.228639467354443404e+00
4.668224340574748802e-09
1.527958008506723195e-10
4.652347085450889117e-07
6.830967425763777279e-05
4.986321414938287289e-01
1.928144439931846936e-04
1.844804333835573895e-04
1.812583619114262342e-04
1.846001722739168535e-04
1.725641195318354895e-04
1.866612784110316088e-04
1.837092607652899483e-04
1.800238841199796138e-04
1.796477604977677700e-04
1.829897463142336582e-04
1.771205714817688202e-04
1.842538061866939804e-04
1.820055723303509482e-04
1.806910230405807502e-04
1.768302270821252384e-04
1.808386950731182084e-04
1.885007466988523005e-04
1.737033805340005644e-04
2.286187000743123083e-04
8.788320828154926002e-05
5.933923920665665902e-04
4.275245788103045172e-04
2.402674604543399216e-04
2.169785652794630718e-04
1.917338416472703802e-04
1.830106760794735984e-04
1.818725477007525587e-04
1.780275583227609437e-04
1.796984693262474071e-04
1.696245277737942070e-06
2.286352304807210992e-06
1.863619017148286341e-06
-1.664469030705839970e-07
4.966159598251792580e-06
-2.093955938589069301e-07
1.635796539048177026e-06
1.526695265973975454e-07
5.069990758663128001e-07
-2.153719527846101657e-06
-7.153504672854674243e-06
4.335926891369068025e-06
-4.173493947036392879e-06
2.300387160480405450e-05
9.133153050566806467e-05
-4.064652875836436720e-05
-7.732405443916184440e-05
2.704116227956738209e-05
-3.375150010620484907e-07
3.246850666739542951e-06
-1.914425710881968953e-06
8.148938976807939580e-07
1.079976978866879097e-06
8.833910936996122707e-06
-3.986689940369650069e-07
2.189932492693068731e-06
-1.649349847527146412e-06
6.548756788456813590e-06
2.156100157152079714e-06
-3.476243949484406214e-06
1.280517214765655143e-06
-2.380833954730201125e-06
2.982924837391411439e-06
1.375958327092180650e-06
2.152188109848190709e-06
2.505845686144417983e-06
-3.512674527352130950e-06
-2.033270860803149273e-06
3.149201268085123214e-06
-5.150386446440348735e-08
4.961298824123933849e-06
-7.267203822101941426e-06
2.588925728151151385e-05
-2.987393750281552020e-06
-1.274323437541719601e-05
9.613784579235201309e-05
-7.101018980123417713e-05
4.702219705011500617e-05
-2.423165154770742764e-05
2.248042022210765178e-06
3.530689834815784313e-06
-8.443751823809531613e-07
6.043897378031392180e-06
5.313276148001813390e-07
5.619872335409227335e-06
2.214365872643037982e-06
-1.968688651736645825e-06
6.906362035853071539e-06
-5.474971881060942806e-07
3.979199266761222198e-06
2.643613299933715807e-06
2.081964787319665989e-06
1.203107699743515617e-08
-5.488548118601586839e-06
1.438176469051102061e-06
-5.013200435027988206e-06
2.906732809769605620e-06
-2.904609068115684764e-06
4.644148122515814268e-06
1.508636371292953921e-06
-4.012961089497615064e-06
-5.320428888181042803e-06
-1.303916924246423213e-05
1.562542302189755074e-06
-4.586251998983000553e-06
-3.749412805071926457e-06
-2.795505640587337605e-06
0.000000000000000000e+00
-1.098889825628457805e-06
-8.750455438780415753e-07
0.000000000000000000e+00
-3.179488884023148695e-06
1.504499510136009220e-06
0.000000000000000000e+00
1.529420376803656106e-06
