1.042821922820093228e+00
9.946105514706432560e-01
5.999999999999998668e-01
2.557753517639781649e+00
3.890232965142401689e-01
4.736377715878694605e-01
1.007216768123872508e-01
1.042821897922725061e+00
9.946122137078419190e-01
5.999999999999997558e-01
2.557750793081809082e+00
3.890232942481661738e-01
4.736377835273147263e-01
1.007238299658685526e-01
1.059955829126407734e+00
9.434355399735647740e-01
1.304333075381648888e+00
7.666753369015035791e-01
1.703392721120063680e+00
5.870636803839641704e-01
1.652316639971358470e+00
6.052108753303689914e-01
1.059953637928616965e+00
9.434374903136223400e-01
1.304331810948744508e+00
7.666760801379314261e-01
1.703392596254629021e+00
5.870637234180833275e-01
1.652315574870159454e+00
6.052112654664608682e-01
1.059957006993694106e+00
9.434453479572252332e-01
1.304339081447803306e+00
7.666832240307619450e-01
1.703393009287211601e+00
5.870638780655706990e-01
1.652324570574897677e+00
6.052168895728891052e-01
1.802482228911971261e-09
6.420760257178985446e-11
-2.856737098044430165e-07
3.911072211404203417e-05
2.967298638503626518e-01
-1.265518358329568124e-07
1.537858437531380007e-06
-5.905865328011810263e-06
1.482593097430877032e-05
-3.141910903872604486e-05
7.332961285350728380e-05
1.635867057961925294e-04
1.744624271932343571e-04
1.770968150490595072e-04
1.760819587113438434e-04
1.680095917901060112e-04
1.767544872886749009e-04
1.623785751698544216e-04
2.056006930979118374e-04
2.145979952525316388e-04
1.903821122124159078e-04
1.705817449320599921e-04
1.840609737861928995e-04
1.865223466468851881e-04
1.761553224968226189e-04
1.918707698089114040e-04
1.815019399200788167e-04
1.857940181582665336e-04
1.492941325883657261e-04
1.158375282906150798e-04
1.509416303931740530e-04
5.033867247408635627e-05
1.217977143471571423e-06
-3.516621338835786027e-08
-1.898658889151011466e-05
6.957066581309973042e-06
-3.139093788482440383e-06
6.768991189617365917e-06
-5.992507641233470116e-06
-4.698145814070188884e-06
-7.426388309185256696e-06
-2.015719922364352580e-06
-7.395702351808371752e-06
-2.729124763740468568e-06
-9.319121213081945393e-06
7.061289186442374816e-06
3.758928967916227772e-06
-7.050647736860875412e-06
-4.174583598074658991e-06
-1.683530198355885464e-06
-3.455247428578604038e-06
-6.121502450112462215e-06
-5.339381367347328328e-06
-7.562031991653390503e-06
-2.857993876412617674e-05
8.328007269568682395e-06
3.312171456699456124e-05
-1.128656268471481303e-05
8.328850513950790619e-06
6.846965974302364365e-07
6.219364000992587907e-06
5.257350729740423840e-06
9.957284922884679840e-06
1.831361516313436815e-06
2.024528431395579802e-06
5.756858764144234270e-06
6.780785475049728757e-06
-5.162956293052622037e-06
5.282294613662843157e-06
7.538592015248327679e-06
-3.646817568553841975e-06
9.455425177917599566e-06
-4.902207368409126114e-06
-4.487118180058173459e-06
5.474807229568752495e-06
-3.915508332500257848e-06
-1.107196048333621782e-05
-3.012158583693212547e-06
2.946052514196434094e-06
-8.526933862234590919e-07
6.816297791160419144e-06
-4.449747214845764406e-06
6.874147739636073912e-06
2.536913557723882572e-06
-8.072975805759550796e-07
7.125447961412028395e-06
2.643717799333303558e-05
-1.398779000020476288e-05
-2.628622568289524160e-06
8.155556449067252923e-06
3.418925270688296403e-06
-2.077228099284822146e-07
4.115724184541974767e-06
7.117862795138421171e-06
8.130276165661153836e-06
-5.032916719911595388e-06
4.637690665584025825e-06
-3.054857579760419307e-06
2.846966713185362013e-06
2.209094598197710666e-07
-9.801406694365520778e-07
7.650223023030622640e-08
-3.763009354571988283e-06
-4.641761729292065166e-06
3.990921043902857054e-06
-1.401710647918315257e-06
-2.941172430910474913e-06
3.958309460936277059e-06
-4.354837793964176319e-06
1.129960484958249810e-05
1.636119361682841249e-05
0.000000000000000000e+00
-7.959792638358932946e-06
1.256471775470912411e-05
0.000000000000000000e+00
-7.352091822255489348e-06
4.817526711228059439e-06
0.000000000000000000e+00
2.200722475449843800e-06
