8.859608592285252993e-01
9.536380878282386675e-01
9.862068965517241104e-01
1.506351145579692741e+00
1.025844645397774091e+00
9.939952023337426112e-01
7.530886732430650543e-01
8.779736646335569716e-01
9.984785545447766308e-01
1.043283738314190412e+00
3.124804555643097892e+00
1.084648642088875903e+00
1.083596542550186559e+00
6.546581761441609970e-01
1.073455805355049808e+00
9.318086300008034950e-01
9.595895270701302326e-01
1.042377330409836489e+00
9.015753559316066479e-01
1.109674687769491852e+00
9.418111236101163186e-01
1.062007506474561769e+00
1.149874475284990538e+00
9.147583210336044379e-01
9.858083358172737842e-01
1.035424820208664443e+00
8.772374895198191691e-01
1.164104142822940613e+00
9.595101191792948514e-01
1.080981770685109478e+00
1.538219074123856389e+00
1.171341160176006646e+00
1.344122241203987045e+00
1.301985482306402542e+00
9.761059196498551582e-01
1.514446393249495149e+00
1.292737617723279886e+00
1.370899020487449160e+00
2.088713316097324462e-09
1.147323651587137962e-10
1.151499117646732699e-12
4.351610466142958277e-05
4.475842718424197786e-01
1.819733564934149618e-04
1.830583975246342443e-04
1.818187083941322126e-04
1.857079319748971202e-04
1.699270987410013791e-04
1.989914016794565213e-04
1.982820092042931808e-04
1.875760661291996448e-04
1.805153394766183543e-04
1.837942876895510918e-04
1.811429762578701120e-04
1.831441040464686998e-04
1.820835973146369996e-04
1.843235859633560875e-04
1.802550606077127652e-04
1.883634690578999283e-04
1.906427147461518942e-04
1.771559730922586207e-04
2.007137463565545905e-04
2.643438986703997603e-04
2.073264067377851897e-04
1.905199683258405690e-04
1.812942777214243922e-04
1.824265656272605423e-04
1.837913625895580311e-04
1.827973546359234157e-04
1.839837157435507214e-04
1.768680427846748928e-04
1.776473806622583761e-04
-7.763887301184170265e-06
6.484441901400623260e-06
-5.954585441732629863e-06
7.539693867827064870e-06
2.362864874038579726e-07
2.921211825273629858e-06
-3.969924571309119619e-08
-3.970518043006279746e-06
1.442164196691158204e-06
-1.577294319112277772e-06
-3.114129720657634537e-11
-2.115451480853142254e-06
-1.981452792039399170e-05
-2.420899898350063376e-05
3.587937325352539777e-05
-2.278489805023655224e-05
1.087474023463078319e-05
1.123735845195815639e-06
6.325046281335775578e-07
-7.796803513734416397e-08
-8.401011253784586254e-07
2.248491289407105425e-06
1.087095072426978354e-05
-3.871137348325242482e-06
-2.345634630521330655e-06
2.076532596519282108e-11
2.274232218295311210e-06
2.012009127574146604e-06
1.648857740007998337e-06
-2.294462373363572798e-06
-3.510686160872069010e-07
-1.905700707348408734e-08
4.069540862490507417e-08
1.627868956176301599e-06
-2.304260390482568011e-07
3.599409071561620729e-06
4.409292602724354122e-06
8.675493217873205699e-11
-2.544714362282772389e-06
2.011662447475531743e-12
2.658447635344661871e-06
-2.792060136536745956e-05
1.118387907792187804e-06
-8.957924729872561304e-06
7.634858970215670237e-06
1.918456894871531731e-06
-3.266711570070400758e-07
4.866188020867237487e-06
7.146786209102270725e-07
6.132059572989413476e-07
2.194172871139748206e-06
3.058975418450021234e-06
8.590532763073099480e-06
-2.533018007470652934e-06
4.427721873296477642e-06
6.336171268334855377e-07
3.950253633272699977e-07
-4.137141173487554620e-06
1.163769447242189170e-06
2.138658643360422699e-07
3.999326723123575473e-07
2.171065986415137964e-06
-1.036961553711081365e-06
-2.452940678317809109e-06
8.696735710571068172e-07
1.928280147458782594e-06
-9.877469971769616993e-07
-1.725640894597420119e-06
-1.243924835902473001e-06
4.052601932359978606e-06
7.566687549606290929e-11
1.013562935848589280e-05
-1.433485997274706435e-07
4.126826835859880918e-07
1.663200856520622606e-06
-2.483703721066702664e-07
4.160249617136153228e-06
0.000000000000000000e+00
8.918670481054201823e-13
8.159427648728370929e-06
0.000000000000000000e+00
1.992064932410604524e-06
5.152039072857018868e-06
0.000000000000000000e+00
-1.263585226109800717e-06
