8.767470727522508334e-01
7.121945158810993881e-01
9.397568499364906680e-01
1.049156601077288808e+00
9.552707807950057139e-01
9.371606920748251079e-01
-5.823388729641048034e-01
8.702156881914493436e-01
7.276062668941212230e-01
9.944729992295078258e-01
1.939964746427876863e+00
1.012667881495985078e+00
9.851782233635344443e-01
-2.159386950233587843e+00
7.897502146154447011e-01
1.266437030095317384e+00
7.157976228465672275e-01
1.399022306768621826e+00
9.158592603166298973e-01
1.092788722390574119e+00
7.454966007373429182e-01
1.341428564908081933e+00
8.360419906017506619e-01
1.236748733534142719e+00
7.962685492331795789e-01
1.375000284239114023e+00
9.211804368926495012e-01
1.122734782712301538e+00
7.996210680359596701e-01
1.346967403932296303e+00
9.714119045549449716e-01
1.426008686599319120e+00
9.736710694806844923e-01
1.584677907196511804e+00
1.024748422265264303e+00
1.389500922867278554e+00
9.679184048040629929e-01
1.694138505404882533e+00
3.862628847813761201e-09
1.533104359247530644e-10
-1.007008676844045439e-06
5.987149350801948756e-05
5.118816580514964354e-01
1.896862015470654949e-04
1.862283531061823753e-04
1.765113692905667859e-04
1.983291172048136895e-04
1.584264355445967577e-04
2.494695172980648367e-04
2.486209610800147948e-04
1.976170992672237020e-04
2.014396864563459835e-04
1.960160640325256214e-04
1.882136694429450161e-04
1.831191560827353929e-04
1.894969258900229526e-04
1.906116619642744738e-04
1.889925492954173882e-04
1.862095418611195105e-04
1.947577836040537613e-04
1.901365148357989218e-04
1.966655361470749804e-04
1.708523647962009338e-04
2.753187998947809819e-04
4.296527093459517541e-04
3.030177192558310443e-04
2.523423829536434776e-04
2.074288410744353655e-04
1.927655090294910453e-04
1.854875529828933843e-04
1.887842533247572219e-04
1.827209417640678654e-04
-1.411824848473024478e-05
4.746883506103993112e-06
-5.628766997069821597e-06
2.046531731373173734e-06
-3.330034448848798068e-06
7.920564862880974234e-07
1.411634983751519519e-06
3.008134001987388886e-06
-2.801920083394264848e-07
1.571869203050278843e-07
-6.358721746678901247e-07
2.821482529492684283e-07
5.008394841731166048e-06
-1.660822129326236605e-07
-3.424585423676687547e-05
-9.515780808865389106e-05
5.619636174229827489e-05
-2.243122592819840697e-05
2.083125483058641931e-05
-1.188216855581374529e-05
3.247141172925108700e-06
3.651536660842260870e-06
3.615803074694557296e-05
-1.460101449723268166e-05
1.053847929167473494e-05
-1.198013769856509108e-07
-5.172070152124458507e-08
4.272888514152922313e-06
-1.911185225117036759e-06
-4.868956597786493056e-07
-3.804950536623548519e-06
-3.843514084658383862e-06
2.878385571444644555e-06
-1.174667383375108864e-06
2.656148139694058053e-06
-1.655764787457273859e-06
7.348376722865652288e-07
4.101490468558693799e-06
1.827100842540340878e-06
1.805403987345056940e-06
-8.021957525286096174e-07
-3.611442038821168034e-07
-3.726987097761469227e-06
1.626551137546266361e-05
-1.913236118310250231e-05
-1.517620952975187452e-05
4.048380096043731666e-05
-1.300157758613730062e-05
9.933696537274162440e-07
-8.631537307520478648e-07
6.799181897621346874e-07
-4.157435088119909808e-06
2.483340608564807344e-05
-4.502692164292295879e-06
-3.518151422291773003e-06
2.194796186129827779e-06
1.497140794168709898e-06
2.179508923732080753e-06
3.992490192766050980e-06
5.065562227128287087e-06
6.715419536131627902e-07
-2.011245434695471404e-06
-4.651824343153860125e-06
-4.648596923520219483e-06
5.741429172327845097e-06
1.624434955803363233e-06
6.148234739216386189e-06
7.471545031877273227e-07
-5.045770338074818221e-06
4.093904587136508367e-06
1.555333669596594117e-06
4.877816513493595310e-07
-5.955499793892040442e-06
3.087125626144198517e-06
6.593156251185630286e-06
-4.859599780052606326e-06
2.130848437217310119e-05
0.000000000000000000e+00
-6.428789500650654919e-06
8.390965907689721033e-06
0.000000000000000000e+00
2.639865081047872381e-06
7.190512777718948959e-06
0.000000000000000000e+00
-1.277618489232568036e-06
