9.205724720480538137e-01
8.766340816590345586e-01
1.012578616352201255e+00
1.010930573011870504e+00
1.091959890788533505e+00
1.036274236072794341e+00
6.621294822041456918e-01
9.580087741383578326e-01
9.143733916075553747e-01
1.273961504530177535e+00
2.067833126181044978e+00
1.410530960886090535e+00
1.348718623129636862e+00
6.733898775226475619e-01
9.391117361045331347e-01
1.068766739554884992e+00
8.722245034671036734e-01
1.147861542804207158e+00
9.087614892914024356e-01
1.100634603685442858e+00
8.384796822938900274e-01
1.192684815081418881e+00
9.616867693689226115e-01
1.220931835404012844e+00
7.549729385479151400e-01
1.792283748055357062e+00
8.268817043212249862e-01
1.315394988252896358e+00
7.330722228258513828e-01
2.008679732377667726e+00
1.358260487323124543e+00
1.453909941605052047e+00
1.057275332400475776e+00
3.247034151632349541e+00
1.047175257123492687e+00
2.494464383933312934e+00
1.070143125289045205e+00
4.182865578415052354e+00
2.241374236111011542e-09
1.208976092559837327e-10
-3.905612891924568592e-08
4.552468235706480645e-06
4.931288968062094158e-01
1.734414289431217531e-04
1.779131923888350628e-04
1.817406823310383282e-04
1.794438668198162254e-04
1.582981098167664333e-04
1.856770408854001319e-04
1.865951032490410560e-04
1.922000030323711304e-04
1.891597087934341790e-04
1.916673785885374928e-04
1.869870908066399891e-04
1.902382394697981751e-04
1.932518760370242504e-04
1.808909265037474861e-04
1.952733727579664060e-04
1.809148154419719856e-04
1.905141274922132646e-04
1.824900820371162184e-04
2.054419008081702987e-04
1.481964810093584989e-04
3.126245240516117374e-04
2.409889156342577630e-04
1.842931422046312413e-04
1.865741452911147847e-04
1.795899939205351130e-04
1.807454399598998969e-04
1.846491830509680468e-04
1.788645170638705751e-04
1.818748117609912717e-04
-6.313528304877022107e-06
-4.230128038574906054e-09
5.158551115325001943e-07
2.443869943779502330e-06
-2.798499931731988760e-06
-2.980891220753628544e-06
4.902689659513430242e-06
2.571992643410614252e-06
-2.013256286275020048e-07
9.220248131901814846e-07
3.206988851786224518e-07
3.307958928469729332e-06
-4.870010612291330121e-06
7.545633514594247226e-07
2.192281489426687002e-05
-1.949640727474189766e-06
-1.142754064198994498e-05
1.038963504296461412e-06
-1.076374711420803889e-06
-2.020381111142278609e-06
-5.209256167757680673e-07
7.718568212462155134e-06
1.311023214648615181e-05
-2.688062643163563600e-06
2.949840603250411864e-06
-1.135345636731997307e-06
-1.090069601269708103e-06
-3.463585449946528206e-06
-7.853114721840737343e-07
2.048522082852839581e-06
6.642614576698114051e-07
-1.886058508581503447e-06
-2.263873745082505232e-06
2.241693624892432029e-06
-2.163172203799934485e-06
7.506865982198969014e-07
2.164448917235523041e-07
2.083639271818660405e-06
2.192329128070411259e-06
-3.003162533505753880e-06
7.724995388271816625e-06
1.434239105114523559e-07
4.409807386559010418e-06
5.474151455932511082e-06
-6.306037694696795559e-06
2.913421357892680609e-06
-5.434623079444637870e-07
6.877888877609607101e-06
-2.162949865387265596e-06
-2.641763473514787885e-06
-9.883758195836569073e-08
9.255884941094640545e-09
7.669697107451322246e-06
-8.643433514618142975e-06
1.152828149825266413e-07
-4.293979963553691295e-07
-2.111320437074565931e-06
-1.120684945713469025e-06
-2.221657171923291335e-06
-5.317223489241212610e-06
-8.426608132198228780e-07
8.776088674679049717e-07
-4.534047056878497402e-06
-4.028389661685190280e-06
2.630470249319490265e-07
-1.366896551731668622e-06
2.931919561432710971e-06
-5.816638475085980883e-06
3.281097246318680458e-07
1.784747074635229094e-07
-1.425531267714398570e-06
2.772323173941759826e-07
-7.494546059807866028e-07
2.599761079133651665e-06
5.243208694440712121e-07
-6.052666738717860767e-07
7.013169179764013705e-06
0.000000000000000000e+00
-4.792489854082779791e-06
1.310018443074922013e-06
0.000000000000000000e+00
2.000077916983934711e-06
3.377100342243644370e-06
0.000000000000000000e+00
-1.644295006896943268e-06
