1.044552863340103332e+00
9.758970515826332903e-01
9.304330189635939830e-01
1.310606851052507960e+00
9.356940767534184245e-01
9.248949151546564940e-01
5.997886773591848408e-01
1.048422333701069409e+00
9.828762982321217478e-01
9.325475948507763180e-01
1.830696461822247434e+00
9.368935974019221291e-01
9.258749219953847920e-01
6.931498795185666584e-01
9.000107715257598118e-01
1.118881813327923025e+00
1.040721617815952849e+00
9.634961745507885089e-01
1.150521036552705656e+00
8.698160809204749100e-01
1.060451794628141764e+00
9.442805919416203952e-01
9.807189534970260913e-01
1.113633403077486594e+00
1.043491652400380776e+00
9.690839290539314810e-01
1.188959068024766808e+00
8.479354881882132933e-01
1.052394200811159752e+00
9.582241069599801708e-01
1.094412586245724572e+00
1.274597514846326440e+00
1.185617118196584219e+00
1.123326560863245227e+00
1.216083137423848992e+00
8.980210986107668436e-01
1.205230990716267048e+00
1.081112235770462782e+00
4.118161818990596478e-09
1.517887093067120551e-10
-1.375493155516936426e-07
5.582662549630824233e-05
5.242571737608958671e-01
1.929112416717297847e-04
1.939011050144519538e-04
1.952103420891083659e-04
1.834247419099193613e-04
1.891839441097964663e-04
1.939941926565200907e-04
2.005607423502338196e-04
1.958467470482293834e-04
1.894030604376761742e-04
1.951660816617688536e-04
1.920378812090771620e-04
1.886367422921410308e-04
1.941835491845153355e-04
1.915535554254189422e-04
1.847664497594353960e-04
1.921344738244280717e-04
1.921237727822141324e-04
1.859889993484115816e-04
1.905334709289021569e-04
1.737577390485196718e-04
2.972195431227392620e-04
5.111749736679375988e-04
2.981160212477315099e-04
2.293426060811339573e-04
2.072596074431996382e-04
2.000024344796321905e-04
1.950951833094321424e-04
2.000570235858103465e-04
1.954937682316633223e-04
2.902950218179808612e-06
-1.889801282408588246e-06
3.566977498736522476e-06
9.598978591081180347e-06
8.099586091061084175e-07
-4.261941973619206829e-06
3.073196273532252207e-06
-2.860460801892838345e-06
1.487566713163325118e-07
1.752646585055095748e-06
1.612681482486846574e-07
-5.355521917418457570e-06
1.847708294863647629e-06
-2.635805222389299646e-06
4.434273256033175505e-05
4.569922815921778029e-05
7.054412037351795082e-05
-4.326111867982248465e-05
4.338613017720727833e-05
-8.740798870690168112e-06
-1.908353105256779784e-08
1.257649209113534316e-06
1.561125571588644148e-07
7.634988506976257331e-06
4.392723158699927713e-06
4.437825027589229299e-07
6.090277425254777036e-06
-1.038207345127539162e-06
-1.720624048028613069e-06
-2.131455379497478830e-06
-1.717171900388515775e-07
-7.262689672725768065e-06
4.693258131814571550e-06
2.689920219049027580e-06
-4.181644758318031076e-06
6.672993315859612122e-06
-2.062946257309437184e-07
-8.901968017752968864e-07
-2.582148980432754668e-06
-1.413890904895245653e-07
3.732988129718866817e-06
6.295926747078071743e-06
3.797719163270402805e-06
7.181195659588917853e-06
-1.996688070917582668e-05
-1.966673809825699067e-06
7.943622796806610583e-06
2.847002067403944927e-05
-1.782981215125508279e-05
1.471864018668380279e-05
5.240210692573097264e-07
-4.766096513502076601e-06
2.303067433577915698e-06
2.192826039344707370e-06
-3.071477583466562098e-06
-5.352457873174515859e-06
-7.059355792830923499e-06
-1.594265969669501866e-06
-1.320182084109026371e-06
5.042318694185089865e-07
9.721577516233911946e-07
-2.245658048405072139e-06
1.725569402587786034e-06
-5.299285731769367053e-07
6.080827386588884096e-07
-2.643140008622008922e-06
2.238492435190537965e-06
-6.942219444435292578e-07
-2.265473652004636323e-07
-2.716246189232100666e-06
-3.049340060805866954e-06
4.029670758387320798e-06
-2.168095674974763209e-06
5.803495698836476229e-06
4.442180007063021378e-06
-2.301098769097274071e-06
1.726688420500210699e-06
0.000000000000000000e+00
-5.357595915823658930e-06
1.957450998255168902e-06
0.000000000000000000e+00
-3.427222921850677321e-06
5.190652114693325115e-06
0.000000000000000000e+00
-8.017598365232202865e-07
