4.372309118189603994e-01
7.808501759564542288e-01
1.124802984978609866e+00
5.679319190670955031e-01
1.073572923357739128e+00
1.117477641439716063e+00
6.021124431176632038e-07
4.935545756497760062e-01
7.018217254447578490e-01
1.223283248983319860e+00
1.030317239310412081e+00
1.258375576047082722e+00
1.187473456302504449e+00
2.294236420831660683e-01
1.502353522041142364e+00
1.187131323452860432e+00
7.593440865485316937e-01
1.726392457416186410e+00
3.132931206896013565e-01
3.326709807853051259e+00
7.788522848379819674e-01
1.745846980993729813e+00
2.357513935390547211e+00
1.032115933951546322e+04
7.326803611424059781e-01
4.160442535485349799e+04
4.800153823502059658e-01
4.561850312496131821e+00
9.614221314477644498e-01
4.121550568547309376e+04
6.891460330015673819e+00
4.297838076151603309e+04
1.653839091060465671e+00
1.537649403692960914e+05
8.215633059609912525e-01
1.008559960584957693e+01
2.141470734874537207e+00
1.539939891204590385e+05
9.084619624846736760e-10
3.814360703978819360e-11
-6.121877180468075568e-13
-1.576705862119465656e-05
4.247995928235144270e-01
6.736332946881527924e-05
7.661548511489360645e-05
7.856755590384271516e-05
7.146903006792140875e-05
6.360448544786351710e-05
1.101144861940521100e-04
1.628039136217080383e-04
1.357881212132042365e-04
1.241008109519693486e-04
1.261186356065437033e-04
1.364692608407591049e-04
1.405062771072522238e-04
8.696314642256595365e-05
6.849360552332260091e-05
6.553078481049483500e-05
6.182027914229284548e-05
6.744664515563348348e-05
6.203196458691388596e-05
1.234602091061379366e-04
1.321390640508648213e-04
9.112623847470934825e-05
6.393867061024350739e-05
6.312954775438285159e-05
6.484696960784344633e-05
6.848959845507962855e-05
6.143553339277672148e-05
7.253987203349804215e-05
7.262380017842545829e-05
6.834067343960140628e-05
-6.985927310608695522e-07
2.429529663015426713e-07
1.451369539841536842e-07
6.831921245056468552e-11
1.029503501325635246e-10
-3.886425959102269494e-06
1.064121698433262482e-06
2.291948190011818893e-07
7.267643503107308945e-07
-8.860918796349879920e-08
-6.590579549111448608e-08
3.375402698853146190e-11
1.296565716812987034e-06
-4.996686385315998674e-10
-6.658839380680342780e-11
-5.014119388664492522e-11
-8.255868535247738253e-13
-1.258800071220229504e-11
4.884706863194910051e-11
6.543766383073852700e-12
9.768758869570542187e-12
1.860418337628299958e-06
1.361847202989400707e-05
-4.787256257543243656e-06
2.692396339640456649e-07
1.538636479768917297e-06
1.587933050930390841e-06
-1.086813207870148756e-06
7.452089304131853438e-11
7.498909679742776916e-07
1.616846016162668313e-07
1.179083128989393310e-07
2.824402223028061238e-08
6.975924038395062886e-07
1.117169170517870644e-10
4.361245278658853220e-11
-9.868329601085700827e-07
-8.928203437846724698e-11
6.845176657811458455e-07
6.504341673528442894e-07
-1.233548177423250854e-11
7.704982534927118523e-12
-3.648015394680133747e-11
1.415967732456990301e-11
-3.580490480916031057e-11
-1.482132817269406155e-12
-2.953790265280855434e-12
3.853156731139003634e-11
6.059630769401377206e-11
-1.936768280435670225e-11
2.194366432921860042e-11
6.216261196016575138e-11
8.828512466701894228e-06
-9.439078101613622479e-07
-7.324248044568826875e-11
9.662599840043757565e-11
1.961553944997420046e-06
-1.561393550285285032e-06
1.177279567540338049e-07
-3.926306293466268951e-11
6.265144523849301019e-11
1.044599635851023531e-11
1.124020476216649882e-11
-3.462686072168023072e-11
4.513879848393572008e-07
-2.816260425545145693e-07
-1.449832419234571753e-10
-4.121221402011556315e-11
6.595100739484784802e-12
1.662819541668485429e-06
-5.219064457452772275e-11
-5.044008864275637314e-11
-4.055773872245653359e-12
-2.353941550641485876e-07
2.775050115552113655e-07
-3.238482904262496170e-06
8.506077531792138107e-06
0.000000000000000000e+00
-2.711829808392296265e-06
3.286654048663294116e-06
0.000000000000000000e+00
-3.806513508827175860e-11
3.723959363880181073e-06
0.000000000000000000e+00
-3.657288279556527104e-12
