4.137976476764981815e-01
8.078496634499634510e-01
1.341354330708661502e+00
4.204385065706053304e-01
1.427002996105178667e+00
1.504192233035129167e+00
7.162129499056038573e-02
4.112208778813861709e-01
7.546568161344807679e-01
1.184373898090324895e+00
4.788047626438534654e-01
1.268366841014758828e+00
1.349274048872741272e+00
2.621669032648354380e-01
2.011128847625753835e+00
5.029974077480111605e-01
6.967890254021953389e-01
1.516732200821462762e+00
3.210516083352749073e-01
3.325302657543885765e+00
5.754951864323792909e-01
1.750092090313772442e+00
1.866077784783191973e+00
5.987899453239888814e-01
9.507917162986159187e-01
1.898465658837407810e+00
5.126178506494695197e-01
2.914951837049153838e+00
1.082303206823330477e+00
2.091317265906436518e+00
2.250900052282953645e+00
9.267311125887756074e-01
2.212950663807101925e+00
4.276334912583727998e+00
1.179911399023604979e+00
4.451712034463241707e+00
2.664338683545202091e+00
4.750397866781480793e+00
2.022944019777585366e-09
1.170619295023969884e-10
-1.330049161461260264e-07
-4.351610208067278039e-05
3.903475342607654608e-01
1.750564332219041908e-04
1.727237949956016909e-04
1.834666382411934517e-04
1.854733653693454738e-04
1.637242074082264644e-04
1.911074047619524012e-04
2.224185899842700403e-04
2.211307317628979354e-04
1.929561253737731991e-04
1.828982327000843768e-04
1.862803333261577033e-04
1.809392561786690680e-04
1.665807754303061145e-04
1.800789762975934616e-04
1.856797313109964155e-04
1.771768070692698665e-04
1.637355077242614275e-04
2.537412236521679478e-04
2.638236772611509675e-04
2.091252573036027416e-04
1.761540946165131185e-04
1.874211032223927441e-04
1.871257790152492078e-04
1.798393677822537591e-04
1.745346378650895845e-04
1.763471170213745621e-04
1.690014494385574462e-04
1.788634186689464607e-04
1.717036385957235482e-04
6.077680354031912759e-06
9.359741764084150844e-06
-3.162879455833833995e-07
2.213157818345567763e-06
3.691152044501243199e-06
5.910586209274195630e-06
-9.247504755017537360e-06
3.364738361828982545e-06
-3.908393349107192065e-06
-3.786913406901879853e-06
-7.068967912227851080e-06
-1.402679935061360134e-05
9.590988972806969526e-06
1.490050487927782290e-06
-1.528277003665220877e-06
-5.900726379858883122e-06
-3.838335933587631610e-06
-2.081125307983251804e-06
-4.040086918062787963e-07
-3.646829560616444365e-06
-3.666893042820789277e-06
3.839521224576439119e-06
6.490524691690903431e-06
-8.331149140262943283e-06
7.238206621824163679e-06
-1.863246068479038467e-06
-3.196025679133979497e-06
-5.461047007259574779e-07
2.811043180638344568e-06
2.124352838816628447e-06
3.152741777470966982e-06
2.520017969396750948e-06
2.437184532784648486e-06
-8.161066899734999693e-08
-2.155873992609365319e-06
4.037827722208432879e-06
-7.965390369310053982e-06
-2.392258387090625285e-05
-4.756113214669753983e-06
7.620891396367430060e-06
-1.324170550379579672e-06
5.817570678039965282e-06
-2.252827839658899021e-06
4.817379363033283763e-06
-3.526976666416429478e-07
2.174501778267524756e-07
1.791046288745860018e-06
-2.093142567461986866e-06
7.390057441602886575e-06
-2.314887470809762365e-06
-4.293089605534092297e-06
-7.724297765396815600e-07
2.246182112694407032e-06
-8.703308923665819812e-07
-3.526599586178801688e-06
5.176963831738446212e-06
1.241651210622530835e-06
-1.831934851949744892e-06
-2.838908116726056575e-06
-3.246610857816210124e-06
-7.516804527734674642e-07
-1.269913862266824697e-05
-1.109812053066031663e-06
-1.364177515390008978e-06
-5.615634912730952671e-06
-5.504385599309105339e-06
1.022275672932027611e-06
-1.756509090134381332e-06
4.694021210385122101e-06
1.140543601302080332e-05
-4.947973960496716936e-07
-4.031847019214071988e-06
-1.231781488284693260e-06
1.968498634300228922e-06
-1.949954597927661709e-07
2.665032599566030707e-06
1.270378569106407053e-05
0.000000000000000000e+00
-3.649780593673549154e-06
4.275907686654607538e-06
0.000000000000000000e+00
4.087602041386640616e-06
5.401628173672111014e-06
0.000000000000000000e+00
-5.043557431316320574e-07
