7.245306929453989575e-01
6.798389679980511024e-01
1.215250815343997814e+00
1.352290538312856061e+00
1.168405990021386121e+00
1.201431017579066562e+00
-7.327772674692853427e-02
7.295926373790078134e-01
7.242676197607050836e-01
1.161403673266309777e+00
2.423633153119170380e+00
1.218288255409650356e+00
1.172255675235308825e+00
4.227664856634615331e-01
9.112684803986305093e-01
1.097547356156011400e+00
5.644958158790174263e-01
1.787381172830549758e+00
5.791073036166183297e-01
1.727500217479204903e+00
5.580902792419998315e-01
1.797482738941881264e+00
1.016066623906352273e+00
1.071073778193355475e+00
7.152846478171858147e-01
1.758879634047874063e+00
7.595371245410325045e-01
1.624596118388728305e+00
7.320341039058841925e-01
1.768431147271736226e+00
1.511375619388358960e+00
1.436092296055437423e+00
1.415537262989648104e+00
2.507753387987960991e+00
1.023430590105203875e+00
2.648140127057046822e+00
1.569680392937821356e+00
2.711771718121846142e+00
2.752592832144968970e-09
1.379597151513461134e-10
-3.826985272375795690e-07
-5.036120399737651450e-05
4.436774250057499147e-01
1.777970747765896431e-04
1.785902271206538366e-04
1.697316488020469234e-04
1.769348386036653613e-04
1.525505340211270639e-04
1.945838554931836350e-04
1.855789122046114801e-04
1.805538645729633967e-04
1.759530019907711148e-04
1.732298596592703416e-04
1.828899920573241918e-04
1.848320907557159934e-04
1.857783120483386618e-04
1.751517933365433948e-04
1.802799648897436655e-04
1.703641409824926045e-04
1.861359620575184812e-04
1.569079107924507301e-04
3.104979065691629118e-04
4.681305887496151736e-04
2.597580542177620232e-04
1.891932642249034477e-04
1.853398772559977387e-04
2.290842322995111471e-04
2.084827377490099814e-04
1.894559429525208023e-04
1.793095189721179118e-04
1.795276962711612415e-04
1.786040623343055364e-04
-5.861162768298159340e-06
3.222780063174574417e-06
1.333189199211420583e-06
-2.428862718851772750e-07
-4.554609850786613588e-06
-1.469160365659498538e-06
-3.528057345194689576e-06
2.214087824892632533e-06
-3.648424511978120779e-06
5.143626406795415230e-06
3.287916150504240653e-06
-1.107559671082569748e-06
1.124509241691507694e-06
-1.306118962644438127e-05
3.397665609092430697e-05
-1.139129319634608748e-05
1.117380244743320796e-05
2.409661416864618616e-07
3.775459001492795652e-06
-3.385290693928340514e-06
4.911700254671353434e-06
6.582196129949344461e-06
9.346029781134713283e-06
-5.295851803064893901e-06
7.496982923315161012e-06
-4.239883266353975831e-06
-4.845163049860262231e-07
2.461559915024524817e-06
-3.010654638619956773e-06
-3.506766028312046136e-06
-4.652359866473438710e-07
1.531962269472261883e-06
-2.478274840920789457e-06
5.447892309255347313e-06
-9.726770362263038506e-07
2.401795882139465792e-06
-2.683542520186066764e-06
1.206151436348094124e-06
-1.434549904677345315e-06
4.612862736397688586e-06
2.031982097591706330e-05
-1.048800425132000107e-05
1.166608083369790287e-05
2.167826603983486000e-06
5.212905307524262123e-06
5.202223823457755719e-06
3.311809932557204768e-06
4.475168371814502313e-06
-1.497922737236371834e-06
2.714882182770369685e-06
8.076666047959447851e-07
-2.120823405453641384e-06
4.283478725902281895e-06
-1.987204853890827021e-06
4.677249675583937919e-07
5.713096044004465168e-07
2.261463307542417302e-06
5.111289249352916225e-07
-7.966077229512585310e-07
-1.865307983137812691e-06
-4.413425638752659713e-07
4.921758610656959212e-06
9.429472477218082074e-07
-2.781444457249740437e-06
1.875943438360193699e-06
-2.467453745214681257e-06
1.423377919755183076e-06
-3.119889640849806224e-07
1.896230339280081812e-06
-4.275780694238522207e-06
-6.032687927521274029e-06
-1.545620370482531229e-06
2.515323827139260276e-06
1.096990113714289191e-06
-4.435265177707192795e-06
6.465044608628140966e-06
6.428736427141925521e-06
0.000000000000000000e+00
-2.014361391681119055e-06
4.110570998470679389e-06
0.000000000000000000e+00
-8.355753657613650838e-07
2.354693547288067514e-06
0.000000000000000000e+00
1.652421491235732424e-07
