8.858604506967695524e-01
1.154025068763111062e+00
9.206625806193164951e-01
1.405273777322739948e+00
8.933142309248409685e-01
9.038335444739531432e-01
2.260172838992091648e+00
2.038278933370566648e+01
2.117921374257634307e+04
9.354163269557718152e-01
1.528001111275268486e+05
8.884080612882192529e-01
9.614736002953849781e-01
2.582088996345512033e+00
1.533230371165707151e+00
6.818854412441196500e-01
1.243685111565746793e+00
8.392296939554546586e-01
1.158919259282566117e+00
8.632218144474291810e-01
1.246258287401518228e+00
8.308698178907680809e-01
2.041207147322735409e+02
6.663319724302858571e-01
1.737656697504687327e+04
7.173164717388721412e-01
1.875623491097996975e+01
8.394738004341243398e-01
1.777372439452889375e+04
7.030483347618479151e-01
9.074490386240934185e+02
1.191383757959341594e+00
8.687894454296400363e+04
1.190526881225967504e+00
9.023227749017748067e+01
1.381894603515535058e+00
8.886456577236854355e+04
1.184778357871413057e+00
2.769934206837576545e-09
1.408054570219430183e-10
-1.232551393204787030e-07
5.163870039302424038e-05
4.622235535596235234e-01
1.910724373215253228e-04
1.939290775209115305e-04
1.766154312979612419e-04
1.923079038196941768e-04
1.533822519275842655e-04
2.371547855744529545e-04
2.686357156185387976e-04
2.062732917457566850e-04
2.001487420787096338e-04
1.962775670391202123e-04
1.908939636970334998e-04
1.914902983651421340e-04
1.988976295908510957e-04
1.941049438248117459e-04
1.929217844578598137e-04
1.905000906178809246e-04
1.877740399705491500e-04
2.118012987961323816e-04
1.909211199919866808e-04
3.615801838744054112e-04
4.095543573338460142e-04
2.425475802096127163e-04
2.065760511141776510e-04
1.890420179276145222e-04
1.841804116640887378e-04
1.877442725402930107e-04
1.868954401895973297e-04
1.884643476333921282e-04
1.888023922381865507e-04
-1.415680687202459961e-05
9.219068653162935327e-06
-1.227616473605327188e-05
5.302919797537438387e-06
-1.972513186052300409e-08
7.489682617442477299e-08
-1.337642325999857301e-07
1.703830768129528395e-06
3.036681331763536055e-06
-7.329000950965802955e-06
-2.820256350311679932e-08
5.572907866420220655e-06
2.035409394884720504e-05
-3.126554078219412792e-06
-1.112865953319038827e-04
5.139340038340283801e-05
-1.239478514961705474e-05
1.277878517919813209e-05
-9.894741704628395089e-06
1.270092996472727316e-06
-1.886433812956493423e-06
7.815422326947202693e-06
2.449403390227460298e-05
-9.544957118535430459e-06
6.696908145697029764e-06
-2.374220909902967935e-07
1.246995275275230222e-06
4.330145325887591679e-06
-1.932466623963258439e-06
-2.248511096294173445e-06
-1.416316160563003808e-06
-1.957556855680138221e-06
-2.974135724621732800e-06
-5.629163414693253148e-06
-6.571551683116386631e-06
4.458867270955641900e-06
-1.420052890084324633e-06
5.493196762710204610e-07
6.781565207948648314e-08
3.378170891719345354e-06
-7.893601747442456759e-06
2.863423951735248884e-05
-1.793905303085540840e-05
-2.356900246165066564e-05
2.354897209806860160e-05
-3.743601962379340908e-07
6.597244113164687296e-06
-1.114949070060918893e-05
1.566034958751319376e-06
-2.103520590698832041e-06
4.828908100197545656e-06
2.028973385001182339e-06
2.050510790984233126e-05
-3.372287912822443660e-06
-9.235838676031275478e-07
2.250750880236289393e-06
2.728425210271948791e-07
-4.082067902543557649e-07
8.386639474372360693e-07
1.924984572855498761e-06
-5.057453514924238308e-07
-1.243867739506043566e-06
-1.994152262787928840e-06
-4.278614310714417684e-06
2.699551288832555741e-06
-2.021207496380896212e-06
8.107905148032019065e-06
-2.680718672893741718e-06
4.241676803503068331e-06
2.503912850920459369e-06
-2.766808639255975921e-06
2.649039705406394018e-06
5.608049388238730662e-06
-8.847325989746749456e-06
1.537207316733328346e-07
3.968455497411514042e-06
1.430614253656080638e-05
0.000000000000000000e+00
-9.733979156890686151e-06
5.946671734442967230e-06
0.000000000000000000e+00
3.013075232583631053e-06
7.426175856492532532e-06
0.000000000000000000e+00
1.035892693570604137e-06
