1.035462266844902057e+00
1.006754319607692238e+00
9.056248471508926423e-01
1.498376271689585648e+00
8.425089661927714912e-01
8.828325856173625530e-01
1.757575028503630954e-01
8.820937637695131173e+00
1.008197177180583548e+00
9.170114078672693125e-01
2.360221969091080396e+00
9.158420810137080093e-01
9.061463896437644827e-01
-5.680986877047142780e-01
1.031996523026021961e+00
9.690090829689734786e-01
1.121615876258124089e+00
8.917579356124112344e-01
1.190410646262551886e+00
8.401002948165785522e-01
1.202011793467204548e+00
8.349812948868640117e-01
1.008129266768882371e+00
7.529433899981543554e+00
1.145682457164152401e+00
9.223825000068576196e-01
4.939566364908213103e+00
7.309728190690261140e-01
1.211301715959109515e+00
8.753276747548410786e-01
1.335988192703756017e+00
3.752687015923633851e+01
1.437068947093343318e+00
1.257267015292061529e+00
2.241507951832702972e+01
1.334328213856806222e+00
1.452511111517283293e+00
1.279285910707536722e+00
1.590852585340540724e-09
9.895420870495201482e-11
-8.859854661121708777e-08
9.899798288973610372e-06
4.398786907860645634e-01
1.637307953737220231e-04
1.653849699952804689e-04
1.660254012922340720e-04
1.655319896769818166e-04
1.544865174116514855e-04
1.802787046448781701e-04
1.725242062153080846e-04
1.657243363984670938e-04
1.641984189223040210e-04
1.693887365467470671e-04
1.720546562055379767e-04
1.644988355897395002e-04
1.683260232739081108e-04
1.713204217961403664e-04
1.732798213449591193e-04
1.633467920501399163e-04
1.730261644437123430e-04
1.386459207217113953e-04
2.228042191776540026e-04
2.246455145230102316e-04
1.904195073799305987e-04
1.872177906821381917e-04
1.711459316285647819e-04
1.660666245608039048e-04
1.589418195738072934e-04
1.707185182979626954e-04
1.626908481020577417e-04
1.656812755066235793e-04
1.704782191592664757e-04
-8.641783522949355526e-06
2.293495515133660343e-07
-5.544093662576394994e-07
1.871735792178825846e-06
-4.412630015753787367e-06
-2.481511367658934167e-06
-5.852255751620665405e-11
-9.383788893655620119e-07
1.381372017959611248e-07
1.999433751534410139e-08
3.607183792501712467e-07
-1.436163026709734871e-06
3.099636873905276382e-06
-1.089087023002386769e-05
-4.550382648790790544e-11
-2.329393435008589862e-06
-1.456290680485342683e-06
-2.706824698394846615e-06
-8.348488877326702914e-07
-2.491585427155148239e-07
-5.521865611102839912e-13
-2.353150051309910560e-07
3.485561771687796739e-06
7.794573399637849528e-07
6.420239109619495228e-11
-1.524026747183452806e-06
-3.508079662111333699e-11
6.239962030162718931e-07
3.290062004457252393e-11
-1.157134931305016385e-07
5.108255218473779344e-11
4.937001256638437340e-06
-3.024015410392854273e-07
4.710753757213745941e-06
2.805511483897710835e-06
1.350335242400528799e-06
-7.751248702238223210e-07
-7.733663773273860518e-07
-6.574034019411116678e-06
4.286758748800170900e-06
1.217559558908317348e-05
5.540034244617474552e-07
-4.528134599034740781e-06
4.376229442404787298e-06
-1.177236735087523795e-06
5.456111861241853651e-11
-2.474761072145888545e-06
1.307113758404153625e-11
-9.793752206609495470e-07
-2.768799859699882552e-11
1.924595505154116230e-06
-4.447279066452465455e-11
6.130326435947141505e-11
-6.134165353392153875e-07
2.107561049470989283e-06
1.451218587160688771e-07
2.493622040613529310e-06
2.630905793240752840e-06
-9.702766464235935932e-08
-6.971877601551140437e-11
2.164844070159590743e-06
1.564945289059124916e-07
5.164670179971591503e-12
4.729101518819505927e-07
-1.070551579936894221e-06
5.393673533858370848e-07
-2.169073128203980899e-11
3.739840822631408243e-06
-7.000856729866394231e-07
-5.373119785543426307e-11
-2.676806099970843472e-06
-4.087326074231663624e-11
1.338181034592587831e-11
-5.392897799344035389e-12
1.037864505415470985e-10
4.698208691501733641e-11
-4.594218157023047834e-11
0.000000000000000000e+00
-9.764035432242258431e-07
-1.971978809477385679e-06
0.000000000000000000e+00
4.006776497767894647e-07
1.710620613412175950e-11
0.000000000000000000e+00
1.305279730585640140e-07
