2.037363868071543904e-01
8.736390652154069070e-01
9.416058394160582434e-01
4.395338192060409988e+00
9.976558629993380611e-01
9.377652700937313401e-01
1.183076059650587597e+00
2.037363868071543904e-01
8.882978366654317171e-01
9.416058394160581324e-01
3.770976280271050474e+00
9.976558629993380611e-01
9.233987832652067462e-01
1.540950437006051166e+00
4.281774943104152520e+00
2.768620256319651585e-01
8.965019545361689879e-01
1.115446536329503857e+00
2.169059635477022241e-01
4.610292790682441577e+00
9.316178745550223184e-01
1.073401474266087563e+00
4.281777323849260242e+00
2.708200100504553620e-01
8.395438588278231196e-01
1.220152893644431247e+00
2.169059635477022241e-01
4.610292790682441577e+00
8.536720269353090806e-01
1.193307456330848337e+00
5.444600202454818572e+00
3.220093315800514611e-01
9.658140695276364873e-01
1.429569288581374886e+00
2.729933853960466172e-01
4.610292790682441577e+00
9.390395856362803162e-01
1.315852479417614074e+00
2.108592444141372140e-09
1.004189756119963975e-10
1.204782682458160499e-06
-6.242628495292273677e-07
1.853725265635935704e-01
1.362974526574624702e-04
1.203412273902971353e-04
1.309449835941013749e-04
1.417857323448683813e-04
9.243382629511292668e-05
2.009358865244345778e-04
2.286467156789841941e-04
2.042859047091472925e-04
1.795080474183113461e-04
1.776087653692758755e-04
1.896260212804632621e-04
1.788212881489184233e-04
1.923022411935177843e-04
1.855152429777202753e-04
1.702476586225857755e-04
1.850204483989832953e-04
1.567393837921947255e-04
2.036971612743501822e-04
2.514651805782565906e-04
2.232408638819650243e-04
1.836159309165308015e-04
1.807223212731416304e-04
1.781975699879738135e-04
1.792154528511915343e-04
1.749207747846490482e-04
1.725594790168233849e-04
1.663724135615903812e-04
1.780896193296232122e-04
1.814716045591814142e-04
-1.904696083961087493e-05
8.188527873184891441e-06
-5.959537608121198045e-06
5.993785591234721340e-06
-8.355315480346716531e-06
1.206124856263633647e-05
-5.140150226213310854e-06
2.652110044315795056e-07
-8.123565620648591593e-06
6.178893339467546005e-06
2.017795986398404515e-06
3.551966011384422188e-06
-6.240258173644725896e-06
-2.892940281533036751e-06
4.712756104110625909e-06
2.224272475096275276e-06
-1.772074246735143662e-07
3.709736052852034832e-06
4.729871300303724725e-06
1.299546017271726652e-06
-3.171615017225079098e-06
1.967441366051847230e-05
3.038419289905982610e-05
-1.201741755975616768e-05
1.438932718674282817e-05
1.836761097046464575e-06
9.204877354716171405e-07
-8.520071312561351684e-06
6.186566627922709778e-06
1.372892050895824141e-06
7.590200213381183048e-06
5.993247602130651602e-06
-7.104262041350540934e-06
-4.737821464686337794e-06
-5.938963601161215579e-06
-3.356303161330385925e-06
4.287428526598603429e-06
5.347322996899338519e-06
1.266403131613276298e-05
9.906581946681303848e-06
-1.612876650693738839e-05
9.225068054025679009e-06
1.687991119673159581e-06
-1.669473753349813849e-06
1.555086935602757575e-07
-9.911120527918910778e-06
-5.216346652586907189e-06
-6.926454422432652287e-06
2.479951128148692542e-06
-4.518994794747990888e-06
-1.847248398124683977e-06
-1.350453892600894552e-06
1.069855973214045371e-05
-1.703897067064097392e-05
-1.872130268869763648e-06
5.596957894598460848e-06
1.031606992317360920e-05
3.568463757760431388e-06
5.050733865401389546e-06
-5.886945850279738987e-06
-2.786521026077319877e-06
2.972524717330561493e-06
5.976337013696273969e-06
-3.880314269359010597e-06
2.963248695499674046e-07
2.790328471398200179e-06
-6.273320459392689059e-06
-5.630554532363824956e-06
4.763630680519733830e-07
-2.443013110555391525e-06
5.889818105445208832e-06
3.594647632033644841e-06
6.225190625110671105e-06
-7.458647657964539730e-06
1.275771221943824491e-06
1.843367126797492080e-06
1.115256592335611966e-05
0.000000000000000000e+00
-6.445310406006330505e-06
1.283582205791340630e-05
0.000000000000000000e+00
-3.681749679438728494e-06
5.102558353643696845e-06
0.000000000000000000e+00
-1.477357845015077511e-06
