9.677433130744048095e-02
9.532221411842043413e-01
7.862523672581889222e-01
1.164832729790182153e+00
7.175432123090605963e-01
8.169123455923096300e-01
3.967350850085942238e-01
9.677433160855955507e-02
9.532217119257806459e-01
7.862523672581889222e-01
1.164832584767737211e+00
7.175432143841669053e-01
8.169123333036703016e-01
3.967356767767286074e-01
1.039173011983727335e+01
9.634616057154028745e-02
1.322703233351298024e+00
7.561074443818416313e-01
1.126175314828989638e-01
8.938447043139005288e+00
1.272699768001570808e+00
7.865222470860465664e-01
1.039171966093377719e+01
9.634625386043563222e-02
1.322701909561146749e+00
7.561082133376841874e-01
1.126175303949653178e-01
8.938447326627112943e+00
1.272698569201915930e+00
7.865230265064893089e-01
1.039180497989403484e+01
9.634726806309704128e-02
1.322712544516009281e+00
7.561160957456609655e-01
1.126176010499619629e-01
8.938451517522134182e+00
1.272708825480484141e+00
7.865312237060428924e-01
1.898221331731729926e-09
1.125727922183296065e-10
-3.159872767453328027e-07
-4.346597334163267346e-05
4.876574627815243729e-02
1.853362430875692818e-04
1.900372256327675935e-04
1.845358252350521081e-04
2.014842548601576200e-04
1.582946930565177330e-04
2.322892496195325075e-04
2.345063900290024429e-04
1.925593829509122164e-04
1.844114367854842666e-04
1.824853480329135223e-04
1.871020521911865111e-04
1.797579261680415721e-04
1.827087447789301107e-04
1.910578840696850909e-04
1.804569124967322089e-04
1.818361204091129631e-04
1.842948274376969672e-04
1.825498198050634104e-04
1.817263938669413416e-04
1.879733847094892788e-04
1.875939353531590257e-04
1.950235520520676399e-04
1.919074071972234809e-04
1.888597964898105369e-04
1.828938338159892345e-04
1.825172442487528024e-04
1.779723221895668380e-04
1.952927009111235881e-04
1.816318204993420493e-04
-1.729959676980343951e-05
1.327088736706152750e-05
-1.216085430385176007e-05
9.773826751666011496e-06
3.756970864573725447e-06
-1.566725619523822318e-07
-3.554386021200138022e-06
5.235815460263033890e-06
-2.703142582214475194e-06
-8.535540237903655417e-07
3.236789276366954719e-06
4.692905079606704179e-06
2.289807511694029057e-06
1.355349228541425606e-06
2.147505800177791000e-06
-7.384318594619010062e-06
-1.000519091077957418e-06
7.411504659348651638e-06
-1.509580861034317588e-06
3.192318939070640963e-06
-1.553140382928490153e-06
7.500105647518942606e-06
8.041913553883206722e-06
-2.528612426059634290e-06
2.269356521827990766e-06
-4.063879377396268490e-06
-5.386848296640110949e-06
2.200412988534353945e-06
6.225796433244068991e-06
-9.696614417422332044e-06
4.146313569067803292e-06
-2.923026657299733871e-06
-1.987048649317632662e-06
1.128160815719668312e-06
-3.934857988103730909e-06
3.068111955581473467e-06
-1.542275138044941555e-05
2.516864632860207718e-06
2.772960386332868325e-06
1.122938067671148671e-06
7.328005369986732682e-07
4.615160713918118051e-06
4.200628769477590769e-06
2.190300319339412889e-06
1.764476037268462863e-06
-3.582002596232379532e-06
-2.624142064581940977e-07
4.972322919046052803e-06
3.082987432229627352e-06
1.005115313379716953e-05
5.479645259125924977e-06
4.739660476956540653e-06
2.165211030679877884e-05
-8.558024202744015286e-07
-5.678967726469276786e-06
1.866192288002101487e-06
-4.920901810973683193e-06
-4.005221866418001985e-06
-6.291216400518674054e-06
-9.131286249902117745e-06
-2.334071487711697235e-06
3.120651340938591834e-06
-1.655601354463909692e-06
-1.170932489590230656e-06
-4.544817777260267487e-06
3.178886710049587885e-07
1.125845356937799215e-05
-6.667475843624866204e-06
-4.525049507691056908e-06
4.492518430500489659e-06
3.563224871307746069e-07
2.055359638030140569e-06
-3.273968179620334948e-06
-1.302099700660893397e-06
-5.056958471124381547e-06
1.295969336541889649e-06
1.199488168384870316e-05
0.000000000000000000e+00
-9.836369462788873059e-06
5.386395471161776503e-06
0.000000000000000000e+00
1.746717242464336276e-06
7.021046901551255794e-06
0.000000000000000000e+00
3.769857253511808591e-06
