1.019163088078699042e+00
9.725765551597067571e-01
9.074899942824471433e-01
9.384315304617416587e-01
8.753053862083646219e-01
9.104477172074559865e-01
9.041969628923738345e-01
1.031482597558647463e+00
9.781096139784173360e-01
9.033580589538368066e-01
1.703299217733707849e+00
8.791134974498042709e-01
8.931947488265772339e-01
6.278545829002102341e-01
9.619558538078278875e-01
1.039550708671004742e+00
1.080498447152623775e+00
9.254999911650583222e-01
1.097005591934320456e+00
9.116643594358895264e-01
1.084761719326740259e+00
9.219141867345245211e-01
9.367440825387738368e-01
1.079800607771132626e+00
1.070331921628880245e+00
9.435050918387695162e-01
1.132251837926793847e+00
8.895614834256908576e-01
1.075566368266817285e+00
9.408099673253926820e-01
1.129011186300796332e+00
1.327625690594941288e+00
1.243998997385542760e+00
1.066346010388040888e+00
1.394479587277554389e+00
1.010726250886668121e+00
1.236241584415318062e+00
1.067504058795211375e+00
2.855356713867439090e-09
1.301685716249017463e-10
-1.419623456839789114e-07
5.343545694736148575e-05
4.950690335305719669e-01
1.731633806984659923e-04
1.804643455150275848e-04
1.763475081233036978e-04
1.802075669695987834e-04
1.723087944231453813e-04
1.796201249757320927e-04
1.819265210958257838e-04
1.767090661503064155e-04
1.772757987628882019e-04
1.793504654342827987e-04
1.752370612925954730e-04
1.759638462092368602e-04
1.821818678388810355e-04
1.770416119235281938e-04
1.732524963257696957e-04
1.718502964695368842e-04
1.846938786596400437e-04
1.795862504073026116e-04
1.835978324366083843e-04
2.669051071233128855e-04
4.998532541008720437e-04
3.296427730938144424e-04
2.442871370713414606e-04
1.927505266162039821e-04
1.888592280566591850e-04
1.787301047191875228e-04
1.814816407416044064e-04
1.830221239275942307e-04
1.882749987408757753e-04
-4.036190911525360495e-06
3.206771745582570247e-07
2.161945600223179874e-06
-2.904714768853750878e-06
1.819284991716367708e-07
-4.734635428471532795e-06
5.276989488200964948e-06
-2.390340761774202682e-07
-1.354093035031034991e-06
3.305329432513829849e-07
-1.829443323434242809e-06
-5.396594361264657465e-06
2.293569343012297875e-06
-1.862814723094843974e-05
1.786916315918855020e-05
6.933782179473210803e-05
-6.802462970681177098e-05
2.515685024471760292e-05
-1.133250011651911973e-05
3.919784718680530814e-06
3.254806310897564784e-06
-3.279151045929557736e-06
4.836014323113224081e-06
-3.149584787222825851e-06
-2.207856886919000419e-06
-1.549700766471799244e-06
-1.298021079236012624e-06
3.011507597215684886e-08
7.614049510692763359e-06
9.523039201069006431e-07
-1.656531866092686279e-06
1.607400210321094495e-07
2.580473027753817177e-06
9.394214527435182719e-07
-3.634404952908962547e-06
1.534325564752372414e-06
1.227200233032648649e-06
1.384918606089100681e-06
1.183900006923595860e-06
4.254186406729717923e-06
8.997203346448675131e-06
-1.261812392546652183e-06
7.713177472745152380e-06
-7.630325886181597630e-06
-3.042648407924776935e-05
-1.285496184505923824e-06
-2.527890873248800897e-06
1.093286643932578315e-05
-3.593365697216954946e-06
-5.925426413303388612e-07
5.099328822514655714e-06
-1.126826763736337966e-06
3.144382927927724191e-06
6.720284821841051147e-07
3.162160460333619294e-06
-1.546222971622128033e-07
-5.439369024760025129e-06
5.042361214392134233e-06
5.400070041420467403e-06
9.611139077351320529e-08
-4.316440126761723976e-06
4.960758301874043389e-06
1.541847694412977907e-06
-1.240977046405957921e-06
8.921343303103367973e-07
3.243750203102785821e-08
-4.001854021711775906e-06
4.917273542995816266e-06
-7.239064515058767985e-06
2.629992095097606608e-06
-3.264630407974338530e-06
4.792872416036437437e-07
1.436490494562162217e-05
-2.288020009434942104e-07
7.455141615409786778e-06
1.370815891719308226e-06
1.609824824116457899e-07
0.000000000000000000e+00
-4.311754388026332649e-06
-2.236393122624208357e-06
0.000000000000000000e+00
3.183299779705969585e-06
-1.085610306115083603e-07
0.000000000000000000e+00
-1.824450055166972054e-06
