9.320012459389440673e-01
1.000656358261234002e+00
8.461538461538461453e-01
1.405781573685446872e+00
8.041152516271887762e-01
7.823030024650106107e-01
5.778535816189690755e-02
9.363355134258504187e-01
1.586321223689303042e+04
1.223016625152854919e+00
1.328067013951045228e+05
1.257631840907718068e+00
1.191116181911375360e+00
1.475456302890142069e+03
1.073298291732948773e+00
9.348681253695145799e-01
1.370611448053177028e+00
8.072465937893982257e-01
1.249333503768000231e+00
8.691169408403649488e-01
1.459511965116980559e+00
7.602976293414334119e-01
1.824808320073816139e+04
7.613543173289420984e-01
3.912318239192328474e+04
9.443785497738281798e-01
1.205683719374608165e+00
1.242657465920597559e+00
4.765207554537836404e+04
9.157599011987445081e-01
8.869058386048229295e+04
1.080255291474809143e+00
1.907812627662169107e+05
1.496993247954015116e+00
2.364344641088745647e+00
1.670737581498162649e+00
2.324791062718946778e+05
1.431750258340152682e+00
1.865893818459468043e-09
1.086164610091735118e-10
-1.626504593773728596e-07
-6.965650959254262931e-06
3.085038782594401452e-01
1.702156754923729023e-04
1.242312590571753529e-04
1.702731233124155910e-04
1.969875459636884598e-04
9.084766116464037665e-05
1.811357231769010869e-04
1.919871988899463046e-04
1.684288135778783872e-04
1.725229322585227246e-04
1.805011100790605979e-04
1.783642511611719403e-04
1.885549144463720969e-04
1.809324691243645940e-04
1.783738345241614258e-04
1.862839381419981459e-04
1.766062746179484946e-04
1.727346032692620088e-04
1.742926020734981442e-04
1.745599543500216100e-04
1.319854339180654779e-04
1.814061866133061382e-04
1.789005753114489912e-04
1.912836076012581436e-04
1.707187404932222286e-04
1.791871230210332244e-04
1.841413644704438946e-04
1.754934557225577081e-04
1.608888233811479125e-04
1.809786764135499419e-04
-7.911905125009949318e-07
8.408519778443066423e-06
-7.875899614605430277e-06
7.429640879797161911e-06
-8.771055523971581404e-07
2.050002191750930991e-06
1.461163710086764497e-06
-2.516151235016136687e-07
2.494080537421699157e-06
-2.920216002674083043e-06
-1.678896758351018309e-11
-4.392491636698135169e-06
-2.563816664624659071e-06
-5.167589065880067036e-08
9.635371362012555766e-06
6.919976943486795710e-11
2.150415951535227558e-06
-2.631645448975696023e-06
4.264497762714018948e-07
-7.932492701110240874e-08
-1.238290090618523206e-08
6.780539635367683045e-06
2.753723580193044210e-05
-5.390765591385254649e-06
3.064801927492768799e-06
-5.543601752122455915e-11
1.597291279660047313e-07
3.278890572837606488e-06
-5.784524492063913680e-07
-4.813357125117203687e-06
-2.005064675511123874e-07
-4.146472573040420791e-07
-4.489132416384198680e-06
4.375376625873471262e-06
1.474008487667819165e-06
7.826923776155044567e-11
-2.832278264853238208e-06
-2.622676235062529432e-06
1.845093947938044019e-11
-6.222284981942841438e-07
-4.762098017721795327e-06
1.644443881185126167e-06
3.098192131149159728e-06
-4.352102691368628667e-06
2.507831130366274411e-06
-5.773305661955213404e-07
1.597585485473690980e-07
-3.188729817110151094e-08
-2.123154564014695150e-09
-2.724404705111061551e-11
2.681857244893020253e-11
-5.515767014007718748e-13
8.719248597442963807e-06
-2.211164490546978134e-06
-8.213953488238363901e-08
3.840463385717090010e-06
7.951948259838143213e-06
3.272566746795928459e-11
-4.217992072094180043e-06
1.938591943721792407e-06
-3.137211026091566149e-07
4.756576019319455569e-07
-1.463457687887600297e-06
2.598948648512781525e-08
6.389411848109432386e-07
1.197990903370341402e-09
1.313061984706025338e-07
1.443668550729626866e-06
9.299977450635438447e-07
-3.307119012966569592e-11
1.963263343286031190e-06
-2.046679351475676639e-07
4.699441164615327283e-07
1.753112225156196147e-09
-5.627236168866759301e-11
5.139867168293434036e-13
4.283014417404257913e-06
0.000000000000000000e+00
7.152278925396502725e-11
0.000000000000000000e+00
0.000000000000000000e+00
-3.478084732479966603e-11
0.000000000000000000e+00
0.000000000000000000e+00
1.574895833817296699e-11
