9.671396153696070197e-01
9.624580432273165398e-01
7.902324213003824038e-01
1.315174477551720233e+00
8.069027281513649896e-01
7.794241667815029473e-01
2.472205994818744423e-01
9.601776886592250371e-01
1.000345591507354470e+00
8.422219052391588523e-01
1.892988715610809836e+00
7.859658108503748686e-01
8.214622430183053936e-01
-2.740978935840887032e-01
1.014100022528282574e+00
9.891973576261157142e-01
1.331175074347600962e+00
8.542208301508784629e-01
1.407619242708926466e+00
8.276815440562605986e-01
1.398136554101791162e+00
8.140925779838033005e-01
1.070076972849130836e+00
9.746277911448082421e-01
1.486979475114883265e+00
8.286685854199543622e-01
1.324197507545726626e+00
8.646127929836633363e-01
1.488724630221812895e+00
8.108171796193310854e-01
1.262655975248533569e+00
1.131551488252485083e+00
2.086940892788904378e+00
1.137315794593211749e+00
1.604734571568618318e+00
1.226277559006191620e+00
2.206878956671371128e+00
1.129971452570615487e+00
2.255443158045732691e-09
1.114374283810163152e-10
-2.597292828754116742e-07
-3.958864913564798607e-05
1.888619753449773953e-01
1.910607828838557830e-04
1.520189508821417099e-04
1.287202262981450458e-04
1.510930588038164829e-04
1.134478331627681604e-04
1.894100796975667063e-04
2.331806817428266746e-04
2.098888527699029581e-04
1.972263370661524672e-04
1.922628782319947332e-04
2.089450537058047631e-04
2.118543569864106283e-04
2.171025118638174409e-04
1.963124271517579752e-04
2.118399172382650394e-04
2.073121043640402741e-04
2.005571146611491711e-04
2.221670760614777567e-04
2.221155673297287654e-04
1.896059695655857207e-04
1.913297251532095175e-04
1.821927640158062613e-04
1.930107945486207689e-04
1.937767824561581573e-04
1.919929948453207209e-04
1.890450780879652289e-04
1.868403135284863153e-04
1.906182413874734965e-04
1.891724475524007767e-04
-1.807482691653643523e-05
1.761075603567074325e-05
-1.632995426625150382e-05
2.205636856856099985e-06
3.012600402856990818e-06
-2.009655752337391017e-06
6.793212983917054416e-06
-4.696689219598917757e-06
-9.902941513680920267e-06
-1.687516798897384706e-06
5.902462800438668173e-07
1.051853265273355979e-07
3.605131014224719603e-06
-1.430300385025129466e-06
-1.974135009303733860e-06
4.822587953482996000e-06
-4.610211763654927493e-06
2.444255932821109780e-06
5.484017202821693814e-06
-4.400373355948843187e-06
-1.040995729822654422e-06
6.444495075132410637e-06
2.508415590019763737e-05
-1.865342669734854872e-05
1.165821545209685671e-05
-4.603554193981537990e-06
-2.717152062159878280e-06
1.392031651127115411e-06
-1.572722790102386457e-06
6.340287013629215350e-06
9.648677058495605801e-06
-1.996072289465936305e-06
1.724939970339982226e-06
3.900769733065138732e-06
-8.322889134650253792e-06
3.240164733698405017e-07
7.185341307397398710e-06
3.953488773553610745e-06
-1.149066595216315051e-06
3.563654993292950975e-06
5.683724352862491014e-06
1.822450582975705733e-06
2.885609995797236619e-06
4.325554883403610838e-06
-7.942774424455890893e-06
-7.018554480973769898e-07
9.374199223830151375e-07
-1.463974534963017204e-06
-4.023386935243570283e-06
-2.510395169408789408e-06
-5.139349726424546715e-06
3.897587008629946928e-06
1.129904072130573353e-05
-1.433260655254832831e-06
1.085658495219494124e-06
-8.340361591026328240e-07
7.694693450322606849e-06
-4.190550180171878514e-06
-1.115340606378215307e-07
-6.016228678844687668e-07
3.229470761573524613e-06
-1.583497617789478431e-06
-2.688743996766373087e-06
1.309252858255319016e-06
3.704675372913036188e-06
-1.307697014700023773e-06
4.957723371318506576e-06
8.183160182068561322e-08
2.720612149998394950e-06
-8.172547793798094073e-06
6.338132682318873288e-06
7.078286276783155056e-06
-6.539613704314502257e-06
-2.910657899929406684e-06
-7.975554849780131253e-07
-1.368121215340068123e-06
1.260029437607928336e-05
0.000000000000000000e+00
-2.209888553542515804e-06
1.383166222048285179e-05
0.000000000000000000e+00
6.143616080048388265e-06
8.540274502217556430e-06
0.000000000000000000e+00
4.447523914072635948e-06
