1.520842197488728731e-01
5.851541445049617263e-01
8.128654970760234022e-01
1.189493751281700762e+00
6.975878025282005179e-01
7.504671892598127059e-01
2.411294104649669201e+00
1.520842313646488531e-01
5.851534018210200472e-01
8.128654970760234022e-01
1.189493795424441558e+00
6.975878063839064946e-01
7.504671757936968168e-01
2.411294104649669201e+00
3.850473626158995799e+00
2.597083104819907229e-01
7.523410429349508544e-01
1.329184429583243343e+00
1.916074890538955744e-01
5.219002685843447509e+00
8.201598230111828425e-01
1.219274551067230483e+00
3.850468224208128731e+00
2.597086748393463429e-01
7.523400880555972670e-01
1.329186116618702451e+00
1.916074960787164383e-01
5.219002494501505218e+00
8.201587712692506305e-01
1.219276114637382502e+00
3.850484279677572008e+00
2.597104864736318741e-01
7.523432268379197652e-01
1.329195036090881077e+00
1.916075203652988779e-01
5.219002964677141421e+00
8.201621555925281415e-01
1.219284273030896593e+00
3.867879533014097530e-09
1.935865302314471523e-10
-1.465737341948395723e-06
-6.219227872500603745e-05
5.498504803715721367e-01
1.957526669717860610e-04
1.966094176316450200e-04
1.767624447170074544e-04
2.160240643997584113e-04
1.395907764158219717e-04
3.181861960364721362e-04
3.118773536959642363e-04
2.107909601517109384e-04
1.870104757225760376e-04
1.950494466056439417e-04
1.989215899754431891e-04
1.843013304732923365e-04
1.924739359326552960e-04
1.956025208150768990e-04
1.978514605802330511e-04
1.895389990299376610e-04
1.873806260428228457e-04
1.905225495509222820e-04
1.921892996260242403e-04
1.854505858556585091e-04
1.929479979408130555e-04
3.437161070399269306e-04
6.431965266151440288e-04
5.400681780695291674e-04
3.763745392186250037e-04
2.560860214415673674e-04
2.004269859040034240e-04
1.901970141473662164e-04
1.876846135860641741e-04
-6.109504402918080583e-06
9.359405968445525952e-06
-4.767767295878386677e-06
1.574289984608517016e-05
1.717915125806132073e-06
4.679610827452131413e-06
2.616554001197367963e-06
-2.088387313195641127e-06
1.349029548525376161e-06
2.194607840620523826e-07
-2.776301122068232784e-06
3.130260132621534700e-06
-1.875656104539088723e-06
9.194936438179499076e-06
1.487512103292450613e-05
4.000098453706784870e-05
8.153160076929440853e-05
1.411296063189188783e-06
6.764478503627967188e-06
7.416850859890840456e-06
8.079787568902981938e-06
7.565919875287916715e-06
7.326821076822286559e-05
-1.557388801300535125e-05
-6.073041004134987624e-06
4.670171645753274170e-06
-5.022699685857982349e-06
2.095981211665379589e-06
2.260118056510632152e-06
8.829735919269719740e-06
2.990708131529166437e-06
-2.634023615391123084e-07
2.924032248520634268e-06
1.017250939347473157e-05
1.038722520707533671e-06
2.882234968787007445e-06
-4.854998776197079054e-06
4.462481868266650975e-06
-7.307053635497688970e-06
-3.728396429448698152e-06
-9.622101308589369166e-07
-3.275118522580516836e-06
-1.117871593906951908e-05
-1.571021772791285544e-06
1.017795649318243210e-06
1.952470429291912511e-05
-6.290105889335710290e-06
-6.662106190785272992e-05
6.066104532494326227e-05
-4.667596132690499848e-05
2.582451041406847554e-05
2.264227757377002569e-06
4.846220451832018483e-05
-1.280704687537962857e-05
-2.890220869199506836e-06
5.498124755388833908e-06
-2.154380621012479312e-06
-1.071765137806841773e-06
2.069037354836747625e-06
-2.108921317427050269e-06
4.158695755983855499e-07
5.783895262795085027e-06
-1.077604567369195711e-05
3.250971233366388362e-06
-2.664245905580164013e-06
1.819424837980275987e-06
5.819328872992172084e-06
8.353204250994960349e-07
1.245125846738858263e-06
1.808793888934691971e-06
-5.096611115792420733e-06
-1.065514432112014739e-05
-1.006399393547097937e-05
1.236674883790581759e-05
-2.108811817014264480e-06
1.148737446283842140e-05
4.071443959611413879e-05
0.000000000000000000e+00
-1.101634462687901498e-05
2.098542542545166176e-05
0.000000000000000000e+00
3.921692358309087925e-06
1.659113053674099721e-05
0.000000000000000000e+00
-7.989240346321594820e-06
