1.000751138479673452e+00
1.088858694282506701e+00
9.849590048063332492e-01
8.908821439924702323e-01
9.843834089558539668e-01
9.636487408347973460e-01
7.698795847479222854e-01
9.975624363660611227e-01
1.078480446719368047e+00
9.819113245263175749e-01
1.419882385551313853e+00
9.964692783152033773e-01
9.627123691235712766e-01
1.421217779800359182e-01
1.047254165772082191e+00
9.548793473005757759e-01
1.093098083820458033e+00
9.148495860242951139e-01
9.947940858952692977e-01
1.005236920284376945e+00
1.137139508886401806e+00
8.794749779011836743e-01
1.125234179475435470e+00
9.227760209603946828e-01
1.096313667862081953e+00
9.340501959527798270e-01
9.971936963710800184e-01
1.006321830633824188e+00
1.128699780287940380e+00
9.071633755915539110e-01
1.424150490745736075e+00
1.155010829667514116e+00
1.387718055109872672e+00
1.139823286605842423e+00
1.083337284233881093e+00
1.098926293521095721e+00
1.432687537294139890e+00
1.103655854384580026e+00
2.967187053876278632e-09
1.159257940054652300e-10
-7.140381086663169054e-07
-4.109772781662173878e-05
4.091429662149265178e-01
1.734626405881944554e-04
1.819564616925394690e-04
1.719017178392902539e-04
1.852238302990374084e-04
1.681936495352088427e-04
1.794401584994797117e-04
1.910843766586537589e-04
1.840587407816516967e-04
1.774637593903339726e-04
1.795679868097687433e-04
1.750697305156779246e-04
1.820925607197024037e-04
1.774104022702641071e-04
1.757294387531765966e-04
1.706674919324831902e-04
1.877796231258927688e-04
1.580604979828290329e-04
2.794752918530669450e-04
3.560187971924101127e-04
2.001985347628793877e-04
1.841261581687952866e-04
1.725897979432271289e-04
1.728255570833933446e-04
1.828106684912874920e-04
1.787224319731450805e-04
1.741752021629875140e-04
1.698175058599985334e-04
1.727961933554174150e-04
1.756078661135189998e-04
-5.216093616262198676e-06
5.450433056267217293e-07
-4.763586594659449541e-07
-5.387290265672117907e-06
-2.173214747484956039e-06
-9.736382867077918846e-06
-4.757326759394190862e-06
-2.450218029802587147e-07
-1.046479929635700548e-06
-3.134620082342210019e-06
2.678670726043175152e-06
8.344256016001452234e-06
-3.662570573415261131e-05
1.503819745447428736e-05
-1.301766093101602305e-05
2.537793450267187051e-06
8.348504980985783772e-07
6.769262729810513903e-08
-4.592253522600373374e-06
-1.737131397563612047e-06
-6.047252973901660730e-06
-5.640664984321339187e-07
2.308691798935465430e-06
-1.985490399686576364e-07
8.451642336948445606e-07
-3.656704458098053638e-07
2.745970326894172643e-06
-1.979768997807712156e-06
-1.543314601310125054e-06
-1.230411283059432768e-06
-8.008921981019123990e-06
2.358515045509886515e-06
-4.079407004511908448e-06
-3.762562758909328398e-06
1.045637566282587446e-06
5.288930397860062355e-06
-3.869688253417707561e-06
1.121049877133694754e-06
1.028868514534839488e-05
1.344572527209426127e-05
3.444577791022154178e-06
8.238359868516066554e-08
-8.320563949473481670e-07
5.223013676357551099e-06
4.820114781843995447e-06
4.991657201485570176e-06
-3.195153753050337238e-06
-1.742102757539138970e-06
1.027379324191863407e-06
4.089839430055187893e-06
9.993179734546655431e-06
3.494081063213073840e-06
1.119638186167914405e-06
4.427431998709757265e-06
3.493966566423565578e-06
5.520466671907758044e-07
4.616616595887608512e-08
5.684964591426603674e-06
2.208166790214584265e-06
-1.376326826643163834e-07
-8.101235859831133286e-07
-3.318456566631426495e-06
-4.355926046892420274e-06
2.134866728633767939e-06
1.540495463695566373e-07
-3.003432717565450718e-06
-2.775068769464737347e-06
-2.006816727536648529e-06
3.063387682025342557e-06
-3.768249870127650977e-07
-4.538763581780010181e-06
-2.510922671539831609e-06
-4.084879407101481324e-06
-3.864694854860271011e-06
-4.747803119714509218e-06
-2.978269149129041377e-06
1.415058233784496309e-06
0.000000000000000000e+00
-1.160603370166685177e-06
1.218364304776885445e-06
0.000000000000000000e+00
-4.942765281206735414e-06
8.494460127985726163e-07
0.000000000000000000e+00
-3.610099768985192034e-06
