9.017877066536583719e-01
1.017711444995489156e+00
9.470068938154043714e-01
1.080507974027269835e+00
8.898222149469512399e-01
9.322734522043418792e-01
6.210543969834139144e-01
8.348630008386062062e-01
1.027178060354842160e+00
8.477855256937851802e-01
1.330864828000893452e+00
9.161868666438055531e-01
8.403755503853526099e-01
4.125649490041192191e-01
1.217539937885429469e+00
8.223655098017781384e-01
1.245125049011845952e+00
8.035042625423755025e-01
9.648273449993037820e-01
1.036749694394361487e+00
1.286692340490842135e+00
7.794937650699520493e-01
1.461393809255343346e+00
8.479639519659251112e-01
1.524585175426909078e+00
8.821694353675983979e-01
1.249797733385662690e+00
1.611010638049330979e+00
1.861781548867201153e+00
9.003720956336167536e-01
2.745475605273653308e+00
1.135589923971383364e+00
2.709680393476060711e+00
1.555612715911257382e+00
2.684622815007451813e+00
6.298276029220772898e+00
3.527248560479569139e+00
1.718422769179728249e+00
1.622058460627593972e-09
9.440858746000062395e-11
2.305793235751090040e-07
3.902744807263221097e-05
4.252808156907280646e-01
1.559524237570705579e-04
1.608327833761579362e-04
1.527398004353103613e-04
1.644688347094735764e-04
1.525961340017732606e-04
1.614336720651155248e-04
1.772578361328295865e-04
1.749689517490929033e-04
1.695586064809381614e-04
1.688362384570889891e-04
1.737268069044695345e-04
1.750744184267561863e-04
1.726426983772328934e-04
1.625616377754352513e-04
1.609967121632471039e-04
1.466710334859963301e-04
1.660906053802510324e-04
1.374118224457239544e-04
2.528376007788332627e-04
2.061624439843821595e-04
1.708077233910800083e-04
1.696584254190487240e-04
1.642387876464747169e-04
1.654163355372996491e-04
1.622509234250149070e-04
1.593652482822388063e-04
1.505999991166685347e-04
1.490106487530256502e-04
1.556982135580334118e-04
-4.185625994408192225e-06
-5.111989885540204345e-07
4.009610173767913361e-06
-2.010178794295247082e-07
6.322435621829815690e-08
-3.222488076363840893e-06
-1.288560154239037907e-06
7.148815625148213128e-08
-1.113545419150326664e-06
-7.103842303620889867e-07
-5.151039587373779788e-08
5.940388557911478401e-06
2.310995074352832363e-05
3.126547694943976769e-06
-1.039543437159480590e-05
1.237498025158129895e-05
2.780314045603300383e-06
-1.227756117585757244e-06
3.004665391746835866e-08
1.053979552772590164e-11
6.991980349207920233e-07
2.492879192094710353e-06
1.952709989592063411e-06
-1.457117690421722457e-06
-7.054956443117655496e-07
5.721503897272575450e-06
-8.269711541245116761e-07
-1.291790476301835567e-06
5.472567305105858070e-11
1.059882623188607950e-06
2.476773937229844882e-06
-1.531787191750733303e-07
1.863619380875340400e-06
4.302585121377931409e-07
2.124765226841439387e-06
-5.066263921226577747e-08
3.310352536734190793e-11
-8.441423022273494131e-08
-2.322597164056335885e-07
3.351288902077430010e-06
-1.042035614665494806e-05
2.675942387906030269e-06
-1.943797647250869099e-06
1.266382888856688303e-10
-2.551426537227456148e-07
3.216769527428642243e-06
1.311415205270221347e-06
9.605893946949579485e-07
-6.893205087522400782e-12
1.235588509904188963e-10
2.365111466756267861e-11
1.380315983478270379e-07
2.519209723633624020e-06
-3.543623904544182395e-06
3.411440854181574464e-07
-1.395421621444869951e-06
1.469907459156437832e-06
6.467744871355087394e-07
1.962427502461380442e-12
-4.348550406358053482e-07
-6.144151927558396279e-07
-2.537800498408937323e-06
-1.919103390020372612e-06
-5.919370129501324357e-11
7.449065867793189876e-09
-6.151618186591984558e-07
1.344494115570485943e-07
1.161908035793827498e-06
-1.222191270166440234e-10
4.915685977777654449e-07
-1.925173214552146300e-06
4.844281108162102956e-08
-3.675959666769574804e-07
2.059362025022198536e-06
1.232578284856736773e-10
7.777561464670611072e-07
4.681572379945343257e-07
0.000000000000000000e+00
9.338408517169662401e-08
6.595622951944158973e-07
0.000000000000000000e+00
-1.562687318040409015e-07
3.140476588320724822e-06
0.000000000000000000e+00
-2.844314678058125531e-07
