1.033905983956066255e+00
1.053253811977419296e+00
1.403669724770642446e+00
1.720974643136893967e+00
1.836268098110634517e+00
1.432876265185248243e+00
1.360251262585552734e+00
1.010447200761044773e+00
1.018968258550040806e+00
1.454384236453202250e+00
1.508269294567567753e+00
3.178753449559518440e+00
1.891624010403279543e+00
1.134042706111274113e+00
1.028873413841482343e+00
9.719368646783492771e-01
6.666390668895013638e-01
1.500062102069626979e+00
6.877996372776112866e-01
1.453911787389294163e+00
6.530514570438040733e-01
1.531272902332601493e+00
9.989266266335479205e-01
1.003423412117754099e+00
9.455490412261762234e-01
1.542498788295156853e+00
1.060150681770271719e+00
1.521677927482695258e+00
1.038760431363781045e+00
1.959329490263442386e+00
1.039682879878500721e+00
1.091885145086897158e+00
1.162425403540557900e+00
1.810281259053143188e+00
1.331753237945694668e+00
2.242280019871874419e+00
1.106352228827809592e+00
2.687796888203692891e+00
1.637744832584982408e-09
6.449990548682363059e-11
-5.611025826504246996e-07
-4.046884137218883848e-05
4.580337257397391060e-01
-1.479110360844873592e-07
1.585982725348693451e-06
-5.684357568172548631e-06
1.476269002001517791e-05
-3.204913445544824440e-05
7.305407070957489594e-05
1.728398397475408620e-04
1.748754827592095427e-04
1.745369514024425704e-04
1.767477295638869442e-04
1.753706403683286997e-04
1.725685930998661541e-04
1.819162504764651282e-04
1.704971316997047756e-04
1.710738281240570334e-04
1.766866970875725972e-04
1.698702976239212475e-04
1.917988159317502198e-04
1.746853040486462578e-04
1.812748989658595023e-04
1.947226393201006674e-04
1.808309788487976865e-04
1.794864486644555455e-04
1.980063800574650198e-04
1.716891470401364845e-04
1.274219473861243964e-04
2.163382766065823125e-05
1.046234690168129858e-07
-3.184480119639144883e-08
-1.836188668466650893e-05
1.741904821181147628e-05
-3.106687583226489624e-06
8.616164424133039543e-06
1.018147814313126371e-05
-1.160914518144996915e-06
1.017457273814766856e-07
5.779065681980653019e-06
5.917119636445572508e-06
1.586649018693843036e-07
3.470076936875834407e-06
-9.579171445718852491e-06
3.476204103418250490e-06
-1.654507250476486990e-06
5.615724414326877763e-06
-6.609634989129343597e-06
9.813283558708346542e-07
2.648218006718848274e-06
5.389927497511456238e-06
2.482500834272903479e-05
8.890786572024644065e-06
7.991177357591593811e-06
3.443135509884343975e-05
-1.184754214706824138e-05
5.837233017666495932e-06
-1.651728370756395549e-06
3.910774620903329876e-06
1.240205186445054794e-06
-5.868055301544051954e-06
1.034135967373357070e-05
-3.919650618494972327e-06
2.980590177083780178e-06
-5.461344208876867966e-06
-2.404772793661248261e-06
-7.529707902803022978e-06
2.663940098020650665e-06
-1.576153570804019736e-06
2.896105320917129080e-06
-3.565630374914621167e-06
-3.888287345797627603e-09
-1.102705341529192731e-05
2.714572706767411119e-06
8.298107008671459344e-06
7.285990180477654956e-07
3.409566886484421832e-06
-5.190262073776203257e-06
7.596136283113821330e-06
-3.457914420241296147e-06
4.171693746760142810e-06
-5.967468693883653440e-06
-6.884018983120814434e-06
6.249340126600599413e-06
2.545942342822231269e-05
-8.519689900431461782e-06
5.520305454197767784e-06
8.651870595249852561e-07
1.908415188690031844e-06
3.283346539576265228e-06
-7.382689717340956517e-06
-5.032395289986292411e-06
4.013034202373827541e-06
-3.020618211993765021e-07
-2.232437790454647556e-06
1.339373830623673302e-06
-6.845867017783358160e-06
-5.321810850404643090e-07
1.545949639637481718e-06
-4.910321759910143751e-06
-3.305833561075099479e-06
1.829253757848374722e-06
-1.860370326655977618e-06
-7.308775928967052582e-06
1.293893889655539312e-06
-2.674937937956501239e-06
-3.347685754761006519e-06
-3.171420972864370055e-08
1.814470149965794442e-05
0.000000000000000000e+00
-5.537031365312321217e-06
1.201828802659253529e-05
0.000000000000000000e+00
-1.430184345095720332e-07
1.016137306607949335e-05
0.000000000000000000e+00
-1.698762809833723297e-11
