2.458904220564804288e-01
6.911531520814064855e-01
9.095448545026689757e-01
4.297416635065637869e-01
8.670343494251520067e-01
9.453309454322025296e-01
1.026426029842288479e+00
2.458904471772156985e-01
6.911537704348560407e-01
9.095448545026689757e-01
4.297417445525598678e-01
8.670343625966246970e-01
9.453309341195426097e-01
1.026425093209514250e+00
2.896121408973342248e+00
3.461263420870493435e-01
8.661301831493233294e-01
1.155822079707833350e+00
3.036203579479754833e-01
3.301230613143638415e+00
7.951499973764968310e-01
1.257722399479489273e+00
2.896124338029706813e+00
3.461259766733162380e-01
8.661303797804705829e-01
1.155821820722386484e+00
3.036203579127411678e-01
3.301230596028460695e+00
7.951502238780816523e-01
1.257722044057323352e+00
2.896139469553428825e+00
3.461278041518190962e-01
8.661357211511251375e-01
1.155826726422849227e+00
3.036204481725152116e-01
3.301232150802620779e+00
7.951551845767932392e-01
1.257727379692942460e+00
3.119541535139994194e-09
1.260990281738953535e-10
-5.598363876540274760e-07
5.051527456798904521e-05
2.028250923706955144e-01
1.465466584016912968e-04
1.487683862806278416e-04
1.245105591514170747e-04
1.688950728420181855e-04
7.512519837045867352e-05
2.893405459090367437e-04
2.457130306108576499e-04
2.479420470217473006e-04
2.318468849685220365e-04
2.276290694564545296e-04
1.939059781023672957e-04
1.863657843517589120e-04
1.819825161917579780e-04
1.973367649297024201e-04
1.883698755804106098e-04
2.162624940712586747e-04
1.536415873270218304e-04
3.615121562718711257e-04
3.372693705615764453e-04
2.541834184955313629e-04
1.985449152068604532e-04
1.867443674515279991e-04
1.972366962872588005e-04
2.056632471574239480e-04
1.842388264863659250e-04
1.437341177702547196e-04
1.391280737606851413e-04
1.495071376856383933e-04
1.533580576717183982e-04
9.841731209470376204e-06
-3.587108655573145017e-05
3.122093614940769739e-05
-4.039529945747522379e-06
-7.260847272946697770e-06
-9.078335707361098622e-06
-5.820690899734254894e-06
3.469255521839535312e-06
2.155775857690122374e-06
-2.207613298634852893e-06
-4.206602420668224694e-06
5.133881228262097588e-06
-5.126176685678859640e-05
-1.235460690349355974e-05
-6.525675919393255843e-06
2.799561708139911484e-06
-7.026919315690438879e-06
1.324513285942286628e-05
1.134360200771053050e-05
1.360379953237080274e-05
-9.658626180656974681e-06
3.005747794101596755e-05
1.102943557449628505e-04
-1.870153947773212907e-05
8.449178139508284921e-06
3.869888130416277656e-06
-3.510324117350859054e-06
-3.390768739843815069e-06
-1.360293855531867160e-05
5.930531882621172080e-07
8.854773648241108382e-07
2.366511732126336568e-06
5.412578833675050789e-06
7.288666789141818624e-07
-2.914860747610041863e-06
-3.182625191076399656e-06
7.411337422892887177e-06
2.605159076604671251e-06
2.291334047486983733e-05
6.566068251720076090e-05
-9.374323624857979485e-06
1.408408406237514958e-05
-1.790331321294830403e-06
-3.455421837670771003e-07
1.437503774957334479e-05
3.192491567375310070e-06
-6.303507940079678147e-06
-7.099706179300404941e-06
4.267014681888480146e-07
-5.363957821177142548e-06
-2.009697210739921654e-06
-1.217030080175668928e-06
8.517683052302197689e-05
-3.802348825885957053e-05
-4.198191514839693639e-06
-5.332888722361828725e-07
3.416162566106366218e-07
7.149272870975382945e-07
-3.060500894364822837e-06
-3.846502604334462244e-07
-3.546239637857115739e-06
-2.551962487120915923e-06
-6.038266361672886903e-06
1.853499112929244564e-06
9.471786494118268691e-06
-7.824061125791455397e-06
6.466421575654730692e-07
-9.593885466366708687e-06
1.375086261406682162e-05
-9.869075969637668058e-06
3.916272421058572225e-06
-6.549297035750882492e-06
1.295655838572873197e-06
-1.246293027791486521e-05
-1.744804157304270909e-06
-3.674264588024930715e-06
5.698028016564221838e-05
0.000000000000000000e+00
-1.680526337032014347e-05
4.806423671796671341e-05
0.000000000000000000e+00
-2.664345535296223682e-06
3.499112151939192479e-05
0.000000000000000000e+00
-5.660817216193889715e-07
