4.571359909114621756e-01
8.998970157306636075e-01
1.078895892197348383e+00
4.738332230234812426e-01
1.275520728501689849e+00
1.102991921965251976e+00
-2.138544830077572234e-01
4.689928131437050007e-01
8.886282683875820210e-01
1.430812122152272270e+00
1.065366295254128959e+00
1.572429140433039496e+00
1.413729498557735109e+00
1.380273392159192536e-01
1.726960178579291849e+00
5.791877230051998282e-01
7.060425211233393172e-01
1.429130468800994702e+00
4.154964466077112895e-01
2.436621641559902240e+00
7.215942437545885824e-01
1.385903997390532716e+00
1.853521752204511985e+00
5.492227339029102096e-01
8.566087454130830725e-01
1.542558008319850016e+00
4.443582080454299144e-01
2.998190410749635770e+00
8.729201293232211611e-01
1.586233225351392884e+00
2.178729350816195787e+00
5.901328379117789513e-01
1.290009771318734400e+00
1.907769796387791983e+00
6.032757360775777844e-01
3.461157497802370031e+00
1.341030480509804557e+00
1.877982647337019584e+00
2.575100490880065413e-09
1.480338609617359990e-10
-3.153655249586715855e-07
-5.042705523803506294e-05
4.226046570810535474e-01
2.123850220857158180e-04
2.106401899024459303e-04
2.010252725383775206e-04
2.135567454096421597e-04
2.011026927311184126e-04
1.988415715276326229e-04
2.358811731829711243e-04
2.311552320990231115e-04
2.071727102787975709e-04
2.042509176195776851e-04
2.082713859148412603e-04
1.992059748308746474e-04
2.019379505435235731e-04
2.096749020700690042e-04
2.095291752945702200e-04
1.960113486071464906e-04
2.149266982285791164e-04
2.777836861404521063e-04
2.945648634084244892e-04
2.832780894872792207e-04
2.316163127628514517e-04
2.039504998618125564e-04
2.248031856363098271e-04
2.135201174458029494e-04
2.032676225097017494e-04
2.068273586381978106e-04
2.092455308791751672e-04
2.025895077858317012e-04
2.053315101011596658e-04
-1.267529265296083482e-05
7.050000193170288785e-06
5.349767786230852731e-07
1.021002125260606487e-05
9.004222365503343228e-07
-3.701243985843214123e-06
-5.202129040857365923e-06
-2.559960114569178398e-07
-1.170028199764277544e-06
-1.051684615920931549e-05
-3.349949852088746073e-06
-3.079956247360550530e-06
3.285167152705834005e-05
7.826971678526423935e-06
-9.511547808789776171e-06
-1.232473148199044122e-06
-1.770442554888221847e-06
3.652147612528830266e-06
8.218785037238620001e-06
-3.623128517482999454e-06
-4.787489205155767690e-06
2.721090581125109002e-06
1.994841656344436908e-05
-2.048273830401535462e-05
4.805028003495205732e-06
8.281277434648892783e-07
-6.873279827793140790e-07
-2.051273245341766772e-06
6.997765814182717735e-07
2.693885714573321246e-06
5.228976743514969197e-06
2.299596081720612482e-06
8.769885539989151358e-06
-2.755169678065424630e-06
-7.622741182181708238e-07
-5.401477600487335675e-07
-9.267203105052200643e-06
-6.499851216472326194e-06
2.354407644945571054e-05
-2.187974264328055904e-05
2.068271279612438724e-05
-8.239905445792477075e-06
1.490833029072442750e-06
7.528444789577642954e-06
2.232570919032837440e-06
-2.521425294491636315e-06
5.429413700734988480e-06
2.865527918212345418e-07
-1.776934446751268353e-06
-2.000226332410318159e-06
2.944609826082332879e-06
8.062960808487892517e-07
1.726036446124735955e-05
-2.496155684602405273e-06
-6.021118523810611591e-06
-5.400636475581100895e-06
7.900533575698655145e-06
3.464404445332414854e-06
5.522824175903940017e-06
-4.340714352073761509e-06
1.216821127189521106e-06
4.333197313166052515e-06
1.665520558899838265e-07
4.440929774781889255e-06
-2.352159955191355552e-06
2.303004840124272700e-07
-3.181054726945401647e-06
6.114920251610019976e-06
-6.490827287209229162e-06
-2.281502054572487680e-06
-2.394697932823620360e-06
8.449869949847975192e-06
-2.420940226770929575e-06
-4.983759369842525813e-06
1.253090366092876855e-06
6.332531359946792967e-06
5.582361474301652911e-06
0.000000000000000000e+00
1.356626851359686140e-06
2.797784538178118906e-06
0.000000000000000000e+00
5.363757734981142397e-06
4.609579503930789853e-06
0.000000000000000000e+00
3.174211442160180530e-06
