8.719305458325301572e-01
8.978364934037899037e-01
6.248730345752244730e-01
1.740706804486794823e+00
6.752419046691028326e-01
5.863406705444749178e-01
6.808215335193210649e-01
8.738749108875050187e-01
9.011428794023067512e-01
9.041614557942976305e-01
2.097695582921437207e+00
9.548860676921520074e-01
8.948208512560228423e-01
8.569796540091050296e-01
1.037133059230407106e+00
9.644468150376663829e-01
1.428111444132132979e+00
7.008366908713578036e-01
1.340542132823166366e+00
7.478264082600166729e-01
1.511570841054249215e+00
6.616676412852957601e-01
1.062172641826734765e+00
9.497511778681976269e-01
1.365103574161752320e+00
9.366314259404251441e-01
1.235375592428094915e+00
1.089394935011941179e+00
1.472380172924603325e+00
9.325138193378894602e-01
1.142877945550821117e+00
1.021766183738622935e+00
1.952095626054821231e+00
1.592624026076237431e+00
2.072195977026711322e+00
1.844709642968815455e+00
2.229620928381238265e+00
1.594109840896317465e+00
1.798480486937333682e-09
1.067408846038397705e-10
-4.725742741781727402e-07
3.795397773915505462e-05
4.735636571864859645e-01
1.882271682518150805e-04
1.806500164085356088e-04
1.849624005957596845e-04
1.826872870342290752e-04
1.797268195306722812e-04
1.828237438266749307e-04
1.830292532305968637e-04
1.828155761893356817e-04
1.822104468714221687e-04
1.868698266593155338e-04
1.780266549019276026e-04
1.746920938992835585e-04
1.840709260606822307e-04
1.738462135298957122e-04
1.843723134284531431e-04
1.803903230678795494e-04
1.837117280826615199e-04
1.806177594153096037e-04
1.710755337024325604e-04
1.990242236754909545e-04
2.117791024316002498e-04
2.074688392713432725e-04
1.912839587477611588e-04
1.803316819041766170e-04
1.901559582296381726e-04
1.812178208589015319e-04
1.728278627488025925e-04
1.825636831113012018e-04
1.852767603639222222e-04
-1.243562500311110717e-06
-2.694974739786597129e-07
-9.750127748593096183e-06
1.149205501924962404e-06
-9.932737762419965047e-07
9.141880482028940590e-07
4.998789961236033150e-06
2.890259344190132318e-07
-1.052339891273536413e-06
2.881160973140484049e-06
6.592325168756697941e-06
3.401348436246373395e-06
-1.924362955257010264e-06
5.909654648633944188e-06
5.812873894472370186e-06
4.404830483880833256e-06
-1.033013251282903581e-05
-5.408055875656233131e-07
8.025147715681763070e-07
-2.088214231585758254e-06
6.998737550703387232e-07
-4.839462763236087269e-06
6.341602135134184204e-07
-2.123549024862366401e-06
8.746443772860368408e-06
5.521609739801445278e-06
5.652783836687156885e-06
8.058334638886950293e-07
1.404031557859325344e-06
5.266013865232625596e-06
-2.891616872464265307e-06
-2.564217210010568336e-06
-5.650177489623733567e-06
4.022739757968127054e-06
2.840559407236673062e-06
-3.403387693753092368e-06
4.544701817289226605e-07
6.630659930245645498e-06
-4.063349543374687945e-06
3.136978026099745656e-06
7.212835866268835213e-07
2.992823147278534253e-06
-1.222193679203797872e-05
5.658650459339316840e-06
3.187496798591963381e-06
1.613692173196840915e-07
3.035136369167592314e-06
5.461544205354693652e-06
-1.199152703126684735e-06
-7.524877690621191846e-06
3.281176296030156505e-06
-2.044548928379130362e-06
1.770725562852899520e-06
-3.942951795830088827e-06
-1.798578240617927341e-06
5.334681870217849061e-07
2.176870755361718825e-06
-8.615815639325319345e-06
-1.186381751083838010e-07
5.360981742319260322e-06
-2.518463209074726048e-06
2.008748092991787806e-06
1.269100078176549363e-05
7.527603513714596883e-06
3.116199181808928970e-06
5.281189390624473546e-06
-6.435170410857957816e-06
4.827725393771179938e-07
3.508087236023331305e-06
4.823688435455224045e-06
3.165545924901808614e-06
4.889819851504837436e-07
-3.956554392749127896e-06
7.031530487512465824e-07
-3.006034342563040117e-06
5.325916097381051706e-06
3.676186836575999083e-06
0.000000000000000000e+00
-3.566559725655620221e-06
-2.376419799190156520e-06
0.000000000000000000e+00
5.870487598956575551e-06
4.444133494467488595e-06
0.000000000000000000e+00
-8.742796250263168179e-08
