9.475927247801249065e-01
9.208934035823324038e-01
9.417904456041750194e-01
1.351158552699053716e+00
9.130308791498431553e-01
9.826097752990775591e-01
8.152089807889635331e-01
9.391067146200234861e-01
9.380581251420248012e-01
1.106741631126337833e+00
1.427367888743543478e+00
1.112505793142672728e+00
1.104530585582867541e+00
6.686404378516341840e-01
1.049315119056901446e+00
9.564503409056543948e-01
9.042780470005229443e-01
1.106057430410106956e+00
9.809246655793403269e-01
1.028424451798168215e+00
9.248519104471638608e-01
1.081610915835616193e+00
9.672931223482734708e-01
1.072919680518928276e+00
8.967825083584496371e-01
1.176082638526580126e+00
9.472566836321987260e-01
1.227312829050484000e+00
9.174713168861761137e-01
1.179995951931921416e+00
1.269310906030817643e+00
1.483711018576742813e+00
1.094758706295099637e+00
1.705786701203423128e+00
1.391215572055306104e+00
1.867645080323918183e+00
1.071470599788975742e+00
1.733248669619363636e+00
2.187907818134974023e-09
1.174887825311220804e-10
8.711628551858015147e-09
-3.968575414191837089e-05
4.895661025575772651e-01
1.880698162441011634e-04
1.900227307325931189e-04
1.835852202195083715e-04
2.006830744728635614e-04
1.814887809275171995e-04
2.026252663432899308e-04
1.930874965239003267e-04
1.942583647260549091e-04
1.905092308506965790e-04
1.911823902704254874e-04
1.884279442724583111e-04
1.925982410521994022e-04
1.926011937031070834e-04
1.887990965181997024e-04
1.897010846161712122e-04
1.931124413488662030e-04
1.891473735448573963e-04
1.922187188235410771e-04
1.850719512330174343e-04
2.114986493663574931e-04
2.297303963319025566e-04
2.306825025828240295e-04
1.953286774612459395e-04
1.904851114034049504e-04
1.919690201062056590e-04
1.895292720215378574e-04
1.920474116684203400e-04
1.915761763479228606e-04
1.900131958738285212e-04
1.233378442422692426e-07
-5.000566545739002481e-06
-6.005121848173939019e-06
4.441326386206042398e-06
-3.175487953136551188e-06
-5.845801194594745764e-07
5.665294463143365540e-07
-3.816993315920282282e-06
3.998819461507281170e-06
-1.904732953396351229e-06
-2.753792557855139266e-06
5.817579458939121334e-06
-7.835885314158626082e-06
-3.023062028726851059e-06
-3.493244815718197867e-06
2.244271558624369548e-05
-3.266662427623782769e-06
3.497694355928448851e-06
-2.027256019574095924e-06
-7.401846186512745516e-07
-2.496425967380848674e-06
5.685862975236846072e-11
5.553257192937634539e-06
5.743641764651977180e-07
-1.084513265899704950e-06
-5.275639741927556979e-07
3.062693903492722487e-07
-4.396829188494479184e-07
1.525396544502081530e-07
-3.514751839377823385e-06
1.498043635726131160e-06
1.355680111313234590e-07
6.978704756251838654e-06
-2.976688127683221477e-06
7.049036928917242763e-07
-6.282386126655563742e-06
4.010098518495219050e-07
-2.768869191147373166e-07
4.071797604162752209e-06
1.517123422382502603e-06
-1.510057992468471720e-06
4.869555305113095739e-06
1.150148315061253837e-07
3.374797826201344621e-06
5.530949902695328314e-06
-1.274239808429620700e-05
1.344644294829452697e-05
-7.524948403337188229e-07
2.423899074762559644e-06
-9.323927894336683278e-07
3.741321184620600553e-06
2.916684253679795938e-06
5.504869163896127467e-06
-4.781240942879950904e-07
9.224665909140131290e-07
-2.128979763860318907e-06
4.188456970674502692e-07
4.536812460861791869e-07
-3.667099330305983783e-06
7.439183735975581675e-07
2.411233847062734600e-06
-2.316999923985872917e-06
-1.046168578054702427e-06
1.990988624268698810e-07
1.003291570084491123e-07
-7.339703002780245130e-07
-8.085288862556594615e-07
2.253364997652442663e-06
-1.169359186226384109e-08
-6.277449043810286489e-06
-3.041425362246109659e-07
-5.217438329000779514e-07
1.606312620949472917e-06
-7.200250527596777185e-06
1.218991007099159803e-06
4.702740328286247645e-06
9.906609446042007654e-06
0.000000000000000000e+00
-2.581375776478977413e-06
1.019006908765086208e-05
0.000000000000000000e+00
6.981439947204714673e-07
5.183221302601013252e-06
0.000000000000000000e+00
-1.579048734642947567e-06
