1.011794637116782969e+00
9.636680018152163907e-01
1.090045173733666717e+00
8.331566877292579942e-01
1.101653054716268176e+00
1.079034078555780152e+00
4.569927018554097442e-01
1.065353926136272111e+00
9.726846793407717406e-01
1.017102216556594829e+00
1.140100585553356360e+00
1.057009741650251744e+00
1.010767097465447684e+00
-3.412887480113441785e-01
1.005114553586776927e+00
1.001369607599134959e+00
9.065064134173170807e-01
1.104947643261585233e+00
8.630307652777877703e-01
1.160557982581041259e+00
8.946846165497870373e-01
1.118231288452637529e+00
1.017937118617278314e+00
1.061986810289565319e+00
9.862765008698217706e-01
1.061340136097661979e+00
1.011752841581761375e+00
1.053736708061445260e+00
1.037738624211293814e+00
1.035486746825978299e+00
1.353468734743670021e+00
1.559997155921146295e+00
1.494035835131203527e+00
1.482100350791848653e+00
1.598178853628044127e+00
1.425703854165160767e+00
1.609084374312430565e+00
1.322010935580991253e+00
6.437471852144626906e-09
2.033364885976034910e-10
6.782090960736706786e-13
8.015583884815091536e-05
2.768198167674257304e-01
1.670039268704558068e-04
1.717868940024572938e-04
1.642927167507834182e-04
1.652274668582401590e-04
1.560239429334328392e-04
1.705733561219965107e-04
1.844056010299387162e-04
1.873166587057735000e-04
1.758628809136248599e-04
1.743618314003597106e-04
1.747735369021572024e-04
1.740103400220008941e-04
1.681493572008086509e-04
4.580592138821526298e-04
7.813549415967760816e-04
3.183034795379367354e-04
1.798066305026387523e-04
1.744071896360994793e-04
1.633649340670222322e-04
1.772831985716311466e-04
1.743572927402708105e-04
1.665179812212506049e-04
1.675676278751253492e-04
1.723392001769433581e-04
1.719499732245922138e-04
1.753713691782506990e-04
1.691400247027381970e-04
1.672000302718342727e-04
1.672343307747662386e-04
-3.322254166993911886e-11
2.614367970427176052e-06
-7.870750011168422681e-07
2.276064314889630650e-07
-3.560516774591595775e-07
-1.146816077602788831e-06
-2.654369660890687175e-11
-3.657518930461358349e-11
-4.460150898573820917e-11
4.647653208547500781e-11
-3.479791082033274592e-06
2.594967600311603865e-06
-1.806889698515796814e-06
-3.183857875468295397e-07
9.887683622060491518e-11
-7.043369236208644312e-11
5.293763220263605350e-11
-3.821584723352809741e-11
7.061572282908652380e-11
-7.684713305598884660e-07
-6.081854189582498526e-07
1.152468428729462879e-06
3.115304663287806865e-11
3.011102048470333442e-07
7.672251722026654223e-07
3.085718481779195778e-11
-4.967966184783829741e-06
7.340861713747154757e-08
-2.897884540197231156e-07
3.828838105093203410e-06
-1.964913166589062994e-10
9.988270582380651633e-11
-3.469244406725295099e-11
-6.431714060407456353e-11
3.237716558029669200e-07
-6.766550098680253182e-11
-2.357218578720896094e-06
9.708884494867845432e-12
3.554639967236709652e-11
-1.051012578186818483e-10
-3.685685538045257496e-11
1.654344203922566557e-08
6.367869498380482103e-11
1.068707255985855733e-11
-1.187112621576104845e-12
1.882912718117607190e-11
8.270436122248876277e-12
1.198749384758937207e-10
2.425878390175934327e-11
5.437306646886326563e-11
1.898829335132418288e-06
5.013499058718969070e-11
2.053150824759556476e-06
-1.935985069714518580e-06
-2.202344443338165658e-07
-3.628478736575513687e-11
1.211460249496429399e-11
3.381054560901524343e-11
-9.303693865892893450e-11
-6.371505985749891292e-11
1.248679038040359266e-11
-4.565256086398524156e-11
1.655621107197476463e-11
-6.001865011008651214e-12
-3.233366135539903787e-06
2.949871595241622394e-06
-1.348196281337014720e-11
-3.695976053695697727e-11
-2.261852478071815494e-11
-7.162632989600171280e-11
-8.225039388504254363e-11
2.754536986854875511e-11
1.726274270360089528e-11
1.100931178064165835e-10
-1.609002601103485591e-11
6.316012785598697753e-12
-2.415417077775069237e-07
0.000000000000000000e+00
-4.059736265457593680e-07
1.218035376525495457e-06
0.000000000000000000e+00
1.164631328464678822e-10
5.549364223124501196e-11
0.000000000000000000e+00
1.071728067476712052e-11
