7.978419143620109066e-01
6.674164514560964045e-01
1.095028877156928759e+00
1.100052062373488182e+00
1.160802222018517682e+00
1.058999225054756632e+00
4.414948850539676117e-01
8.109890142197412333e-01
6.822384495107731706e-01
1.053153672613682978e+00
1.854722042908606205e+00
1.053279242009605099e+00
1.043212256600204224e+00
5.312422474209815837e-01
8.243004168743538473e-01
1.218242864429767591e+00
5.990823085060394959e-01
1.704297331176435781e+00
6.969924494261958703e-01
1.435259668618752205e+00
5.805381441547760035e-01
1.768701261258168511e+00
8.496751383771505850e-01
1.270149958111966404e+00
7.994729377420175531e-01
1.651964730867217845e+00
9.194550924332250963e-01
1.333283389843932243e+00
8.428134180037987200e-01
1.612225377829173745e+00
1.208446077508114058e+00
1.730551944215639182e+00
1.649358833063200080e+00
2.467010732358178693e+00
1.790105879632341468e+00
1.927454459679402987e+00
1.998599455596303809e+00
2.342738477788135931e+00
2.951664231031446810e-09
1.387808224546224268e-10
-2.589148125108915409e-07
-5.432842736474683440e-05
5.422790608894827447e-01
1.821504592333169649e-04
1.898967962585153399e-04
1.792303356346559222e-04
2.037783112456886185e-04
1.748623804156087570e-04
2.189665706191468674e-04
2.063527246151174806e-04
1.951283156262020196e-04
1.947260690998409128e-04
1.903718820390034108e-04
1.902066120605327916e-04
1.786972863390098626e-04
1.930399508385144706e-04
1.851144097696311261e-04
1.903519564806783050e-04
1.823494835441609278e-04
1.828425991329306137e-04
1.822822539694195785e-04
1.837063487967323882e-04
1.980092749841560725e-04
1.629162848664261938e-04
3.690420380087542198e-04
4.355723269596525047e-04
2.748781259505719051e-04
2.042978574866829088e-04
1.879997637234333448e-04
1.818803724490695376e-04
1.809591500519637606e-04
1.878951037454902422e-04
-9.426648404252020594e-06
-4.026281439570448742e-06
5.122531724977447399e-07
-5.044612363873468853e-06
8.691288745403801200e-07
-4.674175172822278627e-07
4.370229176275359460e-06
-4.420520670984261690e-06
-1.252935051497079051e-06
9.153827841411334460e-07
2.857733768670542056e-06
-6.325245553007460229e-06
-2.275592470784498910e-06
1.008769081110978417e-06
-1.048304666531091236e-05
-4.465260225481559696e-05
-8.299155831581293960e-05
8.865991043985907514e-05
-4.664325906338434515e-05
2.743095626572348693e-05
-1.355118148958882939e-05
8.517080045295825921e-06
2.150456996302515042e-05
-1.175816152167631007e-05
1.655560423813114130e-07
-2.848943339770390053e-07
-3.874396138622160719e-07
8.169133563960172563e-07
1.121735581378935855e-06
-2.637528949555697692e-06
1.329606684993330831e-06
-3.232336986644275359e-06
7.940459679820057694e-08
1.435960054622305669e-07
-2.213910859740046117e-06
-4.084565457631538221e-07
-3.708285289085212393e-07
-1.817815547928914724e-06
2.972318141411840504e-06
-1.685962879719732529e-06
-1.903636984827146079e-06
7.131495565718107055e-06
-1.151708262321499431e-06
-3.928303054828081013e-06
-2.688603104208287318e-06
-8.227680729045004439e-06
2.723326020093229469e-05
-1.647694339844662167e-05
4.322100469291474616e-06
-7.286564591981208708e-06
3.301196420907975251e-06
-4.178693380818815345e-06
1.513859848805327309e-05
-7.055217810394828141e-06
-2.325705637255572327e-06
4.989248981804727603e-07
-9.420862211930497576e-07
-1.777743903260246273e-06
2.446278118756044471e-06
1.027429503193903080e-06
-7.894952102311415375e-07
-2.813264753217368311e-06
1.616718811857098943e-07
1.881763881465262155e-06
-2.093412877497304224e-06
6.541799130789599674e-06
-1.112867329075957187e-06
-9.989942528815402153e-07
-5.397847202760033061e-07
3.936648052561010207e-06
5.627512374391989173e-06
-4.113355935981334474e-06
-7.235993052547985893e-06
-4.668403802343634578e-06
-4.293384658656730357e-06
3.546120977011879627e-06
1.440511262366399431e-05
0.000000000000000000e+00
-1.919488867010897460e-06
1.036980150325115402e-05
0.000000000000000000e+00
3.736744896032806394e-06
8.759113821941867363e-06
0.000000000000000000e+00
2.006814027630780517e-06
