1.013324562556317421e+00
9.869073104089010062e-01
9.122807017543859143e-01
8.627059259602393171e-01
9.048352529014096479e-01
9.170878687057596457e-01
1.184395429119161347e-01
1.155213249168970613e+00
1.011053028887867189e+00
9.591715976331360860e-01
1.304228455320058710e+00
9.477674216272771179e-01
9.532100626944162158e-01
1.607312911102440345e-02
9.282196334370889090e-01
1.077459947536886897e+00
1.093407115933143992e+00
9.145853632002571842e-01
1.083717757452085095e+00
9.274076993308811856e-01
1.109231253717247734e+00
9.018015179237297563e-01
9.589199310399179055e-01
1.110991342168740292e+00
1.109894127802343977e+00
9.389191005888644082e-01
1.250101048393759573e+00
9.598691129666543365e-01
1.139164361331192366e+00
9.409028637791472249e-01
1.255951799232373212e+00
1.758434556314603991e+00
1.291496601487142293e+00
1.279929081284065573e+00
1.869062133182144869e+00
1.294862568052903562e+00
1.357420215648578843e+00
1.270511878868717304e+00
4.103399864910381840e-09
1.483479078133870887e-10
-1.165021437298612459e-12
6.405623502972678472e-05
5.202930256475535309e-01
1.808198481909980464e-04
1.858986189833980538e-04
1.758651883958702315e-04
1.909927311941828011e-04
1.685051266773119781e-04
1.870819512285956134e-04
1.988710156691599670e-04
1.917770904740655669e-04
1.952362141122517989e-04
1.865634392948245523e-04
1.800131299753764623e-04
1.873613201793931276e-04
1.817648019171848675e-04
1.863657650716041281e-04
1.932805387060017831e-04
1.879691858226959780e-04
1.829759807267182493e-04
1.955338485240081772e-04
1.894257479621284143e-04
1.753071969239963497e-04
2.924676869905628294e-04
6.299171561810685323e-04
3.672032726701850700e-04
2.243456234805341087e-04
1.897836122834139745e-04
1.866842319557655795e-04
1.920917355117683536e-04
1.859153708435876476e-04
1.725893932225567131e-04
-9.716734678583979538e-07
7.102039683843265340e-06
1.390620017625795938e-06
1.225376068380588117e-10
-3.222405205723958198e-06
1.759669137874595637e-07
3.166033654676270313e-07
-3.108604238294218400e-08
-7.405921311836687091e-07
1.293791857029799586e-11
2.677471565464323416e-06
5.228015216280942083e-07
-5.717467865659061620e-06
-5.802750802648403504e-06
-1.147328200280115981e-05
1.550118117565010787e-05
9.381786551630718403e-05
-6.870486631365132026e-05
3.750874313212786967e-05
-1.034950137015703934e-05
-1.330037452398569327e-07
1.255547069602143915e-06
8.412640390300444613e-07
-3.111212492425245650e-06
3.427371339067231445e-06
1.585845626615032150e-06
-1.889958366116054386e-06
4.716106725757053677e-06
1.171870434958032866e-06
2.729756627795922132e-06
-5.600981417450259067e-07
-3.712842058967975428e-07
-4.447521795604880366e-06
5.919751371543333462e-07
1.647057347929434156e-07
1.192075164048923721e-07
2.040278114888094766e-06
-8.160304734213208624e-07
1.278988758545946021e-06
-1.040871361752977181e-06
7.833768410576768223e-08
2.905074821003084442e-06
8.034693442791908098e-06
-6.724649202103150326e-06
-2.830409516561918862e-05
8.079093930455912175e-06
1.272868018502217978e-05
-5.356202744745100941e-05
1.317716970490962616e-05
-4.330994551215740718e-07
7.831791991652082791e-07
4.882420424432694516e-06
9.170858474992622739e-07
-3.953791286063585171e-06
-2.789272950120311020e-07
3.194529686546059249e-06
5.959251957437925517e-07
-3.394302438689305675e-06
-6.345750163082934321e-12
-1.525041223447247332e-10
-2.681946809303077252e-07
1.101657248511385239e-06
-5.452623768232870038e-07
-1.651725202326827021e-07
-3.934825008674993443e-08
-3.533310080806157517e-06
-1.670339710685210658e-06
5.575590580686614389e-07
-1.234115125337701753e-06
-6.850722169952497612e-07
-5.385279360077631006e-06
2.369069381683226571e-07
-8.227298683732851608e-06
1.037032663113090109e-07
9.787014906428194256e-09
-3.410251748605734061e-11
1.877978328659423205e-06
0.000000000000000000e+00
4.482959117708697044e-07
3.533454398573637914e-06
0.000000000000000000e+00
3.358638808108200493e-06
9.806836660445161236e-11
0.000000000000000000e+00
-2.076205938821477397e-06
