9.930276960463154667e-01
9.623437107720018702e-01
9.355514785877716566e-01
1.794957694723654296e+00
9.282307496976358596e-01
9.480001107967820362e-01
4.664517717961867982e-01
9.864827576358695671e-01
9.763855801830947367e-01
1.036768679984639618e+00
1.935008005209434279e+00
9.987666325377841936e-01
1.032768104862721747e+00
-3.317411235530624003e-01
9.565690130017602266e-01
1.049492225577399518e+00
9.891204504182429247e-01
1.011047527781646860e+00
1.017813328615165824e+00
9.970428375710559399e-01
9.553451624596026592e-01
1.049963862394867720e+00
1.008236376904996900e+00
1.029502228894749072e+00
9.915842883153976883e-01
1.072873143605815205e+00
1.148587139960294046e+00
1.059018832293424639e+00
9.684222068661463290e-01
1.111787268639160109e+00
1.326951773753164643e+00
1.305081772528120521e+00
1.394408273101075180e+00
1.749860258635174581e+00
1.885134119536343578e+00
1.578113809179045202e+00
1.411498289931708783e+00
1.834219031818503876e+00
1.854492316399568035e-09
8.186496772915982000e-11
-7.153703285540554125e-09
-2.355479498521580547e-06
2.719024646266604006e-01
8.519432595523037473e-05
8.222732202943658852e-05
9.019023975733066320e-05
9.057376195260776744e-05
9.679037062610838967e-05
1.319586062739220428e-04
1.801375704676309517e-04
1.750653103474647868e-04
1.711710477000490886e-04
1.808844072645922471e-04
1.754982276659255058e-04
1.707411090977728864e-04
1.722207361770097616e-04
1.713629075853310979e-04
1.668234510081181930e-04
1.765990727642438433e-04
1.704712349417903078e-04
1.730313123122615869e-04
1.967675725297124228e-04
1.636700058646794391e-04
1.396348825870089277e-04
9.724901769160283847e-05
1.074325587594727836e-04
9.240793579406547231e-05
9.403277893972547552e-05
8.634930713043316962e-05
9.264242804201369729e-05
8.916146994409441737e-05
8.966987342277912766e-05
3.755188228617471906e-06
-6.576508339566713238e-08
-1.536489852775454278e-06
2.197372386698464971e-06
4.375893431185406614e-07
2.509921571098909069e-08
4.953188543064512690e-07
5.753349902674101013e-07
-4.287885555378930425e-07
-4.393063736428788491e-07
6.240281257965641573e-06
-2.128978079510109568e-06
4.410183059968213922e-06
1.838860904548752770e-06
-3.967919497866982743e-06
4.776515312149162912e-06
-1.027878730516037527e-06
6.242353822758998203e-07
2.921313429800873247e-07
-5.297475672430369972e-07
-1.396779774078799082e-10
5.360679925846422345e-06
1.491462890143259922e-05
-2.401792639359320382e-06
1.549384585685157569e-06
-2.525145079976932139e-06
-2.606689604054328637e-06
-2.871761908503415153e-07
-8.342638089710108339e-07
-9.864257145838245160e-08
1.404610243569360787e-06
-1.350298412670731057e-06
-1.800039954567315148e-06
7.469568571540036067e-06
-4.539020346615122083e-06
-6.930804778976595700e-07
1.462207582612847110e-06
-4.276190382602861169e-06
1.379623385016241975e-06
2.129320739766093065e-06
-1.138693580739533247e-05
8.252866775215304416e-06
3.930887669074704896e-06
-2.527402202921505203e-11
-1.010797519396394821e-06
5.205481809280982369e-07
-4.552690518045923862e-08
-1.052809663384367561e-08
3.782169007910599689e-06
1.020662440958766753e-10
-3.857747239053040300e-11
-7.706082123737752508e-12
7.572845890151375765e-06
-5.819095158235230704e-06
1.869314199898414588e-06
2.251406796272096032e-06
6.577968293501893995e-08
1.235706443212616552e-06
-6.177751317413265542e-06
-1.302049736986274984e-06
-1.587999057019896962e-06
1.889386484635844601e-12
-9.406854541690383566e-07
-6.341272540958965473e-06
-1.035387561944340677e-06
-1.187554402145367844e-06
4.534151932239029574e-06
1.117126110772588197e-06
-1.655229629007643688e-06
-1.474214295806812520e-06
-5.238934175699111268e-06
1.060559718105244010e-10
-4.294191654848798069e-09
3.102348719664656771e-11
-5.234215576789475120e-07
-1.236701113574509804e-11
3.497876549171566901e-06
0.000000000000000000e+00
3.296929251753351373e-07
5.582704339813658683e-06
0.000000000000000000e+00
7.795715855173979122e-11
2.567984932153275476e-06
0.000000000000000000e+00
1.854939201234088964e-13
