9.214035815064196555e-01
8.637894445983198555e-01
9.923664122137404453e-01
6.585540885830756253e-01
9.731890248225212314e-01
9.694790260004912952e-01
5.512275457275784829e-01
9.218665544568094283e-01
8.538610540423170470e-01
9.250322576004941233e-01
8.450432411552134537e-01
9.548042986572520263e-01
9.161170051206865006e-01
6.345501457379008059e-01
9.174778107968002416e-01
1.090031566373626415e+00
8.804742231511137884e-01
1.135834622081612011e+00
9.635040191173904756e-01
1.037894181411787686e+00
8.506055330608988108e-01
1.175640627477725353e+00
8.897756413894895022e-01
1.159343596101372498e+00
9.373399066654959366e-01
1.147075247218579452e+00
1.029375401158838521e+00
1.006583083877764295e+00
9.771104309567963941e-01
1.133606113388351044e+00
1.120674627092963949e+00
1.459434904698931668e+00
1.310760108640295130e+00
1.493993818072029800e+00
1.325948037804807633e+00
1.156298349386221780e+00
1.316806303057381555e+00
1.529475723130724996e+00
2.244814863700539671e-09
1.078067634752444583e-10
4.924351047610014341e-08
3.825953448595107722e-05
4.114783000148675152e-01
1.774484408750165605e-04
1.741610829405641000e-04
1.695804751911843202e-04
1.770049587428176678e-04
1.754286209292469723e-04
1.825362486362608198e-04
1.861435689162018782e-04
1.769033523454746387e-04
1.789137691045147751e-04
1.665032374029182347e-04
1.751768708861334224e-04
1.773078962021616104e-04
1.762111878629425525e-04
1.772759890797121613e-04
1.774528030651437703e-04
1.890655380287347711e-04
1.555781443790438972e-04
2.403180477899875150e-04
2.639760400207440648e-04
1.842600236828364005e-04
1.701591222180602928e-04
1.700146207987608834e-04
1.765434298361174170e-04
1.720669312207442491e-04
1.694844060672869924e-04
1.707738675137623636e-04
1.788136654166194803e-04
1.719153884701915037e-04
1.843217417574969904e-04
-6.200353338183409628e-06
-3.566699887376482636e-06
-4.699943220500503475e-06
3.937957857675327664e-06
-2.834721136838376012e-06
4.500563573113717189e-06
-2.666767134670453288e-06
6.221374802174360169e-06
-2.442256601017003245e-06
2.893832201482213272e-06
2.772118313959743325e-06
1.106384999169149528e-05
-2.467431711581048661e-05
5.695394482982919717e-06
-5.745459276694018522e-06
5.258494243144615740e-06
-4.932528833511265361e-06
-8.976561806503781209e-07
-3.556736167290653198e-06
-1.960196636902863816e-06
-1.637843078980434498e-07
-5.577831508698892532e-06
3.472254914659341793e-06
8.612088736511289521e-07
-1.587963732667125080e-06
-5.157479680795240423e-07
8.082508811997915349e-07
2.855197319003339758e-06
-1.884918955404002516e-06
2.049773428318008790e-06
8.845124392303604341e-06
4.744546897169150181e-06
-2.123422547160647865e-06
-1.254108747364934040e-06
-2.724841229667573874e-06
1.554266945668949077e-06
4.510686594872638898e-06
3.177077501712648687e-07
-4.951830038712257806e-06
2.664181853124524824e-06
-9.655995763579841430e-07
-5.029218670636350678e-06
1.675364635197617889e-06
-3.747980651786422400e-06
1.861412057368868119e-06
-5.968982833866641578e-08
1.443937283368188376e-06
-1.581938372358887344e-07
4.852128049008581386e-06
3.263051710129780372e-06
2.338992871749590324e-06
3.832383369026272482e-07
-1.940549950263339605e-06
1.035441025303151317e-06
-3.078987646898136935e-06
1.994724513058138670e-06
8.555396993889219704e-07
1.420031405549448944e-06
-3.856815747429435242e-06
1.981009367345589398e-06
-9.258965156284812515e-07
-1.073655376236545282e-06
4.592333687715525122e-06
2.354817148403978060e-07
-3.548839233023024609e-06
5.047146721523306164e-06
1.841688030744792335e-06
6.727574993655902500e-06
2.109522540516739128e-06
-5.416134509535461451e-06
5.054344229599136337e-06
-3.603319902254513353e-06
2.950764138057137364e-06
-2.379512677965673861e-06
-2.103936972660542292e-06
-5.924666781793739212e-06
-8.106664856753968615e-07
0.000000000000000000e+00
4.758452119316302332e-06
-1.453937589318970000e-06
0.000000000000000000e+00
2.832991730971164449e-06
1.234075793559111131e-06
0.000000000000000000e+00
1.211888332843872686e-06
