1.074773653373561677e+00
9.514212457586247451e-01
9.589936818543745023e-01
9.562833840217208614e-01
9.650662352139209865e-01
9.509258179121296006e-01
7.778438109346341722e-01
1.650653677953039855e+00
9.812518217280008503e-01
1.226118337615737408e+00
2.515702276785787284e+00
1.327005918552161656e+00
1.262907519031582382e+00
1.270069489262528828e+00
8.948611709996345809e-01
1.122074221189446774e+00
1.004625023292393227e+00
9.957089521202977522e-01
1.045177759201072920e+00
9.863737969409004380e-01
1.029622294438545582e+00
9.752919253172496195e-01
9.072694836728264489e-01
1.626829648608624668e+00
1.046254727106476379e+00
1.180140760111949128e+00
1.833022116985298489e+00
1.114407880731363099e+00
1.086476528366879135e+00
1.245082205043429813e+00
1.821171355090140054e+00
3.288938806640413048e+00
1.639497522380232830e+00
2.550218372247330834e+00
3.859033224621508218e+00
2.789687093438394161e+00
1.912234307637205255e+00
2.766493387384614255e+00
1.342088184983256153e-09
9.173110943266612833e-11
-1.160985619867028333e-13
5.954211145054875462e-10
4.248628139616255628e-01
1.585576404078824111e-04
1.447002514160936667e-04
1.499190674744909594e-04
1.496403977190479187e-04
1.408774984812534263e-04
1.633676453295403847e-04
1.547293516730875577e-04
1.557548304989325098e-04
1.551712323203313301e-04
1.633072763196621521e-04
1.620010888494655685e-04
1.645798795676013811e-04
1.465766921409649174e-04
1.576675792033387807e-04
1.506925518861819229e-04
1.499604249043772343e-04
9.826982197358239671e-05
1.691839169754615416e-04
1.857605189664244779e-04
1.565149961177869826e-04
1.525024936911244374e-04
1.550335022817341945e-04
1.579345006520683418e-04
1.558700352785470753e-04
1.638089611725428575e-04
1.582687598911890453e-04
1.583436385632801323e-04
1.614892869528227349e-04
1.521733709521162683e-04
-2.220090782280163961e-11
2.300940624846544875e-11
-5.332155579030361724e-11
-2.143236864309688326e-11
-2.048043750931714966e-11
-1.190554798250693582e-11
4.985483956145791014e-11
3.744932808956604738e-07
2.243942050792772848e-12
2.494931084234572593e-11
-6.050877733631685572e-11
-2.176535238364189120e-11
9.836423596851682030e-11
1.024708597560943983e-10
-5.414876024505621465e-11
2.453456180448979242e-11
-7.912949616816063143e-11
2.552441466593797725e-11
3.285869679494422110e-11
4.823471082810674723e-11
7.646580609681127152e-11
6.482803270702622957e-11
-5.928307492701613457e-11
-1.007618866963698692e-10
-3.829884284238518414e-12
2.833755648471063011e-12
-6.307726838401896282e-12
8.906202467275896463e-12
-2.871339655867524533e-11
1.826642776903205230e-11
-5.791694777784344491e-11
-2.474146389506631204e-11
-6.118669229380424049e-11
4.136214461981329275e-11
4.588732436512799693e-12
-1.072441131948933283e-10
-6.849348487082953980e-12
-2.332535900766453409e-11
2.961678939272930044e-11
1.096519851845850236e-10
-4.670878680629361369e-11
-4.571230387947270373e-11
6.731264556373094796e-11
-6.339706772462330328e-07
1.165696193154877302e-10
-1.762451051188245180e-11
1.452679186305256271e-11
5.432130365738698870e-12
6.113932737808072298e-11
2.368731514316320412e-11
1.408245931539610206e-11
-1.032823619117184812e-11
8.801018702287816109e-11
1.923287266503525177e-11
3.182301816274597960e-11
-2.781398118822513374e-12
-3.071016348309300068e-12
-1.295165658161800572e-11
1.031922206339833522e-11
-2.579805009618266444e-11
-1.956894181836481501e-12
-4.109845005373086331e-11
3.957928653444851728e-11
-8.138659388485206549e-11
-8.713234252202636459e-11
8.725374873438393828e-11
-3.215772851131559418e-12
-6.424996899213334369e-11
1.411962803877804510e-11
-2.095418562326635656e-11
-6.763062791159137944e-11
2.394559498027953802e-11
-3.682936245277770066e-11
7.382457670430593287e-11
-9.664711080292390555e-12
-1.730735417128858089e-11
5.606846594596842648e-11
0.000000000000000000e+00
-1.644806283921625973e-11
5.984253989974308886e-11
0.000000000000000000e+00
-2.616195202713341994e-12
1.070547215801706387e-10
0.000000000000000000e+00
1.700118912855477322e-11
