7.849527087367116351e-01
8.688407750406255126e-01
9.434680933990009510e-01
1.770849238237643508e+00
9.800629326981207257e-01
9.154450451608131534e-01
8.598220576750634780e-01
7.591807749691934504e-01
9.028256195276112006e-01
1.006576069946909513e+00
3.630593260245865039e+00
1.058002998351455171e+00
1.018183889377664020e+00
2.806931172054443757e-01
1.096394117547834890e+00
9.406309730718352968e-01
8.709893826412691276e-01
1.151087943642590705e+00
8.115383837915819409e-01
1.233876878251785492e+00
8.306214086974192945e-01
1.204291138099652381e+00
1.203149674125400193e+00
8.957944423886700092e-01
9.460283649917914373e-01
1.194541019736576448e+00
7.895596087369936011e-01
1.315587802802808071e+00
9.708047231166936353e-01
1.191681013794040789e+00
1.721764270288389298e+00
1.178955885115853031e+00
1.450929414097399173e+00
1.771342737370336762e+00
9.103097387045024913e-01
1.778973692852499955e+00
1.490989209792735526e+00
1.700910431317184779e+00
3.644801135867038576e-09
1.622334784687396490e-10
-8.383738253942431348e-07
5.963078724731790252e-05
5.131618990989654794e-01
1.909227789451523570e-04
2.040423198266896367e-04
1.878575479068774075e-04
2.021482467634143116e-04
1.548110095421355336e-04
2.643003941546531168e-04
2.583328701902556880e-04
2.277404500050181780e-04
2.119346199086498243e-04
2.059477751031894757e-04
1.961360461300925239e-04
1.900718143426173090e-04
1.986314079958968087e-04
1.886830306963227174e-04
1.997282489617035843e-04
1.968310593488098697e-04
1.963544221909210418e-04
1.951796880919482162e-04
2.108359639182800301e-04
1.610300119826788413e-04
3.329324500628876504e-04
4.865761825111155530e-04
3.394909957596260307e-04
2.485438008769162124e-04
2.124808410300268969e-04
1.936703558102006735e-04
1.900059437729329404e-04
1.925434754678300819e-04
1.924467288794710278e-04
-2.185930768902401118e-05
3.799199971760952781e-06
-1.010970041589739613e-05
-1.674321609207201663e-07
5.230815437349537412e-07
-1.960766663628886619e-06
9.620644618242687344e-07
-7.664939434693953113e-07
-5.930960273039984021e-06
-5.011461854370839613e-06
-9.511885774527298549e-07
-1.251606176186994561e-06
1.575972759526790118e-06
-2.357545376395180832e-06
-3.427070539255963936e-05
-7.960626235683850743e-05
9.754748990431143338e-05
-3.841561972802889468e-05
2.452284660101661628e-05
-1.633928229740936683e-05
-4.412212838939930610e-07
1.718235700964676580e-05
3.809787459700487636e-05
-2.201777192774893112e-05
9.290238537180829610e-06
6.148525137245225887e-06
-3.154462148097731033e-06
2.218020719850667638e-06
2.088512843197164384e-06
-1.103390929015464192e-06
-2.035031281296775642e-06
1.035654057815544907e-06
5.348217790779657663e-06
-2.643183741998079833e-06
-5.110458179069516466e-06
-3.534462525842719545e-06
-9.994428769980269578e-07
-3.315760685859661027e-06
3.391643710667162337e-07
-2.746943924512919953e-06
2.015481700062594588e-06
-2.822950021775398292e-06
-2.155799252824131725e-06
3.738053622767108561e-06
1.945324342413940163e-06
-2.966558484884837833e-05
4.384795239306012973e-05
-1.841638605375545227e-05
1.478965971794876110e-05
-1.576868750229718329e-06
4.299752404622313873e-06
-1.327905636539226821e-06
3.410766692003106563e-05
-1.126019915648205757e-05
-1.774549860096839305e-06
-1.053375081430981451e-06
-3.956483447736163884e-06
6.610981595237515812e-06
-2.612606673977178866e-06
-3.996815589097845128e-06
-2.562908763154662053e-06
3.784959201494596824e-06
3.051913627001010448e-06
-7.086260400529119197e-06
4.568661224513511112e-06
-2.700754916533438460e-06
-8.325010327312538217e-07
-4.641637695165805642e-06
2.929322078910164744e-06
3.520597561488488301e-06
2.268211070681074917e-06
5.361246798843526389e-06
-4.102992993602096251e-06
-5.908488468898934406e-06
-8.093894961305019483e-06
1.705731834802611043e-06
2.012043738648881041e-05
0.000000000000000000e+00
-5.864108612695573933e-06
1.930574434906173634e-05
0.000000000000000000e+00
-1.832020919122945947e-06
1.253522655999272532e-05
0.000000000000000000e+00
1.130760344122659237e-06
