1.010265504161100392e+00
9.909736009062108941e-01
9.738562091503267792e-01
2.855694921750743021e+00
9.737620982598669261e-01
9.537686712617290397e-01
1.155621575390450184e+00
1.672092712099925649e+01
3.204337459348232005e+04
9.900492194900070153e-01
2.847361909510069992e+06
1.005555347062601523e+00
9.555913228695568362e-01
-6.700772581197817635e+04
9.909698904148354082e-01
1.009370258167283874e+00
1.016214012100250308e+00
9.850691420167403400e-01
1.036598325490591499e+00
9.646959692958939625e-01
1.067474647904538720e+00
9.368461783889359129e-01
2.712397350931877327e+02
9.305984345315490014e-01
1.962487655493177954e+04
8.934039184189523919e-01
1.078099970521848583e+01
8.271713967706584292e-01
1.954002194535269155e+04
8.603393749981940175e-01
1.757049431536027896e+03
1.385446750145717942e+00
1.309615665977242752e+05
1.405857136910627858e+00
6.227181849745863929e+01
1.068397633499042154e+00
1.301571545147008001e+05
1.381114719737894347e+00
4.453241968637679963e-09
1.685127679762937177e-10
-6.316668156673627850e-07
3.330660748520192216e-07
4.720936106952739464e-01
2.054319289069900158e-04
2.018871903885695340e-04
2.004386092200141655e-04
2.238937022528960448e-04
1.694946785424375837e-04
3.150628307742721975e-04
3.014482795726684599e-04
2.407277132578257276e-04
2.147307376383324131e-04
2.105986270575569937e-04
2.042102654071179663e-04
2.043345938615220771e-04
1.937523384350648553e-04
1.936217013685525320e-04
1.897754458035680162e-04
1.899204354710601968e-04
1.845135616551265146e-04
2.165355611930961570e-04
1.833531660392291639e-04
3.008743160627898924e-04
3.834161717386771291e-04
2.545008615115777403e-04
2.097893402370237695e-04
1.975338038875164032e-04
1.906906464446363517e-04
1.921040770578704088e-04
1.913232382433352138e-04
1.949742197731408147e-04
1.907996391853448038e-04
-4.450750130243064531e-06
-6.597297652125913017e-06
-4.685680857491673191e-06
8.026048536652684404e-07
3.550657292580548999e-06
8.335738211478112291e-06
1.510760160348650151e-07
3.753370811264816410e-06
6.451073131461698175e-06
4.905829003927689085e-06
2.457851989504963368e-06
2.198055468307816857e-06
1.574107498123949701e-06
8.301571249213072468e-06
-2.382768024095063191e-05
4.868917155927251963e-05
-4.019607488594761457e-05
2.172027273262404728e-05
-6.888608374710763648e-06
3.903413467040429320e-06
3.282404332972525274e-06
1.290381000989466522e-05
4.319946304988954682e-05
-1.944291599817032776e-05
4.461923971411270315e-08
-1.863983700956624632e-06
2.281319561901523204e-06
-2.323084176502582369e-06
-1.932851716032114332e-06
1.752153617002352126e-06
-6.997739662635548961e-07
1.340058732932649664e-06
-1.896331716601314214e-06
-6.959916863017834204e-06
-8.036337101052894925e-06
6.760159715997803717e-06
-6.850860530779714680e-06
-1.751130002729825020e-06
7.853800848614902498e-06
4.926909142491122959e-06
-5.726401501839814715e-07
-6.112919163130992490e-06
-1.420067057953400043e-05
1.246299027584601854e-05
2.841745891052271213e-06
-1.766214479141935861e-06
6.356931881070664142e-07
1.708905526809313290e-06
5.583710257646313927e-06
-2.815062539545889132e-06
1.961562579211756419e-06
5.290947362734173741e-07
3.359790002320984012e-05
-1.302302670888826353e-05
3.005834084808861468e-06
1.169944222072181946e-06
-4.052847081733657988e-06
3.031511522918609542e-06
2.097464457433483044e-06
-1.216053814284890908e-06
-1.207387857430515900e-06
-1.909558723021399210e-06
1.099257236255251145e-06
-6.947166879459230749e-06
1.617997227905507029e-06
1.458863221526536869e-06
-4.189305151415205819e-06
4.450738652580175041e-07
8.561588700257756777e-06
-1.167335250767741767e-06
-5.028523730185628657e-06
-5.185240034249840083e-06
6.826133599036486975e-06
8.625456311624161702e-07
-2.253601417402873501e-07
-3.213665222824831032e-06
2.305011883558863157e-05
0.000000000000000000e+00
-5.224835654868601255e-06
1.717866614781689093e-05
0.000000000000000000e+00
-4.660787263428481336e-06
1.316071805983398739e-05
0.000000000000000000e+00
3.362594447566970583e-07
