5.885548478746411849e-01
9.111950828961500326e-01
1.497625105742141915e+00
2.121829003348937093e+00
1.601846874540755250e+00
1.539995760816807557e+00
-4.220248842307322001e-01
5.798297231391853490e-01
8.898705345774136077e-01
1.384755146022472516e+00
3.177597703600875789e+00
1.571906262745291549e+00
1.465700259947054551e+00
-4.428861391794823854e-01
1.526270801155041212e+00
6.552730572343477000e-01
6.440039564791801840e-01
1.619944940612258133e+00
4.090547769777890252e-01
2.446397097864658310e+00
6.523027861720810394e-01
1.584977631096504913e+00
1.578379444982684010e+00
6.608397526450481285e-01
8.832210561086375478e-01
1.663443299356670124e+00
5.744420152464515539e-01
2.454392026934202775e+00
8.730504636133324947e-01
1.817080755369048894e+00
2.074528556098008458e+00
8.884604887645157767e-01
1.520697049111110477e+00
2.258137054200944682e+00
1.329901957102669119e+00
3.535291076390425058e+00
1.725363597715611430e+00
2.628370036675603316e+00
3.485603587640146052e-09
1.592425333771165972e-10
-4.505125036393876403e-07
-4.661890154439138665e-05
2.688860521699240058e-01
1.877760586428423310e-04
1.887694804350440510e-04
1.907961230396849612e-04
2.420791886865855593e-04
1.753871616094029905e-04
2.399879189875170436e-04
2.533677657375328998e-04
2.242552245543978900e-04
2.062582273716519589e-04
1.891427305767873798e-04
2.216538942989552973e-04
2.115409131712025245e-04
2.014443644529539045e-04
1.999341770800731801e-04
2.089318412831913676e-04
1.961383512671583708e-04
1.830988202304785365e-04
1.841871019094886504e-04
1.974210094248915373e-04
2.018755469490436877e-04
2.018352198880791343e-04
3.058548306503337702e-04
2.878985781509450607e-04
2.246098051216793856e-04
1.938000624743020119e-04
1.931909171010903130e-04
1.871159992159296024e-04
1.714297312957850108e-04
1.912836765040130645e-04
4.015737664880402321e-07
1.315809723674814184e-05
-3.816258658170036733e-06
-2.987006359556806675e-06
-2.868608869830356387e-06
1.020513453166602066e-06
-5.959298216268948359e-06
-9.287531266595155138e-06
5.650889262481644727e-06
4.906880977721752863e-06
-2.462629516740497657e-06
1.762961402018082944e-06
-1.200315708582430217e-06
4.856302279882052569e-06
9.331602983670413094e-06
1.172822134684983571e-05
1.369936917993290661e-05
-5.354244039812432181e-06
7.277906702397478026e-06
-1.074598290533029736e-05
4.284453641034968153e-06
1.006756162825870769e-05
2.466778396759962175e-05
-1.394122355287917988e-05
7.015183298833707803e-06
1.814493776269190489e-06
-9.785479356601194154e-08
1.863623934586941354e-06
-2.803906734204835043e-08
7.157570087177491413e-07
-4.474881811874953175e-06
6.395641577903572142e-06
4.211035080571606831e-06
1.054438547845301805e-06
-3.311053616653163868e-06
-5.106175513441123671e-06
3.623461655691021380e-07
-1.077144527722913695e-06
2.016390595340664535e-06
4.016370117312863596e-06
2.763574805930593677e-06
2.756430286034147655e-06
-1.569041014637630784e-06
2.967489800856553195e-07
2.746974320420172534e-06
1.398129556653973245e-05
-4.626260687170966274e-06
7.701255223090528503e-06
4.269901019494518133e-06
-3.115105472898584629e-06
-1.925665305578065973e-06
3.779283388647969040e-06
1.913469892487333656e-05
-8.998157089232505643e-06
-2.941001970265934077e-06
-1.297751783860089953e-06
2.002325174322284099e-06
2.795436459983759063e-06
-1.312543344846329731e-06
-2.792640459005227539e-06
-1.240660415764942872e-06
-5.481779227736054589e-06
-6.731906723082616640e-07
-2.185103461454931027e-07
2.588891476883524712e-06
1.145992534786123166e-06
9.349387144067747879e-08
3.434407260362333769e-06
1.665780665887470149e-06
-3.715612386011065304e-07
-1.248544451912579303e-06
-8.911642253529511852e-07
3.539082756991848736e-06
6.492097657082679240e-06
6.571663100528127253e-06
2.582845356505923315e-06
2.407985622767838972e-05
0.000000000000000000e+00
-5.210235734889178690e-06
1.702028801503804083e-05
0.000000000000000000e+00
1.559415673365682385e-06
4.830551063954932032e-07
0.000000000000000000e+00
-1.962910092870473375e-06
