9.678813231669233241e-01
1.007054751459371289e+00
9.493650602892281798e-01
1.347974070046236150e+00
9.598336951985417809e-01
9.587544860163266236e-01
1.138507547084663951e+00
9.600982890332129260e-01
1.009532211511066091e+00
1.048161975782026190e+00
4.971056432045295459e+00
1.085208227387540525e+00
1.057758234837002931e+00
1.302967461442812391e+00
1.042435450880612180e+00
9.594250374195897324e-01
1.060188448803313310e+00
9.434538330317221444e-01
1.026419482057256527e+00
9.743132615260223783e-01
1.024306431827044284e+00
9.763721780267655692e-01
1.058443126903775511e+00
9.565930726996281219e-01
1.059976463287886528e+00
1.016167104255401465e+00
1.005871618872974826e+00
1.082748537789938403e+00
1.063704477054999042e+00
1.019093699537466424e+00
1.284604429572257622e+00
1.117193611393032970e+00
1.395351447461539607e+00
1.597567571281527599e+00
1.482778683886572857e+00
1.695791347818493389e+00
1.453677904823128086e+00
1.713778269015429290e+00
2.330946017517625350e-09
1.361278850973072652e-10
-7.257438268607511166e-07
-4.377441902615598185e-05
4.592187301183356940e-01
1.929141497384166833e-04
1.898506941315410168e-04
1.927930099725884243e-04
1.964327572495603311e-04
1.839718142144442436e-04
2.090229316779377937e-04
2.037583317745114654e-04
1.992152346319163089e-04
1.967899500458681499e-04
1.987367721167014427e-04
2.006033864473781569e-04
1.949984752118374834e-04
1.982694932669848702e-04
1.938163194154343986e-04
1.917239345893727233e-04
2.035180967915425801e-04
1.941115424972717808e-04
1.994902364730651446e-04
1.860665969234422926e-04
2.310219342802927341e-04
2.443326014274480366e-04
2.185136548049197995e-04
1.949015187486897115e-04
1.906442006765268142e-04
1.899109673597128983e-04
1.896678674670969052e-04
1.956606294439847886e-04
1.924305911800420934e-04
1.972304817528337318e-04
-3.836778464820801253e-06
1.877694218247192830e-06
-4.553375093532623278e-06
-8.691540106070159031e-08
-1.023816013289842274e-05
-2.257029608974754070e-06
-4.807346898760527366e-06
2.018407593036213977e-06
-5.641386401628950770e-06
2.525288946124436040e-06
-4.913884983547689733e-06
-5.712451657533356548e-06
1.722974300025185052e-06
7.090727738477967319e-06
2.627454444449038256e-05
-1.047520450671042022e-05
-4.654593088947254517e-06
4.724218891812189864e-06
-3.040624802751881635e-06
3.553671677258780026e-06
-9.743702177335025824e-07
5.095894696936992949e-06
-7.685307403658596271e-07
-8.076911865334410370e-07
-1.005124760675876439e-07
1.366561698932115654e-06
4.599081891882013922e-06
-3.156565776134526545e-06
-1.534851836267366902e-06
-9.824029404170313576e-07
-1.417691815365677733e-06
2.823818293028015342e-06
2.071709840011604473e-06
-4.970260159123855361e-06
3.723879820120135212e-06
-8.383470359079494696e-07
2.377456868571014903e-06
-3.454652367921985878e-07
5.096599180089019384e-08
-2.662308675121662869e-06
5.646593116038176074e-06
-7.227013538278272336e-07
1.149854676857173404e-05
-2.932901529434958035e-06
5.138168866645620080e-06
-5.052458202843284094e-06
9.006603672526733435e-08
6.021256394744193256e-06
-1.402328802918121650e-08
1.399126272537407980e-06
-2.172870352005030536e-06
-9.848504168820935547e-07
3.632028510710523841e-06
-2.288753909919519058e-06
-9.084249430151782100e-07
-1.970327839564587572e-06
1.814155611631042458e-06
-3.040594317403382270e-06
-1.735025755713902714e-06
-4.803230393521119710e-06
-5.717344073470984815e-07
4.115882297389610064e-06
3.087726639572685606e-06
4.887589711702076874e-08
1.596629662425589496e-06
-1.529040479523123025e-07
-5.105187962561257592e-06
-2.134067898709927373e-06
-1.809604979158733511e-06
3.096756035323076591e-06
3.199104327960312300e-08
-6.450446162540814080e-06
-3.243624256476254926e-06
-7.083971178395162591e-08
-1.423379831060129599e-06
2.523648873947604568e-06
8.086174027708185283e-06
0.000000000000000000e+00
-1.062311541404475192e-06
2.417370001848429126e-06
0.000000000000000000e+00
-3.339531382288134010e-06
3.763066186005862283e-06
0.000000000000000000e+00
2.190665207448802888e-07
