1.353680322014487292e+00
9.326021091319617318e-01
9.801324503311259484e-01
7.393372413863608106e-01
9.252140237302557413e-01
9.439522461097782369e-01
3.166133131047086380e-01
6.474513536473670783e+00
8.937680521313042803e-01
1.045682450896174398e+00
2.475568551003722639e+00
1.031996731814095458e+00
1.009726157542360392e+00
2.093154325682663741e-01
6.073209558227358196e-01
1.649718107905461473e+00
8.470109273283210616e-01
1.181794828552968024e+00
1.639713956997981059e+00
6.337641715800612641e-01
8.721710404463058897e-01
1.146569243464898857e+00
5.629858783540431233e-01
6.559998851580868262e+00
1.042669735086595661e+00
1.177925454368295544e+00
6.135362084343019440e+00
6.463824810947820243e-01
1.139117957020389982e+00
1.135738480224529390e+00
8.665520270787976376e-01
3.045312197698775236e+01
1.843272555853026073e+00
1.863088360847101832e+00
2.672022649080800960e+01
1.299562906778684690e+00
1.939312002362640008e+00
1.976068380703951632e+00
1.740078517843217828e-09
1.187085049429070694e-10
-2.411973438107398195e-13
-1.864766499778354147e-11
4.634813589515205390e-01
1.809222899929691726e-04
1.802491098991245246e-04
1.624558549743890723e-04
1.808663289888789852e-04
9.644133181317694466e-05
1.870440204216389148e-04
1.743567559434013774e-04
1.791481879384689186e-04
1.831366891542229760e-04
1.715710923647303129e-04
1.798139275603451224e-04
1.742846301238007130e-04
1.813742723939698359e-04
1.735328013772655228e-04
1.739816515476850806e-04
1.818787503906750351e-04
1.721667300771192208e-04
1.811161727658889349e-04
9.683552102634487499e-05
2.076529236911563961e-04
2.118911787010080601e-04
1.847808426950304584e-04
1.747149201991199136e-04
1.738757997499359108e-04
1.792026313407721382e-04
1.746177835422439305e-04
1.745449686848812246e-04
1.756933911155681414e-04
1.755746201716975891e-04
-1.725592792296627942e-10
-7.154391845425226357e-12
-9.088513256058883793e-12
-7.113787329885418155e-12
2.061347016902805437e-11
-3.882380506346582739e-11
-8.956514509111137512e-13
3.166860214104601363e-12
-4.351711039887382063e-11
-2.616310788533976247e-11
-3.878473960626501745e-12
-5.933647115710573891e-11
-4.299295074331053598e-11
1.484444825854050858e-11
-2.835229075579253598e-11
-2.864686424811194753e-11
-8.504181434432877540e-12
1.705848551763268779e-11
-3.293988564641148535e-11
-3.152348699008012828e-11
-5.207553764384176668e-11
7.677979884844735351e-11
6.222609088067216564e-11
-4.744691416846679970e-11
2.523785470765335354e-11
9.478356669281878174e-11
9.512104688287886413e-12
-6.001270323141283441e-11
2.672482544506712733e-12
-3.328597530900771456e-11
1.295015892156935889e-11
4.783989479433465006e-11
-1.647441226273381137e-12
4.475136761736725312e-11
3.690868826225394621e-11
5.814518600054606589e-12
4.268615718795463625e-12
3.082174775615154100e-11
-2.251492181540029616e-11
1.171379956290571894e-10
8.179176172311486611e-12
8.460533734226908350e-11
7.080446382945563218e-11
4.631381488267916890e-11
-4.530248133198155119e-11
2.785815622310354219e-11
-5.405272758298545811e-11
2.167852495220067811e-11
4.038211427301249211e-13
-3.284468307606803508e-11
-4.399104073193894709e-11
5.166388694610446616e-11
2.269570426193368747e-10
-2.990799836859411509e-11
-5.114336214117008074e-11
3.963517769770047973e-11
3.569682341736350828e-11
-1.545629622140673482e-11
-4.557602637436973073e-11
6.596508779292462736e-11
-7.063475092135920435e-11
-1.749422632688513671e-11
-5.389865004529103241e-11
6.167163267462683668e-11
-3.148384883833605657e-11
1.182103501501625619e-11
-1.094880805313920228e-11
-2.322472198169029288e-11
-4.443998581755299752e-12
-3.291251413902117893e-11
-3.364434614705147868e-11
3.800998160073073862e-11
7.834614626463952285e-11
8.211914036505325211e-11
5.560501041930704597e-11
-9.451192254206305833e-12
8.378279882482265027e-11
0.000000000000000000e+00
1.367996645431052530e-11
8.135378204146769609e-11
0.000000000000000000e+00
1.253663496586561933e-10
1.731026091678330228e-11
0.000000000000000000e+00
6.705453379224765402e-11
