7.410639701055200534e-01
7.736275785387418669e-01
9.381586566299943142e-01
1.385367620655059584e+00
9.189466565426801514e-01
9.011839582759024747e-01
5.980204994252946715e-01
9.469709242771277014e-01
7.980785231575540095e-01
1.070718384433214432e+00
2.132959656599449083e+00
1.090163259532493711e+00
1.044595299113451059e+00
3.069958962995280594e-01
8.225664644911117040e-01
1.216923996620257409e+00
6.606391904284318883e-01
1.514317990938429448e+00
8.120122481085576549e-01
1.235409912080418504e+00
7.568607179089037462e-01
1.321251399626156786e+00
1.002368562914789374e+00
1.428058938440391223e+00
7.715050177916049634e-01
1.496212494854353814e+00
1.069497102874787720e+00
1.229915847685699504e+00
8.182916714960896121e-01
1.478011181757028503e+00
1.546331238373458650e+00
2.824553033975893079e+00
1.283753975346868081e+00
2.418383789231747016e+00
2.352575663632918257e+00
1.956213734140774596e+00
1.474772063252073551e+00
2.638876858437282813e+00
2.375579036006454353e-09
1.123441276611449983e-10
-4.091535241645746430e-07
4.134011506497091871e-05
4.896933452093141792e-01
1.718924375309058067e-04
1.737704912836356380e-04
1.504689062772224402e-04
1.458652643033519504e-04
6.900519755223799004e-05
1.845382707826147967e-04
1.974839314797320307e-04
1.793703542976626993e-04
1.750750756168839703e-04
1.771910473377257987e-04
1.855970582583474381e-04
1.759666378869356306e-04
1.709419561838868722e-04
1.779414235574126499e-04
1.829672655010051042e-04
1.760587356354194831e-04
1.767595803024883737e-04
1.734946551992026483e-04
1.864535533902495846e-04
2.215106767253428757e-04
2.747104370003517078e-04
2.357870801800783403e-04
2.008597305509612061e-04
1.821062717269428884e-04
1.865006253520291727e-04
1.706804062476371866e-04
1.761995049490369138e-04
1.704675263804995107e-04
1.558857864935706038e-04
-5.262566951652324098e-06
-2.669569542383884645e-11
5.470723008070378087e-11
1.376924310285001584e-11
5.532292746652178664e-11
-3.614251716907036603e-12
1.652567134549653934e-06
3.880065969419228799e-11
-1.200999925945822252e-11
4.940725303626158061e-06
-4.241445475117949492e-11
3.020878370987641527e-06
1.236633068456934294e-06
-7.065631681995596305e-11
-7.909686286134047203e-12
2.664994827576753075e-06
-1.307147769071507907e-05
1.285326206355908304e-10
1.857696876911519908e-11
-2.746128010064784913e-06
3.718947446329788081e-06
4.360852660563805297e-06
3.579368248992597084e-05
-7.095309956141891331e-06
6.260467483223967711e-06
-2.156645476451271234e-06
9.317981449759405189e-07
5.655553875095297794e-11
6.595377420162910938e-07
-3.222324863631473547e-12
-1.055772950494003454e-10
5.191957680746970080e-11
3.813463337353983841e-06
-7.060081787670697699e-07
-7.394913060536969091e-11
1.115548310886352676e-10
-3.801097172263650256e-06
-5.836257679944835502e-12
-4.144344254677500240e-06
4.491740854800512932e-06
5.199790385431666860e-08
-8.106871975961782949e-12
3.552129577507363079e-07
-1.438225690780144447e-11
-2.198333653668603684e-11
-2.876473292248051910e-06
-3.520810068331582459e-11
1.044057148250651949e-06
-8.126951954970732970e-11
-2.416758744501320653e-11
3.717434397219453873e-06
8.335692795259100490e-07
1.503896597157762124e-05
-4.292549767269246987e-06
-2.885200110894839228e-11
1.466075609540984025e-06
8.564482211023375190e-11
2.447619504726658339e-07
7.830223334828338251e-11
-1.043514909641287908e-10
-5.867055836768956419e-07
8.355537530174157877e-07
-3.370546741026077815e-06
-1.180303225271077076e-11
-6.759827392133813687e-08
-7.708149162510492335e-07
1.312424475905816904e-06
-1.115024324245024400e-07
-8.950925252356919438e-11
2.800670306659685031e-07
-2.168899102177174753e-06
-3.926651988310191867e-07
-2.826402936532999095e-06
-4.088728281087829327e-11
8.236478202875652838e-11
7.964784584330856097e-11
8.187807932800808834e-06
0.000000000000000000e+00
-5.374667666449820018e-06
1.018420116373885914e-05
0.000000000000000000e+00
-7.827981070494248791e-09
8.743219179787906450e-06
0.000000000000000000e+00
-2.695993689670837264e-11
