9.455544295997531101e-01
8.526389557758473625e-01
1.044025157232704393e+00
1.204561984576940192e+00
1.026434596257441934e+00
1.030455112098505488e+00
7.938367469626561590e-01
9.382357588332763676e-01
8.724004506069793496e-01
1.111628852678145929e+00
1.305658363644856212e+00
1.226122941008999323e+00
1.131040097490279450e+00
8.451293702231311711e-01
8.915245542282379532e-01
1.122068989030286179e+00
8.010643764850606807e-01
1.268539640369684030e+00
9.035788934634050307e-01
1.106715934560852599e+00
8.151212356738619658e-01
1.242780332359229245e+00
9.417459602554206777e-01
1.092419261786748752e+00
8.170406885322359924e-01
1.293968708715423244e+00
8.715501107206500286e-01
1.186177510120043133e+00
8.216514386139717185e-01
1.303152091902659349e+00
1.254435141971213863e+00
1.303926637725214999e+00
1.198161479776588934e+00
1.635263080242870259e+00
1.087282556895055263e+00
1.460887950781293965e+00
1.224495765352860310e+00
1.669246861380068836e+00
3.662811360103343344e-09
1.481241626309134652e-10
-2.788623115136541356e-07
-6.030910555016188746e-05
5.076027484412775070e-01
2.002364523292722489e-04
1.816275689740552766e-04
1.824108383531468152e-04
1.869883128769417953e-04
1.763945443506234612e-04
2.096935048117192001e-04
2.116718410467393328e-04
1.956443467692745356e-04
1.985109273076131244e-04
1.939504735676014454e-04
1.889583046899310300e-04
1.909405583748391617e-04
1.923729832228808869e-04
1.935441981738852089e-04
1.933920590493849235e-04
1.951904060605398812e-04
1.891407827868757602e-04
1.861274559502995043e-04
2.083488207155594692e-04
1.636128015424896534e-04
3.949947499033444652e-04
5.381573678801888135e-04
2.312332047114696860e-04
1.988966016089858556e-04
1.988643991891526387e-04
1.864870415000656641e-04
1.850821717758529151e-04
1.876873288230766442e-04
1.821758809840968139e-04
-5.159382285348585508e-06
8.907695872251091824e-07
9.581436466212748635e-07
2.542710194995197378e-07
1.709737303327260728e-06
-2.335292543384002448e-06
6.322509326717489612e-06
1.157089680482353232e-06
4.471935101377595082e-06
1.093818297866737475e-06
2.998479242308373406e-06
5.257271400595474388e-06
3.300612532234228684e-06
-1.902313614147430515e-05
-5.276072032331526702e-05
-8.521551939892059132e-05
1.253909732112379609e-04
-6.575430256775698958e-05
3.459798552079650888e-05
-1.808819843913204973e-05
-6.424046390859538081e-07
1.732846726228967449e-06
2.324528037312729791e-05
-9.608701737326028760e-06
2.922648554410467856e-06
8.240748029866788496e-06
5.699539613035717514e-08
1.654281490171447058e-06
-5.264024859662132842e-06
1.378957867926981422e-06
5.792814696409353438e-07
-5.346615357738584242e-06
-4.980225364611912144e-06
5.215496169739289776e-06
-5.191040751483311976e-06
-1.620489202205561970e-06
2.601587083119930387e-07
-7.484222324909626503e-06
1.801051137855579185e-06
-4.128067477050678820e-06
2.588959062181083841e-06
4.222825520058119030e-06
1.039119913967528609e-05
-1.795651411441348856e-05
1.801272472886724003e-05
7.560921027504409857e-06
3.497887313617823328e-06
-5.835509853225667712e-06
4.856304535084866801e-07
-3.264897755190203235e-06
-6.452802996997830368e-07
-1.304214363100043963e-06
8.834652068410138930e-06
-3.739113541351036085e-06
-3.465800008489854348e-07
2.045548663448908156e-06
-4.513195164358880317e-06
-3.935744804288738040e-06
-1.468601029741184781e-06
-9.844665868372819238e-06
8.373620275619930424e-07
-1.459629360623547072e-06
3.899130622885860919e-06
2.638933705332061082e-06
-5.679475008992618829e-06
1.389009702411385691e-06
-1.805197540144082913e-06
-4.363307274462048139e-06
8.954399726147365777e-07
9.052398302314625217e-06
-7.780969140448288365e-07
-3.068080600734479885e-06
5.082924282787452502e-06
5.313227082951207830e-07
5.041326673880206993e-06
3.057747368009946340e-07
4.066725594688131100e-06
0.000000000000000000e+00
1.558692828036235677e-06
4.144414784001709234e-06
0.000000000000000000e+00
-5.420509570301041239e-07
5.816607295295008259e-06
0.000000000000000000e+00
-1.629802131053275669e-06
