7.482003971425470468e-01
9.077748480803640163e-01
9.280042234002772172e-01
1.859733476811318731e+00
9.197396217575994903e-01
9.272678728480430177e-01
4.320227265998056732e-01
8.247902001666020944e-01
9.261874872346756993e-01
9.429779494265906337e-01
3.711438946403811112e+00
1.057834602186459083e+00
9.090786137071392714e-01
8.283279870326248906e-02
1.118864364111277432e+00
8.957127857727029685e-01
9.973746311395348396e-01
1.007244556945870784e+00
8.619443818654296541e-01
1.160598998739794219e+00
1.021432557325668622e+00
9.793421765655220268e-01
1.130523647905804285e+00
9.233341624936526326e-01
1.221542595343137361e+00
1.050037206254744282e+00
1.109136541854937708e+00
1.151846037856264715e+00
1.437444101962499499e+00
1.010338932775494136e+00
1.439843129993175985e+00
1.211087568621126209e+00
1.986264637142242329e+00
1.604352544397067870e+00
2.033715314135642771e+00
2.198379560636696262e+00
2.568594554812563491e+00
1.546813164570265631e+00
2.417022407785184802e-09
1.252478595414820890e-10
-4.761373583702163155e-07
-1.293259292341513626e-06
2.582544289042265073e-01
1.932235502371095544e-04
1.984646757892387803e-04
1.864688046101707446e-04
2.058362567485715533e-04
1.745622575665832553e-04
2.330211324618481619e-04
2.318752627824899261e-04
2.164199794348014942e-04
2.017560262712574516e-04
2.001247278912879173e-04
2.026547307035180120e-04
2.070232532195478417e-04
2.008645930759635906e-04
1.967946985711765181e-04
2.051032956324871503e-04
1.998395639897779707e-04
1.995830814864978911e-04
2.004074069040344137e-04
1.950743257569273427e-04
1.921391430035669396e-04
2.102839939046403581e-04
2.374055427406397245e-04
2.275976751579972279e-04
2.011602312664243918e-04
1.997303258184906637e-04
1.920987475114328824e-04
1.971808981887944240e-04
1.947673513375916023e-04
1.963473545958896341e-04
-7.161782073774452666e-06
-2.748330838772950456e-06
-8.026345256160426743e-06
1.093013584601806846e-06
-1.326486699967645415e-06
-2.258971359632956240e-06
-3.998782142202734330e-06
7.036509502306101026e-07
2.262073508947504553e-06
-5.158598333482892455e-07
5.226901567252464263e-06
-4.717307856654081639e-06
-8.652654091506426795e-08
-9.368907984554082733e-06
-4.722173227006508440e-06
-1.294139476447769561e-05
3.866140428610110036e-06
-1.875753212854897863e-06
-1.960965808981385505e-06
-9.092132227526785738e-07
-3.831647340016610390e-06
9.258741241676761502e-07
2.030721842648559199e-05
-6.682560555734203434e-06
-7.674934039275344905e-07
-6.082922741925311114e-07
6.588214418222680385e-07
-3.250946034273051649e-06
-4.171941601481105666e-06
-2.355105871241870180e-06
-3.125981078345696576e-06
1.443042697004209303e-06
2.702328875319141872e-06
2.569455986676716570e-06
9.031007468794563492e-06
-1.345632985711796502e-06
-6.436918697305999654e-06
3.199889696979824795e-06
2.368464948533486943e-06
4.887499209311008680e-06
4.883157005389720594e-06
-1.411539424063058665e-06
-2.395884337342252603e-06
-2.658584233002271454e-07
-6.097880968097662142e-06
-2.912919163379889878e-07
1.205719678006024364e-05
-8.046175389432073748e-06
7.372716946955748784e-06
-5.994604378267747707e-06
1.248166489852134264e-06
-4.584025030266214009e-06
1.732072301898025460e-05
-7.703714115979800377e-06
1.794793493888709044e-06
-3.206287957653248697e-06
-8.388083114550772738e-06
5.829014867406139005e-06
3.408635981128819988e-06
-5.221696758311495530e-07
9.128027570994976944e-07
-1.810074757061122380e-06
4.967747268650349184e-06
-2.598274896413984134e-06
1.259198991812241061e-06
4.453259530753200057e-06
-1.981215858322749529e-06
1.801530152875479630e-06
1.823512946187797310e-06
8.607655584606333719e-06
3.906947498787968445e-06
2.671773077493466618e-07
-4.187152787483050457e-06
6.272185117296509355e-08
-4.144484310524237084e-06
7.406919189645485075e-06
9.844126759658978598e-06
0.000000000000000000e+00
-8.753628549567468497e-06
9.973478755095583015e-06
0.000000000000000000e+00
-7.577006478002052400e-07
7.134362105585696079e-06
0.000000000000000000e+00
-4.643312923144793137e-06
