5.041558476374017328e-01
7.113443177675490281e-01
5.592675218442089147e-01
3.956977262823664909e-01
5.773559182906451426e-01
5.317334093436822950e-01
8.584737746536461045e-02
5.163633105484463082e-01
6.978646206950998021e-01
9.004371280331360250e-01
2.664453434464344905e+00
9.769963992298507094e-01
8.987869635280467673e-01
-7.798771490094301428e-03
1.426775850234174081e+00
7.555486531168682518e-01
9.292875498079136154e-01
1.112868838297898844e+00
7.926005385832570749e-01
1.271438024119428967e+00
9.644199396068158237e-01
1.061638052112212627e+00
1.461560312779733195e+00
7.720711778329891750e-01
9.152111509819540469e-01
1.187213122536692644e+00
7.904378987733229334e-01
1.909659685277433683e+00
1.066409982395140954e+00
1.125185861955261490e+00
1.911914460046753472e+00
1.051423963220041724e+00
1.263682820256099903e+00
1.302992805865577974e+00
9.816842376218910537e-01
2.516724114030375326e+00
1.553731892410962878e+00
1.277080472135351696e+00
3.046076355253930269e-09
1.408857976390730863e-10
-8.444079162304984565e-08
4.464410575855419158e-05
5.369663421772603584e-01
1.803320570914619637e-04
1.779348107464367361e-04
1.751470084454821697e-04
1.769209745264842021e-04
1.708727256206522686e-04
1.897366628713998879e-04
2.030432197442156358e-04
2.153183646129120071e-04
2.019324122285662954e-04
1.864546260279417668e-04
1.861626507482930855e-04
1.729774346020109216e-04
1.823315953160021825e-04
1.787614076064227269e-04
1.755470231413679095e-04
1.863036691292491555e-04
1.781612388815601803e-04
1.810213038915759528e-04
1.736972562759295691e-04
1.871646027845362331e-04
1.236366318546284538e-04
2.754097919838692250e-04
3.741932958506837817e-04
2.745381691231230104e-04
2.081832611058145096e-04
2.044839037185250765e-04
1.819091372772827040e-04
1.903569643807270545e-04
1.868282025779965266e-04
2.913138503626735134e-11
5.110599407680207799e-07
1.659508038838829107e-06
4.550071450815014518e-06
1.427472124377335535e-07
-1.208952531578486080e-06
-7.219571523464474348e-06
-1.380746330347520996e-06
2.734358969031053975e-07
2.357339088006920879e-06
-7.029456972161220839e-07
-6.273621990647727256e-07
3.463818953563302550e-06
8.476836926132371981e-06
-4.485096641186161475e-07
-1.108717833901107729e-05
2.084274234292647363e-06
5.094800884906015390e-06
-2.600232480543061814e-06
8.536741276610184065e-06
1.542059567069632881e-06
2.816323146716400071e-06
-3.732133382006453989e-11
1.994032901994477359e-06
-4.017699661283848389e-06
-2.430448096557123252e-06
5.544306581476259580e-07
-3.503396405074986741e-06
6.136126558282164029e-06
-1.580767021195561358e-06
-5.667608211016396005e-07
7.993918207996403148e-11
-3.973509531223851805e-08
-4.145593223363700216e-07
2.307550601985175123e-06
3.816830200235867015e-07
-5.311028615542515064e-06
-2.770883352438068371e-07
4.873251704636677959e-06
3.445654634272920707e-09
-1.713203952960953271e-06
-9.793794932790413854e-07
1.236833328565009721e-07
-4.418022445545696092e-07
2.257509796654839462e-11
6.552440916317848183e-06
6.020268028090003440e-06
-7.595276378752283430e-06
-2.580688385349246746e-06
2.646703904573310733e-07
7.885019006546644162e-07
-3.452804549085381860e-06
-1.615742699935946033e-06
1.100914520783727042e-07
-5.544686661248062319e-06
3.858403362104311578e-06
-1.391736844695164685e-07
-2.749587712193266454e-06
-4.086567303995365835e-06
-2.607435899808781687e-07
-3.338446134742593935e-07
-1.519688839117165933e-06
9.978284701857595572e-07
1.421344096843583752e-06
-2.096987367338176650e-06
5.458083518572595144e-06
3.495071986013646998e-06
2.277012013548647621e-06
5.274549499481649564e-07
-4.943120095533171555e-06
-8.490512954114107667e-07
4.064553046899034995e-06
2.580746655879453148e-12
9.026185785560385852e-07
-7.757103739901171199e-07
2.879520807488167436e-06
-2.997010665967081972e-06
0.000000000000000000e+00
-2.103941399022270426e-06
2.263543415972303672e-06
0.000000000000000000e+00
-1.706010766759160625e-06
-1.268170951538235402e-06
0.000000000000000000e+00
-1.342071230013420034e-06
