6.463199519312085028e-01
1.291128294741386906e+00
1.008704323428996297e+00
3.429448593564051073e+00
1.166906457124896379e+00
1.100197318891007470e+00
1.022875154861746294e+00
5.831787755093404080e+00
1.047584031144926485e+04
1.168693219287791019e+00
8.825987650339311222e+04
1.219372241271295287e+00
1.265928608512601361e+00
2.325469595212370223e+03
2.127229331423259318e+00
4.713903816978552430e-01
1.178944871162962427e+00
8.590299903793970904e-01
6.119119835961037701e-01
1.637046264835018583e+00
1.141064415119932951e+00
8.894057130070458506e-01
3.062556886725990353e+02
5.421640327270553783e-01
8.131536481772370280e+03
9.136347448794697179e-01
4.621572346938922493e+00
1.556167625573721347e+00
7.535413543512673641e+03
1.031041108734380263e+00
1.859308792800096853e+03
1.025419673571108969e+00
5.691359646663686726e+04
1.632470883298415609e+00
2.896918899029120098e+01
2.812429435236535546e+00
5.274099438218153955e+04
1.968201819042074918e+00
5.201879406234094297e-09
2.916261372317079638e-10
2.210147792749012242e-07
-7.167564956105104560e-05
1.084820720680945011e-02
1.830072758211086334e-04
2.036134245457672516e-04
1.614331987685515559e-04
2.886250581666286678e-04
3.262624816696348969e-05
5.427377264740557757e-04
9.401601716067979966e-04
7.067260764918118767e-04
3.581768860384869726e-04
2.188686372462282713e-04
1.889011692283581599e-04
2.256290140553316370e-04
2.329253194455017180e-04
2.333011259822896448e-04
2.482781026734274827e-04
2.314407436034164925e-04
2.209369748588376706e-04
2.190239832827476708e-04
1.963659239251845635e-04
2.123905597497112267e-04
1.697235072486503516e-04
3.001623186047195149e-04
4.399920398174108141e-04
4.647260043287120262e-04
3.281116474933165757e-04
2.106235265224570146e-04
1.825483672710529132e-04
1.862325335294319668e-04
1.977129114475019791e-04
-9.213121563757589987e-05
3.285825221528601266e-05
-3.080436503537208601e-05
1.309812932170444677e-05
-1.861027672992773497e-06
-3.372635693813672446e-06
3.089077494382997474e-06
6.040654570887678019e-07
1.980218820227381535e-06
6.208047155550683181e-07
3.921879384862584743e-06
-1.770844928143674764e-07
1.570059926451124362e-06
-3.263663643007516276e-06
1.245738784440970126e-05
1.508814381429233174e-05
-8.081397288194868127e-05
-2.301888108351374247e-06
2.879063401601754443e-06
-3.628306621244712729e-06
3.910215319157635840e-06
3.559861366684506211e-05
1.755162350010154105e-04
-7.803297741822002426e-05
3.443314074261280257e-05
4.457921560498518686e-07
2.575071488198018979e-06
3.554052392579987685e-06
4.218590354490365259e-06
7.556424431330815053e-07
4.528030129102308047e-06
2.442195231984726044e-06
2.747967635453376297e-06
8.764672436003625177e-07
-1.452113039797047002e-07
3.126823333807528294e-06
9.488214827941114120e-07
-1.751996760599780659e-06
-5.248033259892096827e-06
-5.082155082933556650e-07
-7.389607751738593885e-07
1.180174552557800373e-06
-2.495487916142663507e-06
1.775680093781608859e-06
4.046527903447882463e-06
1.898448563836420880e-06
-1.293981694969353506e-05
4.438527228178933538e-05
-1.687803894685109833e-05
2.487622785351040943e-05
-5.799215980444869585e-06
1.049613080455151979e-07
1.191154282005876862e-04
-5.208458919701653225e-05
-1.531536878631942925e-06
1.789342807340598220e-06
3.284662446954645953e-06
2.285343488406290525e-06
-5.599364487253420133e-06
2.420640552035951353e-06
-4.290253452384398323e-06
-3.055660618334338408e-07
-2.675398750864508250e-07
8.164278383261860400e-07
2.009489728441937742e-06
2.716086779760366475e-07
2.087793337594555737e-06
2.005844451577612856e-06
1.492132339031797586e-06
1.015199154492113582e-07
2.949953766291521554e-06
-5.177835168590406624e-07
-2.614301132644188442e-06
-2.866608441272354789e-06
-2.977354977253014794e-06
2.143601396611053048e-06
9.257345931852217779e-05
0.000000000000000000e+00
-1.999483316723165007e-05
6.877744735303093025e-05
0.000000000000000000e+00
-2.074455564086335908e-06
5.359361261109446848e-05
0.000000000000000000e+00
1.467140372347377337e-06
