7.270469375054550154e-01
9.789330782372647199e-01
9.230769230769231282e-01
1.261443890406888979e+00
1.100923611401706470e+00
9.855006759032527430e-01
3.111289380266326621e-01
7.146124321388225287e-01
9.857482480407638858e-01
1.196171805713664771e+00
2.166649582780002525e+00
1.275774800689121413e+00
1.327002147166646662e+00
-7.907903149752062988e-02
1.351944700439651648e+00
7.397007894401455008e-01
9.796041613460333419e-01
1.041040785944260083e+00
7.577149846781376930e-01
1.320038183481546223e+00
8.890708726990390609e-01
1.124901206888507144e+00
1.370801621885274768e+00
7.548374478985455660e-01
9.794824564687512058e-01
1.175854708024577810e+00
7.582293390297418778e-01
1.651144562820350270e+00
9.483230560650235397e-01
1.303283614369588062e+00
1.776089487167896941e+00
8.991867736870478023e-01
1.407059920275171461e+00
1.729529104173000764e+00
1.203321609035515438e+00
2.311359916468545439e+00
1.765982683557138166e+00
2.088873909696091324e+00
2.435272523010276993e-09
1.143746316969757726e-10
-1.654818478044767149e-07
-3.843326701019986896e-05
4.687619289986003079e-01
1.645575459107393736e-04
1.757195003252226746e-04
1.610952812532429057e-04
1.459881040743213440e-04
1.132018494663297183e-04
1.520189217262691423e-04
1.972800878709455273e-04
2.040836718816456201e-04
1.971861787741624309e-04
1.860611706082619806e-04
1.836457723597480110e-04
1.841409113586506101e-04
1.829819477934966558e-04
1.843291412138970786e-04
1.858678296427681556e-04
1.819973900528260697e-04
1.802060095663318056e-04
1.903709716669596563e-04
1.699327283965646341e-04
2.126385024510025904e-04
2.251699234839967369e-04
3.233100890195647701e-04
2.219895452143485679e-04
1.736948982724960530e-04
1.680886591657705989e-04
1.740836223214620561e-04
1.674793679807352388e-04
1.747648452588168198e-04
1.661737319119852658e-04
-1.639771320303379351e-05
1.401842708336084238e-05
-6.289728811497276641e-06
4.855885144791181144e-06
-3.862853956626756683e-07
4.801477238072920555e-06
-9.990816015404444562e-07
3.952012524132346919e-06
-2.042860887127395084e-06
-3.681590243626891952e-06
-1.115824203823959765e-07
7.485961686578226321e-06
-9.957310504331697181e-07
-2.952139370967067212e-06
-8.056646514462583364e-06
5.238108460631279919e-05
1.238169893470382521e-05
-1.148195393306491407e-05
1.092209518115445497e-05
-4.661701383932441206e-06
1.896090381237202987e-06
-2.341949603352466099e-06
1.886020094745389998e-05
-8.573216725673347922e-06
7.015642239033247548e-06
4.911380313941100350e-06
-4.451062112244037213e-06
9.333132775393194431e-07
-4.720091499388559954e-06
-2.007612105471749734e-06
-1.080035024500673370e-06
3.343080150265898476e-06
7.549393000502299116e-07
-4.042682680665433445e-06
4.205031835271871259e-06
-3.294930284142791705e-06
4.853327388999191839e-06
-1.352649934591272677e-06
-2.878412106767572278e-06
-8.036308584147305216e-06
1.993659727478778374e-06
6.142212553958487809e-07
-2.067725772070991541e-06
-2.617859186505531632e-06
-4.426339021046213553e-06
-2.504637708081657057e-06
8.529502146345037370e-06
-5.594856101375459528e-06
2.820547110345603352e-06
6.347997142815412408e-06
-1.059279250900145380e-06
-5.523563804076044849e-07
1.719895330384404769e-05
-8.739199512098033939e-06
2.731303676940525267e-06
4.257533097485135149e-06
7.287072563030761877e-07
-2.394448625861547696e-06
2.626516998022079720e-07
-2.328851013346457989e-06
1.210408515855248701e-06
-1.628702131274197873e-06
1.238543351142321974e-06
-2.159925024069367757e-06
-3.180093133669303226e-06
-3.983911153005334823e-06
2.450013145914068597e-07
3.550025788770291603e-06
-5.093159552139826104e-06
2.351645176286855372e-06
5.360608895698703659e-07
5.061609682636957901e-06
5.014955139162064353e-07
2.909834042603501765e-06
-1.952120563727161338e-06
1.844139139735599670e-06
1.539602655265380973e-05
0.000000000000000000e+00
-1.770144309210816873e-06
9.073749320909800861e-06
0.000000000000000000e+00
6.956174505202685397e-07
9.665370287616766333e-06
0.000000000000000000e+00
1.303865580013166911e-06
