8.994377968359822395e-01
8.988304299256086871e-01
9.217201959716929682e-01
1.244522580411518975e+00
9.352858475943069960e-01
9.020196788895659123e-01
-1.334368442095166807e-01
8.891198598811378417e-01
8.952673393336212371e-01
1.041861719817820386e+00
2.903452246889163035e+00
1.122186543087136723e+00
1.059300931555525516e+00
-6.181745475678714907e-01
1.007290845730980156e+00
9.927741398228955294e-01
8.961118425676719568e-01
1.115935037135462160e+00
9.745582058216698540e-01
1.026144028190642654e+00
8.917391623285506608e-01
1.123299650268349659e+00
1.011749629960302155e+00
9.993011424015451061e-01
1.032788741524356180e+00
1.079409988093209538e+00
9.678403107093884739e-01
1.196883397207184174e+00
1.061005087150270754e+00
1.111429472233247395e+00
1.185156663552770162e+00
1.217595958776531040e+00
1.917894391961975753e+00
1.547005069707990454e+00
1.071507806356623016e+00
1.698978317590044140e+00
2.118354972473392550e+00
1.763353819540054435e+00
3.892505685390319588e-09
1.886655298325681210e-10
-6.934295079580876433e-07
4.839496348437279452e-05
3.898348359697141330e-01
1.892525927165331317e-04
1.893763395367559135e-04
1.803337161345584154e-04
2.273888665444802944e-04
1.215810675564164345e-04
3.761098363496163119e-04
4.265185372995581150e-04
2.810422162974660597e-04
2.432671291856229471e-04
1.966719223883694751e-04
1.870385622634610986e-04
1.929930128140572971e-04
2.378856414036063782e-04
2.207741089824747619e-04
2.255433665413229881e-04
2.065911694593496029e-04
2.064973977508161008e-04
2.007809964695483809e-04
2.392092208127698900e-04
2.305545617745082074e-04
4.388251890229455171e-04
3.978465936697676278e-04
2.674135385939875880e-04
2.562429661128577956e-04
2.243046368183602372e-04
2.142807900447194934e-04
1.894920941828873542e-04
2.001491695643853709e-04
2.031701968370960149e-04
-5.024987288698101821e-05
1.730278463124621088e-05
-1.872951196488592762e-05
7.797953169264217082e-06
-1.254587956104777297e-06
-3.150760677403733118e-06
6.147395831590340057e-06
-4.054641071944614230e-06
-2.224096720553992983e-06
-3.271524308160629229e-06
-1.531704754010075005e-06
2.571080150636926881e-06
1.700563408429814696e-06
-5.960697504269124182e-06
-1.708370345773268324e-05
-3.247455331232057736e-05
9.594858295042514536e-06
-1.843916479139832515e-05
6.965525389780200499e-07
4.995730495731928432e-06
-1.758715954657066170e-07
2.177066991966837382e-05
7.749351668105041368e-05
-3.608536655639772044e-05
2.407981526860225244e-05
4.528568710086600156e-06
8.733209012989932869e-07
2.896929380964402506e-06
8.377044801514468966e-06
2.011423246718249387e-06
3.799741715048427240e-07
6.288875821224079500e-06
4.957995762538273224e-07
3.384705941340812837e-06
-1.607569466729847272e-06
-1.028025289000484806e-06
4.325298344516907614e-06
-2.637194331510895975e-07
-1.060555114641877464e-07
3.127414362144609083e-07
1.966126539420705948e-06
-2.259507780574722848e-06
-3.292468078086441681e-08
-1.047657535809383978e-07
-5.504885422067062423e-06
-4.567852903688407253e-06
1.836350791062246559e-06
5.087811898349898701e-06
-5.036610578093178097e-06
-8.470244208316416020e-06
-9.120858142396880025e-07
2.629408006372229692e-06
4.922656358614271280e-05
-1.519492951170468567e-05
6.172760871920682935e-06
-1.498951802766151714e-06
-2.638763168249858047e-06
6.498091507660138822e-06
1.703644118907608968e-06
-4.065279706546006473e-06
-1.935218060501169904e-06
6.626162264389638216e-06
1.218769778996885718e-06
-2.734340671890152070e-06
1.247436563812257882e-06
2.226217769700544044e-06
-7.932740557855210133e-06
-1.020605559481786162e-06
1.245157230325008684e-06
1.070642174250685391e-06
2.908699337997149443e-06
-1.670374390046076247e-06
-1.143766192206439688e-05
2.505620810234209784e-06
-1.956360952490201514e-06
3.527713639475750395e-07
4.296678330854760428e-05
0.000000000000000000e+00
-1.594084804128111246e-05
2.629730533332097674e-05
0.000000000000000000e+00
-3.125952292171722972e-07
1.936015773141286231e-05
0.000000000000000000e+00
-2.389435212868500345e-06
