9.693045829539083114e-01
8.793876943412763936e-01
9.591836734693877098e-01
1.208799915917736278e+00
9.345885352428517923e-01
9.565895511960564868e-01
6.549634079703472445e-01
9.640370665100367331e-01
9.019981470023381576e-01
9.715780981169922503e-01
1.591145910889681714e+00
9.663560505104624720e-01
9.794843214277684229e-01
2.899323697213088691e-01
9.099212655811672601e-01
1.099006815103027002e+00
8.744053083645251245e-01
1.143634923909867762e+00
1.013892015851279638e+00
9.863052640450507003e-01
8.835415615244555099e-01
1.135922246755037390e+00
9.460438617197044486e-01
1.090536233045298342e+00
8.682521521881660931e-01
1.186788556532881067e+00
1.002865575265128983e+00
1.000151749952431945e+00
8.836041268220755640e-01
1.175615495446801884e+00
1.145285966882334749e+00
1.400151473439909200e+00
1.212334723709097783e+00
1.461970699942193974e+00
1.097985944715871964e+00
1.113633240127815949e+00
1.231176161353496612e+00
1.477630049632773224e+00
2.484421368460545009e-09
1.302468971923751993e-10
-5.060418109827116889e-07
4.760446136963307712e-05
4.476221091268182128e-01
1.876844852780078557e-04
1.905187916910773137e-04
1.876694119949663632e-04
1.883753214094562446e-04
1.829882210475403830e-04
2.107070313340068685e-04
2.040975081431753587e-04
1.910430367053837482e-04
1.908274622903771971e-04
1.835556294174515491e-04
1.945191509182649851e-04
1.847525204894669517e-04
1.949547419738269466e-04
1.997085299194036523e-04
1.964842612894742400e-04
1.992553276382038555e-04
2.062031693093558868e-04
1.692338210151451625e-04
2.347607874692893564e-04
3.203821565036956060e-04
2.404758083481303797e-04
2.034460015848215243e-04
2.037910676703727649e-04
1.935510164649067262e-04
1.811820427907155249e-04
1.891469284055547536e-04
1.863336579919560123e-04
1.874880115480219293e-04
1.803382663536597162e-04
-3.499236452106618981e-06
-9.364870437540771798e-07
2.308030090020019899e-06
7.056599961057899872e-07
2.207399738680006873e-06
1.259798837161120603e-06
-7.703751339327672604e-07
-1.377217610034645612e-06
-3.796435991817367302e-06
-2.946704002782197658e-06
-9.353798078667422295e-07
-1.449602961610641409e-06
-2.316138290353176495e-05
-4.906512695932599226e-05
4.259649155595436420e-05
-7.845311630471661960e-06
1.185805754174565417e-05
-6.206708878967381535e-06
-6.553196909486491581e-06
1.911683614409953263e-06
3.290960987131200701e-06
8.464289340850556902e-06
8.052055242719099220e-06
-9.310262785349206731e-06
-1.520362969721048350e-06
3.859646084408883295e-06
8.195414079296056077e-06
-4.650878607177172845e-06
4.775534089435383138e-06
-1.973015224648347560e-06
4.187695414152684503e-07
-2.164150177062517351e-06
-6.766967067823641960e-06
1.234858665782909492e-06
1.152916853251437968e-06
7.121798652938791947e-07
2.714221553127743510e-06
-2.957493294595072495e-06
-1.018463317015108412e-07
1.799904907542590489e-06
1.079958857114194245e-05
-4.812759130653617378e-05
4.181986031188600805e-05
-2.186297549552446447e-05
7.166021947280586198e-06
-6.329491652090558752e-06
6.742473714913880334e-06
4.287696588503047948e-07
5.056765177476437198e-06
-1.435692343397196555e-06
3.539846978790193886e-07
-2.299606092843744389e-06
7.573253789380838675e-06
-1.207411014650415857e-06
-1.568959538434700809e-07
1.263560279405829022e-06
2.555891659589569536e-06
1.599217253749610272e-09
-1.404599979178567351e-06
-2.700751885604819531e-06
-1.305074157835137499e-07
-1.900118060931275563e-06
-3.484405645110805974e-06
6.088620147341690503e-06
4.653267256224239905e-06
-4.656921339747550780e-07
8.264312725264990985e-06
3.032144118599956296e-06
-1.057351469228345746e-06
-2.107603857754738399e-06
4.618523018001306736e-07
7.309276905622140642e-06
1.262895954338139523e-06
2.977962113048523349e-06
1.666258830771920167e-06
6.900502013271283305e-06
7.344334454791221918e-06
0.000000000000000000e+00
-3.905392404990730278e-06
3.698893946950291899e-06
0.000000000000000000e+00
9.436882741295079371e-07
1.425399525059319639e-06
0.000000000000000000e+00
1.536333683912420409e-06
