7.943040503395115692e-01
7.742070865029417881e-01
9.842767295597485422e-01
1.051817428643346819e+00
8.980465171872520358e-01
8.771790853717997827e-01
5.792993129467411961e-01
7.943027774668920404e-01
8.841891704378712635e-01
1.105575443886429809e+00
7.109772746580851788e+00
1.156983120068329374e+00
1.160911103275809708e+00
5.425690016897818380e-01
9.803179209078892731e-01
1.020210311533342740e+00
7.835008454607953476e-01
1.350144149023460471e+00
7.921998383060353532e-01
1.285210772517381139e+00
7.299162959519153171e-01
1.444016010377035863e+00
1.296809076649708903e+00
9.777282564686955446e-01
9.963789447569078028e-01
1.380777498725580532e+00
9.977329960907042050e-01
1.340107826699497018e+00
1.037971231286671348e+00
1.468784854145831709e+00
2.167354858909370297e+00
1.345461464938026541e+00
1.817535393876811955e+00
2.425658511997738742e+00
1.685479574950273118e+00
2.274597812858611956e+00
2.128631898867473282e+00
2.914662457672939411e+00
2.923946694199507419e-09
1.541348128060801406e-10
-1.408986122092220110e-06
-5.090145491407353957e-05
5.341668257301011025e-01
1.916964587444454143e-04
1.934338124682227072e-04
1.889963169167594684e-04
1.911471966707692068e-04
1.663272029450006163e-04
1.896001300222379857e-04
2.270595739317095535e-04
2.339031728683974801e-04
2.150611903166006744e-04
2.029931419542052801e-04
1.911207761604970929e-04
1.975584564451493043e-04
1.915055421556692799e-04
1.907707692886094226e-04
1.844346952732092346e-04
1.936001986335623873e-04
1.951483738977875370e-04
1.893356504498281160e-04
1.972782100574469995e-04
1.924406681392633919e-04
2.048118272713670253e-04
3.459100099200901942e-04
4.301359109415288070e-04
3.381762793046610331e-04
2.292259066204207748e-04
1.996140900577693237e-04
1.991335633610956130e-04
1.889969831263330600e-04
1.911293663672881569e-04
-1.421075416862060933e-05
2.111965460142071910e-06
9.184410145027481304e-07
7.272343130293675840e-06
2.655296804928561629e-06
1.973397774319553556e-06
-2.300871920205982808e-06
1.994571061502060446e-06
4.542289243265115336e-07
3.013618800572158735e-06
2.266314655859751273e-06
9.339724860809348972e-06
-3.783759544286322847e-06
5.656990956969588471e-06
-7.971598953613306864e-06
-5.504350049217272995e-06
-1.094148541520328824e-05
1.193604830400233404e-05
-2.637507177512748683e-06
3.851893412454979247e-06
-9.000914566101712757e-06
4.832719895684616261e-07
1.783152452610077839e-06
-1.165985593342918194e-06
1.163719273885922245e-06
6.884062498268852485e-06
-2.643747745783201886e-06
-3.589567015711121216e-06
-5.086729221277243150e-06
-3.044705839568912589e-06
3.833482391400639792e-06
1.844836129331321789e-06
-5.894262240254527763e-07
3.208898063805163429e-06
-9.869990414262134786e-07
-4.288314822562575426e-06
-2.716661778342666139e-06
2.277723016087210802e-06
1.131235561276302572e-06
3.050396420645962766e-06
-1.146893507624341458e-06
-5.661873389893242704e-06
1.101673741153887155e-06
-2.401668263748904588e-06
6.123727575420839103e-06
6.396708804908253371e-06
-2.383758214012136824e-05
8.412718840008690229e-06
-2.257626464190643887e-06
1.618072008931932238e-07
1.958309680759478455e-06
-1.397488583659900867e-06
6.256259848195821064e-06
-5.446121159603995089e-06
-1.261627722244925397e-06
-1.939209195438837609e-06
-5.441441238096455868e-06
2.786642437947762764e-06
-9.364518563760419781e-07
3.542104297479518120e-07
-9.010916300817321820e-07
7.414093250986839503e-07
3.576094443704776317e-07
-6.595136340007685843e-07
6.148303972541095314e-07
1.597638090146845084e-06
1.497365752561833053e-06
2.398274725071379342e-07
-7.481553351662234447e-06
-1.007331912676243797e-06
-3.328405683476636180e-08
2.433140267317485595e-08
-1.417049711636647920e-06
-2.215042446649924138e-06
8.653415653704978693e-06
-2.633205515032588999e-06
4.522553487915857820e-06
0.000000000000000000e+00
-3.224959861033558618e-06
7.547872622577447114e-06
0.000000000000000000e+00
3.721832880824500535e-06
4.689009892833243472e-06
0.000000000000000000e+00
2.320811603425067952e-06
