9.976022194699472045e-01
1.015189873118770514e+00
9.766049868317543403e-01
7.086981352659216249e-01
9.362823285442725130e-01
9.825812553187956988e-01
6.407509014565508920e-01
9.960422169242155732e-01
1.013217651067563674e+00
1.148083925670835503e+00
1.249868149498107428e+00
1.184055605109718634e+00
1.147213074538204758e+00
2.696111138396789508e-01
1.084551622900673529e+00
9.220950909156212516e-01
1.053215996611800431e+00
9.494824898011888781e-01
1.008057978713385205e+00
9.924235067367142005e-01
1.028431421114502919e+00
9.724526028763440522e-01
1.060829565354002302e+00
9.968986274953453020e-01
9.779584727806641675e-01
1.138468649943917388e+00
9.740534224385128947e-01
1.221161058334333527e+00
9.880215398547349537e-01
1.127748129585968151e+00
1.421624105284251982e+00
1.389196131319010874e+00
1.361206607943123537e+00
1.648725544029121082e+00
1.466640994641413398e+00
2.003864945904249240e+00
1.513446569673486009e+00
1.623394985103133736e+00
1.881499359384190306e-09
1.095380544521507184e-10
-2.366710454803592863e-07
1.934550581863799055e-05
5.293059754912534665e-01
1.763069788926761893e-04
1.889998024704567540e-04
1.795026341095014831e-04
1.859251544159824213e-04
1.795005483696031161e-04
1.921262691410248794e-04
1.878537274178346045e-04
1.913844221944667337e-04
1.827091111957325552e-04
1.847144585260381499e-04
1.808683905287977668e-04
1.846633158459207646e-04
1.776531800377457808e-04
1.843386194349949788e-04
1.886883735923863088e-04
1.811665282757197928e-04
1.831644923938125554e-04
1.796849415392845766e-04
1.868982374673933361e-04
1.763598271005248255e-04
1.900513966027972076e-04
2.259619750444907045e-04
2.177685480873757973e-04
2.048280148220693511e-04
1.819704538333614561e-04
1.755059398855850043e-04
1.804457010368300382e-04
1.852889197346471446e-04
1.824277024384896788e-04
-4.925777241729055072e-06
2.079100014383333204e-06
4.929084485407152962e-06
3.739564346671393253e-06
-2.505722748214208210e-06
-1.867856028849683832e-06
-6.475955214059314413e-07
-5.727050413185373362e-06
5.061564448262555389e-06
8.214297384676534216e-07
-8.817483103705381378e-07
-2.835402279018972162e-06
-1.206551226941292165e-07
4.002879006253167674e-06
-7.548729031363458658e-07
6.606506365734816631e-06
7.320881153308502316e-06
-1.515060976530310566e-05
6.492210451654458497e-06
-2.676212100678556984e-06
1.520536891456565351e-06
2.998632951070166266e-06
4.856637862066943268e-06
-7.980794286688291264e-07
-4.206142742765510145e-07
1.488521658889579329e-07
7.404256295781947732e-06
1.661211874655084646e-06
1.247846474398087024e-06
2.078274074559930120e-06
1.229825236074463432e-07
-9.986188895494015287e-07
-4.488926907883841405e-06
-5.147968164038683799e-06
-2.792489112916543272e-06
2.649625635021911086e-07
-4.241014510043024660e-07
7.461195451056991279e-09
2.268768898135320957e-06
-4.358989345766618072e-06
4.451791530180388021e-07
-4.318889086155809027e-06
3.055613827040586313e-06
4.692210484882022676e-07
-2.995644901143737990e-06
-3.662165240609911547e-06
9.251197832503880431e-07
1.744065532906379746e-06
7.302636772834665584e-06
-1.655898831632957856e-06
-4.883438880569646723e-06
5.442961884939586154e-06
4.823398996585539493e-07
-4.602524123833952141e-06
-2.451566932778304975e-06
3.958652130522969675e-06
-3.158652584674063612e-06
-7.751144703190701265e-06
4.743473994517880907e-06
-2.516165283906717959e-07
2.829280456278920750e-06
-2.332127879028975827e-07
-2.723830499401636623e-06
1.657385316430540596e-06
1.282576544334808458e-06
5.039038009566530020e-06
-9.046598471548474992e-07
1.120462548410635214e-06
-1.476397944889072164e-06
-9.962393736362304625e-07
8.778680183243666305e-07
-3.739485788883366482e-06
3.377945526364005698e-06
2.262970292581433479e-06
-3.976087426611540692e-06
2.991021893900294739e-06
-1.159156035464207012e-06
0.000000000000000000e+00
4.678802615748971788e-06
1.980324356722066960e-07
0.000000000000000000e+00
4.577422170014591154e-06
2.527918350965846938e-06
0.000000000000000000e+00
1.350691193602259874e-06
