4.586802360195794126e-01
8.263493826586270075e-01
1.130241100386854658e+00
4.963970943296627802e-01
1.165880395950143367e+00
1.199243902506988313e+00
1.115464011883877449e+00
5.034888272525155362e-01
6.602951138415001878e+03
1.062050366056064510e+00
1.454246000759207891e+04
1.170309853872491423e+00
1.083987214820696376e+00
1.250699560813002265e+00
1.860134331820315401e+00
5.381407920026086700e-01
8.327031484544688000e-01
1.206537721886609127e+00
4.265717134428168578e-01
2.348211672391592231e+00
8.530969072232172934e-01
1.199133854749051764e+00
1.544007995841457728e+02
4.526411424740090297e+03
2.628845300676625357e+03
1.650588193380442317e+04
7.083989979536418069e-01
2.334059055478320488e+00
2.158468807740377542e+03
1.740676064989339648e+04
9.193701683407576866e+02
2.035010757813501914e+04
1.576964432746147941e+04
8.975847984036756679e+04
1.241417592340379628e+00
3.351782662068621299e+00
1.294767251988783028e+04
9.489294200120589812e+04
2.231962403713879809e-09
1.273503216885332022e-10
-3.360943915418251461e-07
-2.329209741132289761e-05
3.692974331837032276e-01
1.846627262339882718e-04
1.792649548707900731e-04
1.722467839769969858e-04
1.851454688798897250e-04
1.865454059167670335e-04
2.354710258410347250e-04
2.352398126756146714e-04
2.161311994148506208e-04
1.954850732338626483e-04
1.912449658515275822e-04
1.836718771192749676e-04
1.975976251896104617e-04
1.791905107703609806e-04
1.908847166272112101e-04
1.823017260571593292e-04
1.886085504604632565e-04
1.883589173921193440e-04
1.728241588169060483e-04
1.974472747495699463e-04
1.564220092718762094e-04
2.628417135299553758e-04
2.738534511246096823e-04
1.893420311089966763e-04
1.901748639550287872e-04
1.838346635764035581e-04
1.788575367934936463e-04
1.802000833963612848e-04
1.807097726965373229e-04
1.869019031973275348e-04
-3.233713633189452113e-07
-2.270645902914052501e-06
2.623082379914557627e-06
-4.421744412107946843e-06
-3.303573555387210854e-06
7.894278036669153813e-07
-3.762796520957231802e-07
-2.408276597599190690e-06
2.190211439629635484e-06
-3.056454023136602761e-06
-1.493020418187246472e-06
5.119739086446032294e-06
5.535046046347960823e-07
2.638710175664494377e-06
9.669454327708230021e-06
-4.083891922456269656e-05
3.692546705678818265e-06
-1.018194792896027795e-05
1.594792524216774312e-06
-1.225116192614667251e-06
-6.798865593599151562e-06
8.253988599232970399e-06
1.020027329897398445e-05
-9.202913577535110553e-06
5.471109909511501453e-06
-4.625524615268589961e-08
-5.431308053421643134e-06
2.177989463962002153e-06
-8.617339984467777172e-07
-2.951873767528285855e-07
3.415418654241976621e-06
4.857993377968768437e-06
1.341602618872346067e-06
-2.866500337603385883e-06
-1.239913232795494289e-07
-4.817461664747468348e-06
-4.042939838824930216e-06
-7.516746090561501182e-06
-1.233367374564017576e-06
-1.698284329138218113e-06
-2.314292994574908169e-06
5.948848499973956993e-07
2.964590370564116284e-06
-2.582009506261784405e-06
-8.481294340839516026e-08
2.913040396416144638e-06
-7.080118842389540858e-06
4.097080698964404809e-06
-8.480785225028275923e-06
1.220061217098223425e-06
-4.439562165811537710e-06
3.837427137924095014e-07
3.599191812984054224e-06
-6.409866158818175894e-06
-3.906384974433729475e-06
1.804646522987937341e-06
-3.307146662969312455e-06
7.057411761297917547e-07
1.531804720507206784e-06
-3.580949734448186396e-06
-2.755367627137929472e-06
1.144611376374018402e-06
3.682678114006274324e-06
1.646007326933088631e-06
2.136823853320125772e-07
2.799656632469275499e-07
-3.177957286714906566e-06
6.499671025776381961e-06
2.990409937773800316e-06
-6.873638810426427406e-07
3.335955063863359567e-06
2.447633252351079909e-06
3.044934881733643677e-06
-1.144584172257005456e-06
7.066355035515514055e-07
2.051678731670945612e-06
6.090319839901760192e-06
0.000000000000000000e+00
-2.464432429181130660e-06
3.490333417957118697e-06
0.000000000000000000e+00
-4.560525733254119904e-06
4.895618729432877718e-06
0.000000000000000000e+00
-5.139738303617643961e-09
