8.343578681958800924e-01
8.265190407705300668e-01
1.005780346820809523e+00
1.226870110872245956e+00
9.738854759204595979e-01
1.007836993575142337e+00
5.606433657749703148e-01
8.268683780889624080e-01
8.229306418041199001e-01
9.566705154294682378e-01
1.928208149504630819e+00
9.716836464152085462e-01
9.566223215314852979e-01
1.249869814037112059e+00
9.875264522540255774e-01
1.012821869227551907e+00
8.572822101560018115e-01
1.167002393946857675e+00
8.442578048415984027e-01
1.185726748221828553e+00
8.869343422010083078e-01
1.128025312515661405e+00
1.002191645313918134e+00
1.057858836681735415e+00
8.728573468703507698e-01
1.265932387980660767e+00
9.019388350065367099e-01
1.147319448115678764e+00
9.051829022124430191e-01
1.260090212194804771e+00
1.318077151601287245e+00
1.558443115994566197e+00
1.323811762841029971e+00
1.908417734098050378e+00
1.316927107751821424e+00
1.395282808695141652e+00
1.417894376300251835e+00
1.925944701314439289e+00
2.864276344787867579e-09
1.358665893148527878e-10
-1.717161766430698736e-06
2.080042885573784542e-05
4.744703187631227337e-01
1.856280825057354442e-04
1.892674092026743111e-04
1.682689118328153715e-04
2.090568127832210968e-04
1.223144554986718973e-04
2.918202535959600759e-04
3.578618148893919211e-04
2.392469907367036474e-04
1.949743911176635863e-04
1.995784733860029832e-04
1.864863811667689681e-04
1.853712165588181711e-04
1.914321050201209695e-04
1.981974683116914009e-04
1.903997989499757893e-04
1.930367220087654372e-04
1.915162005234295132e-04
1.871629712177575518e-04
1.737948210351244463e-04
1.947589893615614886e-04
1.652722408434456635e-04
2.614106307224024804e-04
2.898210508355065964e-04
2.137638348152792484e-04
1.965385227658008704e-04
1.888077738508679986e-04
1.798442014421306574e-04
1.799927263142640430e-04
1.842989077913139654e-04
-2.221390816632441554e-05
1.063462468780204288e-05
-1.414034880376298617e-05
4.133119476555972309e-06
-4.776112299124228114e-06
4.760076791065609211e-06
3.603633632242557760e-06
1.228616124396469462e-06
-2.725519228530635511e-06
2.680835750833791392e-06
-1.626530502403841501e-06
6.224269311450692696e-06
-5.738624061975432480e-06
-1.743628538029106269e-06
5.250433715675692755e-06
4.214433296120561923e-06
-1.568077900229357879e-05
-2.538396577910731403e-06
-4.952953189327879014e-06
6.498505337227280010e-06
-1.836970832589578148e-06
1.362931070689036607e-05
6.705194530262969046e-05
-1.885385755800877316e-05
5.424187187696467640e-06
5.562082085500318426e-06
9.847170250009828764e-07
-2.443302743598340969e-06
-2.558705019590264495e-06
-2.769429451016584810e-06
5.819056233509376666e-07
-1.468992605964407150e-06
3.982916542182519284e-07
-4.075224834251493027e-06
-4.551772442058935671e-06
2.256494082049082848e-06
-1.310795195731760285e-06
2.809769167778090648e-06
5.582600679199722907e-06
-5.064785849795597721e-06
-3.435008552523416215e-06
2.740337729240725712e-06
-1.840103023632055377e-06
3.740631758355758526e-06
-1.162754863224340876e-06
1.537403651307176009e-05
1.197039259853799152e-05
2.911242459396238771e-06
-1.147766818996034810e-05
-9.093970315871436054e-07
9.636636806954214047e-07
7.481235053215532022e-07
3.131082069921631945e-05
-7.407379542232612313e-06
-2.353875892110361437e-06
8.230341401559662559e-07
2.831242619360250535e-06
-1.427567372116746882e-06
-4.020567862246687952e-06
-1.201230574122063994e-06
-1.905862066331325273e-07
3.148887030484695759e-06
-6.101671559889271324e-07
4.695204611832289657e-07
3.664469262672985266e-07
2.847471782453592257e-07
-1.688019290879714723e-06
5.971891595872895884e-06
-1.920601698353800472e-06
-4.998400107995082384e-06
2.743618631644936614e-06
1.877726219568283472e-06
-1.199327431712740193e-07
1.739596456303151075e-07
8.692768887563034999e-06
1.690159176452553256e-08
2.981098694798368719e-05
0.000000000000000000e+00
-1.136266218151381907e-05
1.729313322290640582e-05
0.000000000000000000e+00
2.743445777327831608e-06
1.736478583434333911e-05
0.000000000000000000e+00
-2.527743916705372635e-06
