9.799805851999923156e-01
6.350652921330220968e-01
1.356284843956549135e+00
1.212077722125725510e+00
1.393353976340067302e+00
1.376514563570113481e+00
7.472419506588812155e-01
9.802208105933869486e-01
6.312745209698571447e-01
1.346469123505665166e+00
1.589180398027855823e+00
1.371179272982311570e+00
1.349701211982333726e+00
1.041962357183019439e+00
6.411043993528351415e-01
1.559810761833225090e+00
4.686038944634409731e-01
2.134090340248707030e+00
7.128140004239624794e-01
1.403040842021694434e+00
4.644397144414407208e-01
2.153204191520480038e+00
6.683568543193119105e-01
1.537264586468936489e+00
4.698319409420804726e-01
2.174323214949946070e+00
7.251732459396487140e-01
1.385851815030445966e+00
4.616743364215901146e-01
2.179000313343157025e+00
8.196356907731223718e-01
1.929194888152234499e+00
5.765279458519952938e-01
2.674038462178752074e+00
8.132431856461002084e-01
1.570974686159326339e+00
5.808625855310647346e-01
2.688665134006877899e+00
4.488677246869652643e-09
1.501410789811423182e-10
-2.490218085356239144e-07
6.403877801237624302e-05
4.117331415795089100e-01
1.756637443656442659e-04
1.809718491351128766e-04
1.816511441602747679e-04
1.849906340962991793e-04
1.748094194781177411e-04
1.854114289414318434e-04
1.873661445433492489e-04
1.827166234753689112e-04
1.850558041707419830e-04
1.804236618689398944e-04
1.773152967077927674e-04
1.762008105989418651e-04
1.817224504250449109e-04
1.816732534551437613e-04
1.815669308705878900e-04
2.040867506623590926e-04
1.516090851119887507e-04
3.563917802466744092e-04
4.789331263068442868e-04
2.805843141777654101e-04
2.109726339721458566e-04
1.863987088556590664e-04
2.970577756934132956e-04
2.713423278219053011e-04
2.155531858226667982e-04
1.991370499092042661e-04
1.872635839171401845e-04
1.867887358518747825e-04
1.822364557574774203e-04
3.292657126307092167e-06
5.033903324180096124e-06
2.795844149884357179e-07
1.374804378702461312e-07
-2.308394813768892386e-06
1.623387723522650489e-06
-5.582279035634100063e-06
2.111484086751424213e-06
2.684599118179779429e-06
-8.377531057159091579e-08
3.782950484782921432e-06
1.417920664062792084e-05
4.154523729703517391e-05
-2.747281637076038791e-05
1.202560527189967251e-05
1.456943468098322634e-06
-8.567940215044252849e-06
1.099751747915234283e-05
-1.558251501833541355e-05
7.853494883877922155e-06
-3.559382667081884032e-06
2.065330890429353779e-06
2.151972768333372899e-06
3.562307182282989236e-06
-3.972845285254706353e-06
4.447228169908845780e-07
2.099892722614373398e-06
-3.111268179155682166e-06
-3.247591497709688682e-06
-2.185059016188060303e-07
1.192786877570057597e-06
1.331423405972179058e-06
-3.422978135839270394e-06
-2.622823972134193139e-06
1.034780001758827816e-06
8.278155660867727959e-06
-2.498232433696846259e-08
2.278010117653926590e-06
-3.734998475777329569e-05
1.725485432640785343e-05
1.352292084595310928e-05
6.061560316233666696e-07
-1.294404797220883515e-07
-9.371087036531787541e-06
-1.916356814919443490e-06
1.492319015969360743e-07
2.157651640771431042e-06
-5.553297239583863715e-06
-1.083556359651970865e-06
-2.250019954211999872e-06
-4.291350788061678718e-07
9.468371715990649337e-07
8.051214825597863788e-06
5.543725202991683844e-06
-2.304911922388550525e-06
2.215576249940610331e-06
-5.686733533487197151e-07
4.966294036755495115e-06
-3.791153257543303416e-06
-1.103515014155261923e-06
4.022298870078333543e-06
-4.948487185786710360e-06
-1.945962206409633178e-06
-2.292396026703539687e-06
7.391718998434795970e-06
3.346483519525946573e-06
1.958183047556369532e-06
-1.122717246198582586e-06
6.750955602607472465e-06
-8.295470481275592749e-06
6.979035975483517920e-06
-2.056302331902383793e-06
-3.804368704956672815e-06
-1.157325744441729185e-07
1.698070108652576079e-06
1.935938309667934941e-06
2.381154604104366988e-06
0.000000000000000000e+00
-9.941674651273237252e-06
-3.319025278893074600e-06
0.000000000000000000e+00
1.763263570812683969e-06
2.513948941951160565e-06
0.000000000000000000e+00
-2.715927787841975116e-06
