8.618664372924529360e-01
9.952474208910614406e-01
1.156376840401107220e+00
1.117219813655778937e+00
1.357750269125420184e+00
1.231482023954364902e+00
4.475318161926795102e-01
8.539214534846886195e-01
9.721619637352352239e-01
1.427921671392753833e+00
1.794863407992901783e+00
1.618427709393306824e+00
1.467146679740417348e+00
4.276261440599641861e-01
1.167276227837135805e+00
8.567539284267349231e-01
8.466791681718662810e-01
1.214553523210281982e+00
7.978555737085084587e-01
1.303353733272972104e+00
8.163989265124622641e-01
1.297375870493159944e+00
1.158733379745226610e+00
8.770794801525799711e-01
8.671514102800086388e-01
1.479907884335802448e+00
7.588763629552917056e-01
1.669644233334889760e+00
8.770549945472738695e-01
1.506394261778821742e+00
1.346374344964788916e+00
1.034221086092587338e+00
1.561541226829510354e+00
2.284565913366063405e+00
1.358147957911160386e+00
2.802554466329347349e+00
1.723005641579826719e+00
2.406768186103496632e+00
1.643253437677779877e-09
1.037746751371157700e-10
8.883293045639222738e-08
-3.651405105931978666e-05
5.528726856270280710e-01
1.746995738585590901e-04
1.756158634842881728e-04
1.805598680646071786e-04
1.762434811137751211e-04
1.796196424927226014e-04
1.871909203236197508e-04
1.824011072213937686e-04
1.827869831725943846e-04
1.833498100804283515e-04
1.784335273870712741e-04
1.852371253031136309e-04
1.787379768179842942e-04
1.792317968775150843e-04
1.838433291768842045e-04
1.838085388811386452e-04
1.818039480103167535e-04
1.735742689314455963e-04
1.918746459099368367e-04
1.887454580209125209e-04
1.795881697337053376e-04
1.759326156693541573e-04
1.796484667008151721e-04
1.776639410653865292e-04
1.781400061864317095e-04
1.864967884903562028e-04
1.775592359186626288e-04
1.775392817336514319e-04
1.807516532832825502e-04
1.801600031582651902e-04
4.934421753653550461e-06
8.190210331938638977e-07
-8.256316877342394398e-07
1.287351829465539274e-06
-2.112601903400419287e-06
-5.780085961083261794e-06
4.842447912287605541e-06
1.150700936528414789e-06
3.169184569746932616e-06
-2.332434773985439968e-06
-3.675286131541715234e-06
7.544413260563486508e-06
-4.352590000191796834e-06
-1.488331609503516618e-06
-9.535136346223445077e-07
-1.211190438312227973e-06
-8.570023596622950006e-08
-3.029243084170293594e-06
-6.526913844091465541e-07
3.937019853842034263e-06
-1.718801357607444925e-06
8.582879292534507300e-07
5.099321818876068159e-06
9.367747858479331150e-07
2.637463330468765308e-06
1.674618738581523718e-06
3.322484467727108369e-06
-5.568700433439442306e-06
-2.152122361241352104e-06
-1.569321965652582883e-06
3.423415129006930263e-07
-2.699471918817298002e-06
4.617532420196361421e-06
5.922641487195864605e-07
2.602726160940641636e-06
-8.472842929259411659e-07
8.191562824824926537e-06
-1.185123795846906649e-06
-5.100692905328520166e-06
-8.331695167096147490e-07
6.615616479033516864e-07
-1.064492990852732121e-06
-4.480941712597757356e-06
4.374209339541899998e-06
2.266506692428037885e-06
7.634718920928883391e-06
-3.354690310595873323e-06
-1.074696215819366511e-06
1.925225448087800252e-06
8.072664209572796178e-07
-1.809959013941045037e-06
1.792923041999600161e-06
-5.225707784882741389e-06
-8.012723780695493492e-06
-3.530604287018026247e-06
-2.278399571358193610e-06
-3.630553648527565167e-06
-7.445955712018553213e-08
3.447987626576998490e-06
-1.992193589473232751e-06
-2.905601172606928106e-06
-1.416750843176411358e-06
1.134208952271258860e-06
1.322322874998022706e-06
1.865250917795052541e-06
-2.057709023770904614e-06
7.576512870983466769e-06
8.520742021564062398e-06
1.211849912210177237e-06
2.679826977706259964e-06
-9.570461600550587229e-06
-1.814132566108830707e-06
5.001133673158570423e-06
1.841886064024480894e-06
-2.210375218854650885e-06
-2.881782575596045740e-06
-4.785141243347398640e-06
0.000000000000000000e+00
-1.461177168912311403e-07
2.757780445823950653e-06
0.000000000000000000e+00
-7.233428265292030491e-07
-5.504291083903534195e-06
0.000000000000000000e+00
-7.233520449714909179e-08
