7.279248906896669258e-01
7.034591990219274393e-01
1.404889832979299147e+00
8.165784355131378014e-01
1.425611699073959127e+00
1.446666338313097100e+00
2.186969601552863907e-01
7.194004411195831228e-01
7.420125945714994842e-01
1.308196626790871786e+00
1.284630630989657574e+00
1.338094954281535909e+00
1.298132146081765637e+00
3.761063569434057730e-01
9.928411169137685288e-01
1.007920214546848658e+00
5.186507854384263538e-01
1.929925541180685045e+00
5.297071448225254553e-01
1.888004803436220236e+00
5.271795903342202383e-01
1.896901041389417619e+00
1.053082317411456081e+00
9.923819338136612433e-01
5.842672240258717231e-01
1.951007524233811186e+00
5.630012216311812701e-01
1.840539434942065622e+00
5.977794416414050627e-01
1.939359469911447142e+00
1.349175700307653658e+00
1.396740359810412890e+00
8.487760864269023875e-01
3.096988294210177628e+00
8.001401325866011049e-01
2.403445509671835012e+00
8.936089647634850586e-01
3.217733904506733023e+00
2.810497873126480486e-09
1.473343549371804762e-10
-4.510380500202655954e-07
-4.857745567104893410e-05
4.929375835083030788e-01
2.105175059736626706e-04
2.019184880675957384e-04
1.864210199124585461e-04
1.869135105394854478e-04
1.821546363561025962e-04
2.042348890787131269e-04
1.973625207704218201e-04
2.014496246779496420e-04
1.839371678240144079e-04
1.843591328309111073e-04
1.844792808979250172e-04
1.805252440908858063e-04
1.930824509799373870e-04
1.819414932530621725e-04
1.853207127983754940e-04
1.845023611453802193e-04
1.828111154226305006e-04
1.955874986728339251e-04
1.791672210871450793e-04
2.567511251459965883e-04
3.907865821334952257e-04
5.015417077524129789e-04
2.660822813844453171e-04
2.013842388328885603e-04
1.908001884926642695e-04
1.798284202697846988e-04
1.907804037446157969e-04
1.768749992348286025e-04
1.983253484396783244e-04
-1.995385162482741602e-08
-1.717128873062816876e-06
1.140202020126016507e-06
5.826089711506558370e-06
5.125058050488601998e-07
4.081541561213487987e-06
-1.745797705371231157e-06
-7.314498546099737743e-06
-1.962355720079095873e-06
3.181312741804997760e-07
9.723842807301792369e-09
-2.293912009305025048e-06
-1.168379816055641758e-06
6.447642271808658572e-06
6.821802557960711880e-06
-3.138100794559119621e-05
1.743990701334549332e-05
-1.353534724183835973e-05
1.050229043120497004e-05
-4.712572489941728730e-06
-2.737075666189121755e-06
3.617257086397874719e-06
5.854474357652828266e-06
3.004898738244707708e-07
-3.321781964817581096e-06
6.066901450023231846e-06
-4.775272449744106745e-06
-2.289384295951895142e-08
-2.015721242359572533e-07
-8.565794085384497732e-07
-2.247145394597243959e-06
-7.345074595157949674e-07
5.204723993736025482e-06
5.886983390722152993e-06
-5.703084640057061912e-06
1.248441490428474084e-06
1.956809711728263967e-07
5.049354303247479554e-06
-8.651682710272632233e-07
1.218531092144875652e-06
-1.979176647366956833e-06
-1.877742979510067767e-06
2.468173474060007262e-06
3.299829230637486831e-06
7.292542786768792560e-06
4.039026221686898755e-06
2.624135311199456647e-06
4.377204314708530751e-07
1.818817598743957030e-06
-1.400767676486542980e-06
1.064224330887882772e-07
3.058381433340420110e-06
7.908333032427972419e-06
-8.730036276049258503e-06
6.459832328025182213e-06
1.057177807152147956e-06
-1.625959224747592206e-06
2.325468311637123722e-06
1.053433776615006128e-06
-2.181394761126964243e-06
1.325376852392702199e-06
5.418715480604013617e-07
3.769241087885655870e-06
-2.853770233658082358e-06
-1.677912068298129133e-06
1.254303030806451369e-06
-3.814684953005547673e-06
-5.348378838765767765e-06
-1.848152741495256703e-06
2.250965012564772615e-06
-1.332498997303295408e-06
-3.830247123769405053e-08
6.818509162546006768e-06
1.559686617654624671e-06
-7.395947625273444321e-07
-3.013747325321165335e-06
4.058083210801306750e-06
0.000000000000000000e+00
-4.644366411806039280e-08
-2.384041568634975683e-06
0.000000000000000000e+00
-7.696001951587804307e-07
1.741104525498256910e-06
0.000000000000000000e+00
1.145857193969295112e-06
