6.249865609960953972e-01
7.164974703425479596e-01
1.275046265013623614e+00
1.105839802866533494e+00
1.379421902758890539e+00
1.353923475147845501e+00
4.808512122275431233e-01
6.577497980986899417e-01
7.252939701146836615e-01
1.387337898677474923e+00
1.948753778145821070e+00
1.385906201597014498e+00
1.430567943515275386e+00
1.063742717052443165e+00
1.187420411467353887e+00
8.424781105881893328e-01
5.997751381448830355e-01
1.674057624588864090e+00
5.722282629580033309e-01
1.841652895285998959e+00
5.878602785588638024e-01
1.701707144530572702e+00
1.166666185354660712e+00
9.204087147520998435e-01
7.031281053144970983e-01
1.765134634640698863e+00
5.734371308377868015e-01
2.272637042302518395e+00
7.667135984042046104e-01
1.823221701933261940e+00
1.586259610125250408e+00
1.387929054679450491e+00
1.251234572290374381e+00
2.949127939752571592e+00
1.078130436692221306e+00
3.237712926338108588e+00
1.418884526166860782e+00
3.124206647736880171e+00
2.278280756039304327e-09
1.190440961693158542e-10
-3.811441995708670353e-07
-4.140588440077522361e-05
4.879042762087220098e-01
1.801796032707043711e-04
1.891955475031022020e-04
1.801392115772915527e-04
1.888534213410014793e-04
1.745631308513901909e-04
1.905715301224343962e-04
1.920672958687583967e-04
1.843093814224103797e-04
1.813739831300932039e-04
1.790358708705724563e-04
1.716148781396139222e-04
1.848084488739778195e-04
1.737460095315920816e-04
1.768157009860018094e-04
1.761082908282620145e-04
1.780415606060045284e-04
1.797805594544833806e-04
1.772931169616125124e-04
1.812300414902686839e-04
1.732732149560943665e-04
2.781213007999074321e-04
3.322407444875847844e-04
2.331586312425877074e-04
1.850600128495106741e-04
1.806324784059431848e-04
1.784525676396929591e-04
1.792862373223328646e-04
1.784294480464754858e-04
1.790155971071235447e-04
-6.317290393406653577e-06
6.673569023930449505e-06
-2.850297992911468406e-06
4.514654545560617140e-06
2.463230916572460761e-06
-3.321374960563648216e-06
-1.993530254933888453e-06
1.620984570090180165e-06
-1.154569200848209481e-06
-4.378625049003613880e-06
5.259229487287047928e-06
3.917280229136578053e-06
5.846844505471185423e-06
-3.171978620289790540e-06
3.477532351754127293e-06
1.592866029822797154e-06
2.987079968753211899e-07
-2.967978101457422645e-06
3.197972427110299523e-06
3.432542302299832395e-06
6.367311884240651718e-06
-7.676737128719552075e-07
2.959734220306035389e-06
-2.823856301055863475e-06
3.783771929039821046e-07
1.044622759581553124e-06
8.453476704653519613e-07
2.712194196683499012e-06
-1.482206679945878257e-06
-2.684321325033134692e-06
-6.576635323830561732e-07
-1.259290837157241781e-07
-1.789083911224627767e-06
3.949092543485422479e-06
-5.550443347581138348e-06
-1.920635578556809785e-06
3.399177375610028240e-07
3.247249691333728395e-06
2.527329263724083878e-06
-1.200545156645486213e-06
-6.307275372616724023e-07
3.697577135583327593e-06
-2.448687276065473063e-06
2.151723284462271885e-07
1.614995072941091247e-05
-1.803130812781884157e-06
9.793675116894409914e-06
5.120504762029328994e-06
-7.260762532435898018e-07
-9.576545301233207257e-06
-5.956206580928602622e-06
-2.622727930080479342e-06
4.398951495768896338e-06
-1.532716003078085938e-06
-1.189847369453261533e-06
-5.031664441840896308e-07
-9.137351753662890703e-07
-1.265295854853328973e-07
1.915067800880549798e-06
-1.495558598961038158e-06
1.509446502365843082e-06
-4.266044137116602365e-06
8.724447190165052984e-08
3.778510753610304023e-06
-2.209349674379381136e-06
2.783060489124971467e-06
3.388085408070585179e-06
-8.331453868925167214e-07
5.653258299803545611e-07
1.290364562650938414e-07
2.609911177171562060e-07
6.520754646313030885e-07
4.558540685211038628e-07
4.605753608551259495e-06
1.542710810708701775e-06
1.905716776080982596e-06
-9.460507498595587596e-08
0.000000000000000000e+00
5.947088339095178063e-06
3.982760566365453747e-06
0.000000000000000000e+00
9.640254459511050047e-07
7.056262349445442981e-06
0.000000000000000000e+00
-4.868536243221081874e-06
