9.376420581389265374e-01
8.426039719201856570e-01
1.207800969850305606e+00
5.511643975804867424e-01
1.204972543110226724e+00
1.189122650955727334e+00
2.336887976670233291e-01
9.200441217538777305e-01
8.753885657309681267e-01
1.205205344462800365e+00
2.181226730648643475e+00
1.169528737924828476e+00
1.199270150607920637e+00
3.662402502708336227e-01
9.923781567839027318e-01
1.007682823456453214e+00
7.071108961817601513e-01
1.414236979774553316e+00
7.694922664925227807e-01
1.299677476934028242e+00
7.059232200282730130e-01
1.416964523407405085e+00
1.008828145689041778e+00
1.018916062094571195e+00
7.434568841809034989e-01
1.391275401434948655e+00
7.723548603595409290e-01
1.316372380520701935e+00
7.486709835258658075e-01
1.377425475316035097e+00
1.185463019001422369e+00
1.268177933047305306e+00
9.776074308159834469e-01
1.597763019582421951e+00
9.264966078774798941e-01
1.538502473873895715e+00
9.592339312736591905e-01
1.633062126910330036e+00
3.884512620518423400e-09
1.483372192854581219e-10
-4.508091673454715930e-07
5.339577544577070532e-05
5.026562864840872225e-01
1.990091198700864503e-04
1.923046422225495214e-04
1.803158976187806389e-04
1.920611717036657066e-04
1.591336674973955144e-04
2.482107325739732820e-04
2.725161551039489353e-04
1.989509304565161810e-04
1.892122898455941035e-04
1.857193875433490169e-04
1.962532978367421597e-04
1.914975528166217977e-04
1.870365729752284777e-04
1.889031545409884899e-04
1.861433659886811438e-04
1.854514036810974711e-04
1.804238110749859588e-04
1.796474423374381450e-04
2.129717716987340531e-04
1.748959020757498439e-04
3.848938969174367812e-04
2.897140414261934740e-04
2.058138440728543117e-04
4.418076669411636530e-04
3.097884220357612333e-04
2.299893769004097499e-04
1.828331251337107690e-04
1.865962126295606061e-04
1.824689676501082907e-04
-2.137689881169004669e-05
3.850967617025956276e-06
-4.482860123121064908e-06
1.363106311764193383e-06
3.212066187357333952e-06
-1.917124239045219041e-06
-3.745739199524243920e-06
6.544217466101596094e-06
-3.008078077707168788e-06
-4.193671381913074860e-06
1.749789230441667609e-06
-3.918931464940428147e-06
-6.530214542895660883e-07
1.762407739549082829e-06
-3.025634791311745378e-05
-1.909853802307616324e-05
-2.517774979000914618e-05
-1.482473293999169079e-05
1.343006714232006867e-04
-7.806800547821802973e-05
2.595585198602228465e-05
8.348053149783069194e-06
2.229819726903184798e-05
-5.635709932957293896e-06
2.421612734041197626e-06
3.294666006113106551e-06
8.513091077099519167e-06
8.900317995255858470e-07
-4.925121833227784495e-06
4.487770763786017325e-06
-6.815493220495475502e-07
-1.062996271378126044e-06
1.527909013401511399e-06
2.889253160228028829e-06
-1.550080193724686906e-06
4.279487108170454044e-06
-5.057679692294835550e-06
-3.364695307779550014e-06
3.192602718269117773e-07
-3.819595948143926934e-06
5.245381600061280250e-07
4.039175256268918811e-06
-1.249512714677099821e-05
1.329108189372633664e-05
1.664179279555592453e-05
5.981821496933237289e-06
-3.929282095201733357e-06
4.466364539020289331e-06
-4.794805321576376651e-06
-3.098767850503513584e-05
7.890571218567481800e-05
-5.557898860184242231e-07
1.459725149840850029e-05
-1.501651194541387359e-05
-1.529632726016725574e-06
-6.149973482048681244e-06
-2.298045111825450244e-06
1.512469702524749531e-06
-1.638617966084657156e-06
-1.120619476598648837e-05
-1.595673417210631314e-06
2.116424968482977462e-06
-5.281230516520005903e-07
7.439661236496334300e-07
1.927321042146742579e-06
5.707543235712491308e-06
2.932261666140720901e-06
4.604623063017684402e-07
-2.603673202017273691e-06
5.821250839104564242e-06
-5.835541553618795192e-07
-3.754423415632202441e-06
-4.179985332739351711e-06
-4.220322468627480142e-06
5.498763866809814936e-06
4.663095811210036461e-07
1.357618295056365799e-05
0.000000000000000000e+00
-4.505330035049746759e-06
1.009004553617249230e-05
0.000000000000000000e+00
9.944697137561218556e-08
1.167407191529322803e-05
0.000000000000000000e+00
1.445382600614136736e-06
