9.823502774263979109e-01
8.445454680741426579e-01
1.129040650406504032e+00
1.716098724979369328e+00
1.150759590125653542e+00
1.171486005986596801e+00
5.397523972105738865e-01
9.765343503320582652e-01
8.941737417142265887e-01
1.256428525385827388e+00
3.937015943394338802e+00
1.303712793573996498e+00
1.316021218082367161e+00
1.159835104194048561e-02
8.936473162031295381e-01
1.119807775913798764e+00
7.450691570448360057e-01
1.342306342364350868e+00
8.612089946289106512e-01
1.161160003874563973e+00
6.842377980771139345e-01
1.462213521335647748e+00
9.557797722131221585e-01
1.102155137689881048e+00
7.462692617111801319e-01
1.564107026226392305e+00
8.433670332132194858e-01
1.336607114742983882e+00
7.173249102564478452e-01
1.641570099282256390e+00
1.443245036922372604e+00
1.412642369566336820e+00
1.061870470186849991e+00
2.410304717065332447e+00
1.019861124073828451e+00
2.179199800938467213e+00
1.049187758608101095e+00
2.535931290517387637e+00
3.322456407098519302e-09
1.470565750699408618e-10
1.779359661638938294e-07
-5.437978172497395324e-05
3.989629064070751019e-01
1.817327509044265436e-04
1.786138593135304267e-04
1.850132790253716678e-04
1.879148465879703711e-04
1.689494252430023759e-04
1.896035567909223354e-04
2.182437248720017959e-04
1.857967224137288889e-04
1.816398295835387863e-04
1.859595179800323738e-04
1.785716862681236360e-04
1.836327638115295207e-04
1.831225119657019283e-04
1.779552360352804454e-04
1.801095831238882529e-04
1.743650179133515764e-04
1.738745572347204661e-04
4.599534995558844305e-04
3.764720716091731097e-04
2.941872884470380181e-04
2.125334881919488817e-04
1.835241497761420232e-04
1.839987676478838400e-04
1.870222450201422092e-04
1.785053196750096887e-04
1.757860259051401619e-04
1.815419905878193341e-04
1.798114958266537047e-04
1.776154925686837570e-04
-7.037625941467429356e-06
7.327907996641271241e-06
-7.713828383639715802e-07
1.325045472513029019e-06
8.079784647595264698e-11
-2.031789990318848534e-07
-3.153677081980448425e-06
-1.249491733913748902e-06
4.573328737417969715e-11
8.984701271676380726e-08
2.814109003756347721e-07
5.920676765993195483e-06
-7.239699459734747037e-06
-2.295515690995657835e-05
-4.432035539947113640e-06
-7.535952534317590675e-07
-6.524171325186463500e-06
-7.677760246496469934e-07
7.388645709318199337e-06
2.511090446816649291e-06
2.342212686237311762e-08
2.419195749515304559e-06
6.377086496742285926e-06
-1.006591232752529339e-05
-2.768816591233363727e-06
4.810411805243806658e-06
-2.746726506840949673e-06
-1.578496697267905075e-06
1.216562093463276576e-06
-9.943769447109867170e-07
-3.016988506486937429e-07
-5.079219063960198685e-08
-1.458661966532905059e-07
-3.506711588563103085e-07
-1.010316251275639413e-06
1.044617040566496590e-06
-1.481847381201848984e-06
1.202182253396401088e-05
-5.801564164893571149e-06
-4.475957390839559385e-06
-1.954065643411486200e-05
6.569687480389776053e-06
-6.084492409133072933e-06
6.783624580752861051e-06
-1.127765864151088521e-06
4.387534946625246108e-06
3.635961287682519315e-07
-1.195445860429579897e-06
-3.954759017748249753e-07
2.911661725364643103e-07
-5.292807066427879510e-07
1.927588461900698778e-06
3.511513431056953523e-06
-1.885782732320263845e-06
2.735258072914028638e-07
-3.461467422616295777e-07
3.182296506051512136e-06
3.525762356190378712e-06
-6.540410646138514411e-07
2.842625131316837019e-07
2.484395920204549889e-06
4.946519586757906122e-06
2.221573780963112256e-06
-1.856536836644791692e-06
1.747323622240447893e-07
-1.695187507612461556e-06
-6.844789003207343619e-06
5.326560925746978437e-06
-5.972107643485193018e-06
-1.439078669104392240e-07
1.095252656240054765e-05
-1.224662278824273662e-06
1.054367869559202929e-06
3.605651274437470613e-06
1.446892904986887411e-07
5.680640614519487028e-08
4.205540482629768896e-06
0.000000000000000000e+00
-6.990339356059835306e-07
7.994487858264565731e-06
0.000000000000000000e+00
-8.823350091285469365e-07
2.171992777667896567e-06
0.000000000000000000e+00
9.116811859064972332e-07
