1.071094897388030986e+00
7.832821762748707339e-01
9.875776397515527716e-01
1.297526288969081287e+00
9.794458379423047756e-01
9.916446923116882806e-01
8.749718596887992028e-01
1.070643792433707997e+00
7.847652235053150793e-01
9.892847374888047440e-01
1.635518053688180373e+00
9.777825978114694783e-01
1.001925912103325045e+00
7.074461452193777644e-01
7.418407489666323240e-01
1.348051007110856903e+00
7.552564717359537827e-01
1.325918127912266931e+00
1.091799208143730660e+00
9.164467889524292588e-01
7.464705210135357261e-01
1.339803498670350201e+00
7.440982342903630364e-01
1.364805036316443676e+00
7.546849946951830201e-01
1.337965824865012143e+00
1.070101532511173570e+00
9.507882184469784725e-01
7.573800145601614631e-01
1.332741597764561137e+00
9.269706707302263204e-01
1.660012914621946889e+00
9.573760761548553155e-01
1.523384810573033876e+00
1.134213149422896638e+00
1.014981792028405438e+00
9.328401754485033948e-01
1.519309636492583770e+00
4.330998041336376031e-09
1.395068349274625999e-10
5.484568226695037901e-08
-4.228197130511389184e-05
4.974869171463148776e-01
1.886625561805842309e-04
1.822899250595333442e-04
1.713156911366221172e-04
1.823317166507011709e-04
1.739494657772298392e-04
1.965870854554516817e-04
1.945345254796598171e-04
1.807226378752860611e-04
1.827152484277408775e-04
1.905384934216089888e-04
1.801266147546808799e-04
1.873884073926571818e-04
1.855859602022894711e-04
1.836301219431857215e-04
1.805668514054331131e-04
1.752695741718723519e-04
1.851486450853422907e-04
1.727222718079947492e-04
2.084717584940749791e-04
1.351114492580179818e-04
5.608842346217343591e-04
3.396094419019381042e-04
1.952738350813048728e-04
1.843508332818708678e-04
1.861492436884030978e-04
1.773957325939083934e-04
1.857241204072778568e-04
1.819850516242706271e-04
1.826499009819380426e-04
1.387322469551497773e-06
1.957168154578980870e-06
2.751215984069490138e-06
4.208260274387946707e-06
6.099868145280620951e-06
-1.330093430589450515e-06
-1.832953217798194386e-06
3.372547899013940583e-06
1.639972990867941989e-06
-2.083565915850329990e-06
5.156659443953178091e-07
-4.570449585341536480e-06
4.013443072580153986e-06
-2.333102533293183438e-07
2.324055097170991781e-05
-2.223195382494702193e-05
-8.768618823119677693e-06
-1.141981012064986463e-06
6.484727004762618548e-06
-1.048372452063055769e-05
5.829474208530996781e-06
4.252194695953994202e-06
1.336392070899919502e-05
-5.524977728010688850e-06
4.188518877277357951e-06
-3.512327274086758902e-06
-6.669556783341867677e-06
-4.428753231385941056e-07
3.212792637817222306e-06
-8.553869638731314418e-07
-2.013420823249360895e-06
-1.490431850699248436e-06
3.938829648034902271e-06
1.898775702342994649e-06
2.673791003936811029e-06
-1.273926238930516394e-06
1.628739404085316937e-07
-4.201918307915335965e-06
-4.246543191911844727e-08
1.844850621902139252e-06
-1.635273203495179196e-06
4.306899187647133087e-06
-1.354182070411994518e-05
-2.337132918866760740e-05
-1.825156134124095476e-05
3.621275735755520909e-06
-1.117524448139819533e-05
2.137500099577800889e-06
8.085868734569530802e-06
3.626927757127798375e-06
-4.296875546985364243e-07
-1.988368168539920858e-06
4.115562043833158218e-06
-3.941612817086586140e-06
-2.837662699407323173e-06
-4.284904976487114770e-06
-1.109584077019868937e-06
1.512862942703633221e-06
3.034393191799914288e-06
3.602685154141976671e-06
-1.636247615111842159e-07
-5.016688759670051722e-07
3.191177836646161734e-06
-3.572644804047315900e-06
3.358258365886728459e-06
-3.043810132048549697e-06
-1.755156316741537619e-06
2.318382994904881108e-06
2.811153092063276924e-07
2.310445384610480180e-06
-2.281708712087914345e-06
6.990564237542983067e-07
-2.087901614497573159e-05
3.364836017547124896e-06
5.344598425769901431e-06
-2.343940580574340374e-06
1.630164691654262228e-06
0.000000000000000000e+00
-4.422250270733014071e-08
3.968167900388453964e-06
0.000000000000000000e+00
-1.831825167152882357e-06
2.542364188143230420e-06
0.000000000000000000e+00
-1.985424971736926850e-06
