9.608911872569156909e-01
9.579887703403500154e-01
1.106194690265486669e+00
9.321751682329721955e-01
1.045762548482013665e+00
1.068198425342073765e+00
7.085823064824352535e-01
9.500494694151627728e-01
9.733392108568230672e-01
1.136230243492193814e+00
1.119988606801772590e+00
1.036973467569089147e+00
1.150372404264999204e+00
4.591253199294976772e-01
1.030926222441731266e+00
9.733979084839090579e-01
8.652476636400534549e-01
1.156240411053923722e+00
9.014805680358275453e-01
1.109672098858696998e+00
8.905714257938033285e-01
1.136288120579874050e+00
1.048015225947946494e+00
9.845722409913689743e-01
9.935597889925630311e-01
1.231584161826029700e+00
9.845603465918999486e-01
1.196516465940720364e+00
9.939863497501935097e-01
1.230384425525758108e+00
1.318514162914800503e+00
1.221553039862103063e+00
1.296346472021107754e+00
2.106523017290669042e+00
1.438556567045933487e+00
1.540805063738060365e+00
1.218618529552665475e+00
2.002770014615461669e+00
1.763056772253254665e-09
1.029633660945546703e-10
4.684948341286864407e-08
-3.973989048970819001e-05
3.752226688141684918e-01
1.804182715548683605e-04
1.736940410842477737e-04
1.665613579227280430e-04
1.695465574587591865e-04
1.700873960192621421e-04
1.801517947261379021e-04
1.865588427020093277e-04
1.749299505180219492e-04
1.700626752080552245e-04
1.735439853491721712e-04
1.729272776911812133e-04
1.784788291422289772e-04
1.745851959632073545e-04
1.686244101350362610e-04
1.754956745473844066e-04
1.617492995950942970e-04
2.308528512152845157e-04
2.193317901344741432e-04
1.833320771909044650e-04
1.712837959524562818e-04
1.786488240945535038e-04
1.711767752331261360e-04
1.707208009118215829e-04
1.771235485810283188e-04
1.755234875640299683e-04
1.718429165402982593e-04
1.760028739393815558e-04
1.754854473266350616e-04
1.697669876705681479e-04
-2.777320679933930711e-06
6.771876021667237988e-06
-9.127295265917680499e-06
-6.247333319209220256e-06
3.543062575975591678e-07
-9.040961507334262012e-07
2.238343594177196942e-06
-8.683555849319521792e-07
1.979378767990690378e-06
-4.642338686799447002e-06
2.603055365989833688e-06
4.018761836453611989e-07
6.271976176697284533e-06
-1.135124101400052068e-05
3.889272584823608087e-06
-7.675227961328189594e-06
4.264334627014149598e-07
-6.242082857365287076e-06
-1.989987566717324680e-06
5.202446021416687185e-07
-3.935160924637362810e-06
4.889112519900779420e-06
-9.098692080080098278e-07
-4.278305921705133077e-07
3.839703604715912038e-06
-1.696134966328203823e-06
6.444562977425655176e-07
-2.304073515274016273e-06
2.723667198597305277e-06
-2.743059271249334950e-06
6.486740507408308588e-06
2.664154549522863301e-06
-7.275117669930710968e-09
-2.839707729793786421e-06
3.533064622833627265e-06
-6.153009035193627554e-06
8.223081023387534061e-06
-1.253935483416541539e-05
3.370805877428082000e-07
-2.049945073952936607e-06
-3.532573825834241994e-06
-2.708942605832960642e-07
3.700780211997242912e-06
-2.523757363068566369e-06
1.935093165035320419e-06
-5.014206875182318599e-06
9.791051638289838007e-07
-1.642438392610530839e-06
9.517062903668610656e-07
-3.336783756045001926e-06
-1.712126732811693538e-06
4.560568803342138233e-06
-1.770526843717976144e-06
-3.927350043974725728e-06
2.499990748931531784e-06
-6.112764608054021741e-06
2.635171281541574330e-06
1.536322680694045790e-06
1.707818881405382312e-06
-1.157060200985744065e-06
-2.328014779721752457e-06
-1.654400903823119498e-06
-3.668474689345226160e-07
-3.458599692721593676e-06
-3.753931960663053647e-06
-2.229818095063651472e-06
9.347040719872202154e-06
-1.833159896753580522e-06
-8.116783437729693367e-06
-4.172267061827170558e-06
1.609146229063267708e-06
1.445994213205511874e-06
-5.224565829324578315e-06
3.481114355309272154e-07
-1.075436667606439307e-07
6.160009709863672550e-07
2.349796019681465531e-06
0.000000000000000000e+00
6.002374901074092325e-06
1.846690211514673947e-06
0.000000000000000000e+00
2.720157825284170261e-08
1.640773531867060239e-07
0.000000000000000000e+00
-1.664345437296052271e-07
