9.305271116587341407e-01
8.772733767956045758e-01
1.029197080291970767e+00
9.782395941162512765e-01
1.030134821974643788e+00
1.038376235926163460e+00
8.759925902868380687e-01
9.008726313152377596e-01
8.653143918309138538e-01
1.032360097323600900e+00
1.805652706100752125e+00
1.052352922188830364e+00
1.051478150042298720e+00
1.172539096286965288e+00
9.854472208265543376e-01
1.014772412974290994e+00
8.642351994125931913e-01
1.158303833084321610e+00
9.011313693981122253e-01
1.109736334466646213e+00
8.661170278021042002e-01
1.158600299644376941e+00
9.935147049273120867e-01
1.062345110670246395e+00
8.543861264675303158e-01
1.196540388389729870e+00
8.788773730832812880e-01
1.153710415810932144e+00
8.588365658028580540e-01
1.203327076265895634e+00
1.358949567470316921e+00
1.446099249320216718e+00
1.040351358022860939e+00
1.458566758238555749e+00
9.773316206239742732e-01
1.397116963352994512e+00
1.047167628382127624e+00
1.420752363991300449e+00
2.087985995517101195e-09
1.083563674111026682e-10
-3.433096517382396910e-07
-4.486228066071540365e-05
4.361062261358802927e-01
1.692054592092236695e-04
1.769197171865495599e-04
1.743744951379105792e-04
1.767959427697309797e-04
1.669035840376290611e-04
1.831929417776126726e-04
1.841622329850548358e-04
1.784941511452962188e-04
1.738368331005239720e-04
1.757797118578298293e-04
1.758783210272054959e-04
1.728145631013772968e-04
1.679436246187708103e-04
1.750762351099001109e-04
1.793619835243068705e-04
1.657696029047135309e-04
1.970880981164728940e-04
1.243078945374137751e-04
3.327065035174844843e-04
2.715295580259019710e-04
1.855234232067281988e-04
1.771993650669400927e-04
1.741416744689683045e-04
1.695226734496059170e-04
1.789112826175718641e-04
1.789702949723916484e-04
1.789270212410630566e-04
1.733651748436260999e-04
1.728408327065238570e-04
-3.068403905914304944e-06
3.128725761350635179e-06
-8.703941217617673490e-07
4.425862355261038588e-07
1.619903663236244046e-06
-1.203143802695463853e-06
-3.150237376508912623e-06
4.001896838171668517e-06
-1.221089738264467919e-06
-9.066804689730458895e-06
-5.672426341617059102e-07
8.814438900357646025e-07
1.184584502781781805e-05
-5.670059991932178945e-05
3.765856255429113714e-06
-1.526751193972192040e-06
1.017789829834035982e-05
-5.321003293433430513e-06
4.796634117883627249e-06
1.977581183326080110e-06
1.345925583585648586e-06
8.648926694846368405e-07
8.441831101246218355e-06
2.689654171165313451e-06
1.859736421402992908e-06
2.541313549579791981e-06
5.722785052699872049e-06
2.062259277518087824e-06
-3.737335303898915027e-06
-9.599426119971085510e-07
-2.550525858463296918e-06
1.670001809515883295e-07
-3.064426879467072211e-07
5.345057993470058663e-06
-1.256171986292101386e-06
-5.445487691017955538e-06
1.207314031897284488e-06
-1.229841267570613218e-06
1.496239428455304402e-06
-1.725974557900307596e-05
-3.061881432912018510e-05
4.234262738756138596e-05
-2.822868650206927034e-05
1.221952086437475950e-05
-3.237492459262717526e-07
-2.001426122885257543e-06
7.324363478668486441e-07
2.271039742708555239e-06
3.415339866196072165e-06
-1.468921280692294359e-06
1.183344250080978009e-06
7.197561045408771705e-06
9.395097511650118987e-06
-7.530809032929378641e-06
3.041092827718701434e-06
1.515503191829116261e-06
-2.403250039872902246e-06
-4.503062565060706611e-06
1.978031972331168592e-06
-2.598354924606564467e-06
-6.346098941288526923e-07
-1.586690195088172843e-06
-3.120192096101546885e-06
2.474721832912160247e-06
-3.416755984854652056e-06
-3.687068125868698907e-06
2.407549008587102395e-06
3.287698909446094188e-07
1.835105902197840675e-06
1.889036314822650524e-06
-1.858291852621290879e-07
1.560766012454769347e-06
2.746022499646381464e-06
1.481437129394483808e-06
-4.632515922748185112e-06
1.184225193954033580e-06
-1.901052492324111155e-06
0.000000000000000000e+00
-2.503167381512386498e-06
5.683602668004642623e-06
0.000000000000000000e+00
-3.161462590769911616e-06
5.491731578105204313e-07
0.000000000000000000e+00
4.621224828868851214e-08
