9.568779343307918239e-01
9.480926415601580448e-01
1.129118247323920077e+00
2.435383055984362333e+00
1.114295975996655752e+00
1.145963832517847614e+00
3.995777874582099320e-01
9.647974578235258392e+00
1.893508773209193168e+04
1.145257633454223933e+00
2.732658924957824638e+05
1.144255404163560197e+00
1.165893021174662092e+00
3.935205122058642701e+03
9.373898795898800707e-01
1.067480557625039017e+00
8.269810227767750987e-01
1.255865701792655553e+00
9.209584583504779598e-01
1.093593613518134333e+00
8.288411227741585563e-01
1.251280962527107743e+00
1.099401136412464984e+04
2.564677150103045200e+00
2.335845109448298899e+04
1.096859099294336559e+00
1.192229686517648091e+01
9.606839606242643104e-01
2.342961681694763683e+04
1.124234230630893450e+00
6.541110774917554227e+04
9.981109981254938646e+00
1.135676528358881187e+05
1.987841604371130000e+00
5.834462269923604083e+01
1.490088925820136190e+00
1.106242345603505819e+05
1.977475137942410699e+00
1.190847362631960604e-09
6.324138885056098187e-11
-2.115286471124725000e-08
-6.512899598152329349e-12
4.982970192298242229e-01
1.246050372863296402e-04
1.335941521009005139e-04
1.300839718489316739e-04
1.445204688526573059e-04
1.211612847390374978e-04
1.381159453163941886e-04
1.537559827527945557e-04
1.558075222156824207e-04
1.331186935734594563e-04
1.318569317110409667e-04
1.312101869983370750e-04
1.206727530609147056e-04
1.340318607435752154e-04
1.320282832929950910e-04
1.390897714359798842e-04
1.287119165466336142e-04
1.294661076802598471e-04
1.266089381250042523e-04
1.113636500919966573e-04
1.193604689951548550e-04
1.300822674584175610e-04
1.385176225336941930e-04
1.858303405324704686e-04
1.677861553873215088e-04
1.563435265294179158e-04
1.646950827891184642e-04
1.359643448191234240e-04
1.176601894291928805e-04
1.258146200402157568e-04
-1.834826266447753243e-06
2.647848268780764375e-11
2.834087507998171572e-11
-1.723029199118694838e-11
3.087486320983532794e-11
1.207518242659063645e-11
-7.524284074570866144e-11
-8.658593974892093136e-07
-6.227193114776875615e-07
-2.419315507102584684e-07
-2.066819722202674002e-12
5.604374843919926211e-11
5.714234568323287076e-11
-7.035991250224786439e-11
-1.643257021488576685e-11
8.601638410811816440e-11
-3.139442682873876563e-11
3.539264723474632135e-06
-6.954804347848080395e-06
7.831581842962635473e-07
-5.114753224717633613e-11
7.402900396464721059e-12
1.615606613282502423e-06
-3.124812359640361701e-11
-6.735803299236253748e-07
-4.175276792394687511e-11
-5.614150809402954046e-11
-4.906549369958308294e-07
6.193670097134043764e-11
-2.318086639762088507e-13
4.937552876053453347e-11
-5.193239098024591802e-12
-5.512741715909801552e-11
-2.814026389522980745e-11
4.723949555561960443e-11
-4.067381630936792975e-08
3.901669005173855134e-11
-1.294418375772945921e-11
1.010755513519949145e-07
-8.009364558023982081e-11
-1.097680827327138115e-10
-8.733540944952188015e-11
2.458862485695038698e-11
1.005610464367964602e-11
2.499461484466588607e-11
3.032043209690784285e-13
1.756209232837109881e-10
-2.586742576365530651e-11
-2.804629532702658188e-11
-6.497747331212797198e-12
-8.238792149061335298e-11
8.530560517124173164e-11
3.930763601348142414e-07
-5.874210901933638870e-12
-3.740382200675739756e-11
2.607677268430929831e-11
-2.636842057351608198e-11
-7.045498446316610426e-11
-1.275890584164988756e-06
9.475691877997458685e-11
3.215022081145895722e-11
-2.542869007079113744e-12
-8.601768843226847614e-07
4.420706807955706324e-07
-1.819741290410832455e-07
2.538690410710020530e-12
-4.956108182375765362e-11
3.226160367959557908e-11
-1.885081342336146354e-11
5.810293206158404032e-11
-1.492359172709193009e-11
-6.215951691122164599e-11
-6.219588845140367922e-12
1.862033258180313560e-11
-3.395288878389393980e-07
1.755084469771807350e-11
-5.742840611815703755e-11
0.000000000000000000e+00
-4.745830423139010216e-11
1.333041553596175295e-11
0.000000000000000000e+00
-1.384573429408728619e-11
4.243414584261237534e-12
0.000000000000000000e+00
-9.503521402818434932e-11
