7.589125310278935777e-01
9.121859626057492454e-01
1.111801242236024834e+00
7.956547989845839108e-01
1.153018689163451516e+00
1.141480481934748159e+00
6.520842460024666165e-01
7.905182381132471736e-01
9.106321008627771274e-01
1.046747883794806544e+00
1.308524690504419663e+00
1.117139055947290238e+00
1.027933202061633855e+00
-1.931687128652676833e-01
1.137235024142646989e+00
8.803545994014979614e-01
8.100472924060131419e-01
1.235264264446337634e+00
7.041596508246485975e-01
1.420233819789500584e+00
7.908358616295840804e-01
1.265958138287471169e+00
1.096815807067397675e+00
9.679108938980041099e-01
9.385414153549007654e-01
1.196463508774034290e+00
1.015713382216943295e+00
1.336981055873935231e+00
9.874697010106803230e-01
1.194438334220711884e+00
1.525356101402120412e+00
1.256815965483245590e+00
1.493302099212941769e+00
1.715906000702256851e+00
1.678263384319565787e+00
1.729593867346507219e+00
1.763264438600604667e+00
1.730863057026994056e+00
2.414451559264369248e-09
1.174635187720563942e-10
2.421930822672290315e-07
-5.496815349049499387e-10
5.216080986559712418e-01
1.696881948224932674e-04
1.732215661785884559e-04
1.656865967027973201e-04
1.760608470176528936e-04
1.665528050598875020e-04
1.845562954737325304e-04
1.724676521518488949e-04
1.859121109297487764e-04
1.752483328719069860e-04
1.683518229876462271e-04
1.771706383812624431e-04
1.734834012910861005e-04
1.689098061377436271e-04
1.749629715293783455e-04
1.696979366134241730e-04
1.762874161103362796e-04
1.770250544314184451e-04
1.673649752769525189e-04
1.789438627065781428e-04
1.561087740729876373e-04
1.968955635587693305e-04
2.713552436255298314e-04
3.189511072351353116e-04
2.001438630355276030e-04
1.859774105489160286e-04
1.772741499707791192e-04
1.750464636963639030e-04
1.782822105447740371e-04
1.710754990873536094e-04
-2.474392956885783692e-06
-2.769659375843727027e-06
-1.852376135798208674e-06
3.627500041140034915e-06
-1.248210291571797984e-06
-7.579399280785402562e-07
2.918427430502718352e-06
1.498472818599177980e-06
2.598478241391948333e-06
4.024320592194253351e-06
-3.016139751393033880e-07
-5.601200658076933356e-07
1.107826222781897855e-06
5.636849226864716056e-06
2.950517895904344900e-05
-1.429422294523304109e-07
-4.314920810000147416e-05
7.135626584583954976e-05
-3.165701816785872267e-05
1.174515585157186566e-05
-3.400778603053375891e-06
-1.303393867617074486e-06
2.696702424680838577e-06
-4.447344541972591467e-07
2.018426249492163678e-06
-3.110066328808231979e-06
-2.426584704056132640e-06
-4.887892491254610778e-08
4.192410433494117438e-06
3.663576510954601558e-06
-5.448334100453050422e-06
2.240937703467338656e-06
-2.071698570923967418e-07
8.276460559285468579e-07
-4.507392185040154611e-06
-2.373833582672302007e-06
4.966036978520958787e-07
-2.583072746756723899e-06
-5.957026834949527563e-07
-5.669067088110011480e-06
-4.309504651549481311e-07
-5.791086572999301006e-06
3.592949845287861410e-06
1.040777591086482379e-05
-3.661523782735870555e-05
7.325795023925282346e-06
-5.297183167554071677e-06
4.211912019985312544e-11
8.865859337543263518e-06
-6.674536208508148041e-06
3.589882577592799330e-06
-4.958710867023450305e-07
4.861332382952537982e-06
1.381210265582039616e-07
-1.634452673283102058e-06
-9.056763560884750901e-07
2.046009575011798834e-06
-3.910881706601598830e-06
-1.422859400810526321e-06
9.905649417466542233e-08
3.352962754880954195e-06
3.618194487053298436e-07
8.772467258531163663e-07
3.581692519443169774e-06
5.673487068769615904e-06
-3.276292425621927933e-07
1.814264812016582132e-07
3.347749541843465853e-06
1.199656059683722118e-06
3.336040811017949300e-06
-3.719064265867106110e-08
-2.288316795492615952e-06
1.394583471486113667e-07
7.478862360067317441e-06
-2.224777691347353742e-06
5.625602053289987988e-07
4.823416185219289002e-07
0.000000000000000000e+00
-5.034666779745351863e-06
1.120295371558278075e-06
0.000000000000000000e+00
3.895321924066111571e-07
5.650617574289513279e-07
0.000000000000000000e+00
1.589336155995300286e-06
