7.496134071944114963e-01
8.705115467089463710e-01
1.187296164000621213e+00
1.013385807817761997e+00
1.143849206804673724e+00
1.176277499074108945e+00
2.797602462888040264e-01
7.459824854801768712e-01
8.951854223727726545e-01
1.091684996811096209e+00
1.872013279914747086e+00
1.087131949707892620e+00
1.109859013361957913e+00
6.909273632715834390e-01
1.106058204581327420e+00
9.041573719873754467e-01
7.279198965148407918e-01
1.373806748967949964e+00
6.538918712060194371e-01
1.529502076616166661e+00
7.614917605522644184e-01
1.313215147970179242e+00
1.185636323124967140e+00
8.596585796861243578e-01
8.514892077290783234e-01
1.239676220236298310e+00
6.959495075689783317e-01
1.488864197729717898e+00
8.744864148426516604e-01
1.257882434649498116e+00
1.391371270119837078e+00
9.506737065157673250e-01
1.120625319969411171e+00
1.473923075686939033e+00
9.175150609959596970e-01
1.660004374374577374e+00
1.055938639766420106e+00
1.482694903015828958e+00
2.779964561186836292e-09
1.460941861344216147e-10
1.074876166619878658e-07
-5.271766853507150314e-05
4.483186626565029975e-01
1.809848603223714492e-04
1.778120857327554873e-04
1.808953593777759463e-04
1.819942221780386277e-04
1.582310339537161916e-04
2.432150724983470286e-04
2.406425463643961128e-04
1.972571035146961083e-04
1.813552767278741912e-04
1.743151410555528451e-04
1.868311340123189970e-04
1.772697270121113464e-04
1.795280598551613339e-04
1.720660492323498208e-04
1.763300900705254339e-04
1.721360242365808479e-04
1.837838196222808785e-04
1.624749098303546820e-04
2.874359017661086728e-04
4.358468563383254869e-04
3.060455589710268693e-04
2.552511332672807417e-04
3.348019088721818559e-04
2.963763150414450761e-04
2.075917050840815322e-04
1.929131934247128389e-04
1.785813658910690468e-04
1.777126656149687772e-04
1.780185938043190859e-04
-1.406685829947430497e-05
3.497000408348848333e-06
-7.839007359875416965e-06
2.147158656512625093e-06
4.487944057728036562e-06
-1.434822004758140224e-06
-3.938704870032093405e-06
-2.009981618534733007e-06
-1.055690668032366969e-06
-3.360232590086634409e-06
-6.676293260410796199e-06
-6.843714223198904342e-06
-7.121342549522859869e-06
-1.829802524295910372e-05
1.749954372570468824e-05
-1.566008865583681797e-05
-2.039496962774876062e-05
1.031537009295990844e-05
-1.342261443916474579e-05
9.631062944885319938e-06
2.008730969974054785e-06
8.636104065955532808e-06
2.055681372827485720e-05
-5.625223455585040582e-06
3.032572302963863450e-06
-1.977656431877329793e-06
1.275882874279552064e-06
-7.063747487901193732e-06
-3.740712305229925492e-06
7.743740826180555814e-06
-2.578512029573151065e-06
-3.325804320955249019e-06
-1.030695005249391617e-06
6.771355767758813020e-06
5.078859078297237819e-07
-5.038897796874922561e-06
3.941116062475756679e-06
-6.334816981771740589e-06
-8.591176361571433963e-06
-1.792347200782398793e-05
3.054069433897878308e-06
-1.838988115904272079e-05
8.021100146067223558e-06
-1.411660654808788232e-05
1.074433826774865663e-05
-1.969940925021842111e-06
2.582428008774919100e-06
7.543350143811422566e-06
-3.983375760516028568e-06
-1.961821459542560627e-06
1.032825904901838471e-05
2.630382985096183398e-06
1.649396738339459445e-05
-1.089691925361027631e-05
2.009350092183746427e-06
-1.821887924424540435e-06
-6.507866991700468498e-06
1.576282194951939085e-06
6.886150682114839731e-06
-5.265230769229194538e-06
-2.152859267248696401e-06
-7.566796769227489174e-08
4.153325286110737846e-06
-3.627524868514331320e-07
-3.505532906572956039e-07
1.504560112770745881e-06
1.690965347176302248e-06
6.618071567793651331e-06
1.894654172582991848e-06
-5.020085908267125956e-06
1.315245193449957600e-05
1.133898531606718991e-05
-2.451783963526273777e-06
1.781815530574437827e-07
-9.090501579283082378e-07
-2.448899739879405247e-06
8.749333864823805024e-06
0.000000000000000000e+00
-6.689884093561387919e-06
4.007002734379950067e-06
0.000000000000000000e+00
3.443613236269390037e-06
3.804483581819530851e-06
0.000000000000000000e+00
-4.345721490288647213e-06
