7.765567845200362918e-01
8.246942810263897528e-01
9.937888198757763858e-01
1.051535239790254206e+00
9.961671707996143654e-01
9.829918439915783512e-01
4.268778422642822701e-01
7.684878605008125252e-01
8.308919719076257593e-01
1.090127544258360670e+00
3.190067758201350578e+00
1.061938146673818251e+00
1.052668176124756938e+00
2.096209874498386139e+00
1.047140556404822842e+00
9.550603226421774394e-01
7.506311848089053385e-01
1.332323711436370850e+00
7.607988435482589962e-01
1.316739620348210682e+00
7.928600964682139818e-01
1.264451770721359392e+00
1.092352165969114886e+00
9.577225304181991028e-01
7.993464165132802002e-01
1.305613771211041163e+00
7.541976807324859422e-01
1.385640014325260294e+00
8.164187948482881652e-01
1.270652890375859156e+00
1.348654102008856048e+00
1.371770480020670924e+00
1.054445864277340661e+00
1.662001542003810117e+00
1.006774937130349823e+00
1.964036292445798138e+00
1.087171897022255695e+00
1.673737162468287076e+00
2.422723132940708317e-09
1.228883001238205651e-10
-2.429872807433283615e-08
4.587311356157947132e-05
4.932557103772984286e-01
1.744313639414988020e-04
1.792137798619235266e-04
1.756600519334651327e-04
1.838345141624128025e-04
1.673114696953804470e-04
1.975432929573102685e-04
2.126992295662441924e-04
1.832336143199935147e-04
1.797459677881170417e-04
1.780342310082623340e-04
1.857313647618849366e-04
1.804426107144687199e-04
1.757810302121940913e-04
1.764501546683411835e-04
1.794593838972301171e-04
1.797558702877742761e-04
1.834188823156306298e-04
1.680186679721566213e-04
1.839700908031448583e-04
1.593016303049681699e-04
3.180941890079985908e-04
2.111729879510215865e-04
1.821012040466847104e-04
1.811777608813498188e-04
1.745559911853376215e-04
1.745234619519372835e-04
1.845327960160661061e-04
1.763772943795830698e-04
1.785486490234185035e-04
-1.076022636256643934e-05
-1.948835560623495142e-06
-6.466454514662001784e-06
3.312461520782435050e-06
-1.341753110365833066e-06
9.207491866982915742e-07
4.379265652420158056e-06
9.937434259302861082e-07
-5.275716695472228753e-06
-2.547478716872505815e-06
2.068413049427553829e-07
-5.084675916936539007e-06
4.111657473896223702e-06
-2.832095359132491261e-07
8.045036197107899255e-06
1.125684325907506899e-05
-2.066123590881683525e-05
2.422968143304207145e-05
-6.144218261499174768e-06
-1.868512365623953530e-06
-2.654124400666382127e-06
8.163856615606730280e-06
1.248834747365753652e-05
-6.719522968219625571e-06
-6.886798955593362872e-07
6.750421047494844693e-06
-1.407173026085002971e-06
5.074456806275515769e-07
5.495262632847672569e-07
-3.398678712847698745e-07
3.427288820426839266e-06
9.685557295043697427e-07
-1.850381212567809309e-06
-2.011328592938921701e-06
5.704307306067599786e-06
-4.707876139604755489e-06
1.954603474476132038e-06
3.651783734805668933e-06
-7.134935367298198100e-06
2.390691427857630352e-06
7.874974614186054614e-07
6.735263972260271079e-06
1.415874311837892568e-06
-1.548010450776337549e-05
-7.588150799780567513e-06
-4.548642990173664670e-07
-6.597542235087761868e-06
2.551506925902174869e-06
-9.485570150902233877e-06
-2.379434406184694383e-06
-8.072150932339952725e-07
-2.239549364250419609e-06
1.150254065960155410e-05
-4.174754667965932040e-06
1.194511622735322829e-06
1.135615497893009655e-06
2.453831756628074309e-07
-3.278991304378678971e-07
2.689491458016196513e-06
-3.335707038913253141e-06
3.670394950859126185e-06
4.692893796888611614e-06
-1.708407992217784881e-06
-3.613318372650265641e-07
-3.378310556820805504e-06
2.497353292010504462e-06
5.380372974270863969e-06
-1.573381309900922144e-06
6.093438696748784056e-08
-3.566656661801479516e-07
2.433727693420963164e-06
-6.205351468691871381e-07
-1.459053992114400383e-05
1.290595216281684096e-05
-3.785889582067396870e-06
3.724736103976925752e-06
6.810811386616131432e-06
0.000000000000000000e+00
-8.731140311899071415e-07
7.636031060332443749e-07
0.000000000000000000e+00
-1.609907418645993540e-07
2.181321994893025282e-06
0.000000000000000000e+00
5.719188657038114425e-08
