7.338955834778273513e-01
8.759432172712333653e-01
9.708029197080291217e-01
5.892615700362674458e-01
9.857428774164879171e-01
1.021255758329222774e+00
3.214873789504852919e-01
7.362239596830544297e-01
9.211084832034762693e-01
1.271279018870447475e+00
1.212206151784809283e+00
1.367962173855276298e+00
1.391331701694411782e+00
5.154244704862811499e-01
1.240945120239574262e+00
8.094045835927892174e-01
8.979625146983680750e-01
1.126024645666171775e+00
7.105851740690252161e-01
1.408172956172259127e+00
8.785126713592914527e-01
1.168273386652058488e+00
1.269267029999864960e+00
8.415254536041576472e-01
1.024522606286227377e+00
1.277520515473933749e+00
9.430470034746551988e-01
1.571577993134648743e+00
1.040039841973664059e+00
1.433119997103271093e+00
1.572961836778907996e+00
1.145262105315364654e+00
1.925652684300450446e+00
2.250108230730684333e+00
1.905654449726911004e+00
2.953061497159830573e+00
2.212572651607064955e+00
2.673219343384000801e+00
1.820054539131840132e-09
1.137856135497070859e-10
-8.147181907396334355e-07
-3.940829260483638994e-05
4.330482551417326187e-01
1.826448637335309955e-04
1.871159235641286708e-04
1.773915119357347397e-04
1.904104446070941303e-04
1.761540110955713012e-04
1.839129939718774857e-04
1.899409772509977768e-04
1.952068251340812475e-04
1.918888755256502733e-04
1.803005751518801881e-04
1.838784076869579270e-04
1.861207152628966679e-04
1.812547146829804085e-04
1.875407805868275807e-04
1.884778194544813133e-04
1.831299338136318903e-04
1.848834137458053558e-04
1.751353031911280023e-04
1.941161750936177557e-04
2.268530305182727010e-04
2.036095844330489341e-04
1.902745172442689967e-04
1.917542002922717351e-04
1.802737454610394959e-04
1.854383415991316944e-04
1.903252691422743900e-04
1.889102215929521096e-04
1.798715627685569204e-04
1.828378047950392975e-04
7.217651061624380151e-07
-9.444167217000459216e-06
-7.061795387647017320e-06
2.991479539311983059e-06
-1.786345759615159398e-06
-1.830558818572183675e-06
3.970370140369378179e-06
5.746231919687355157e-07
3.010578215752689027e-06
-2.034624788584350767e-06
-3.321091428839919446e-07
-1.434360665237737496e-06
-1.598552405877312965e-06
1.781353645214041507e-06
-2.946978465220933754e-06
-2.843745025461406523e-06
-2.250584733490832395e-07
2.322740836284646395e-06
-7.959129747423794058e-07
-5.359214202204464363e-06
-1.194715745291632190e-06
6.582972754088233267e-06
5.062380142408768973e-06
7.847243236457718971e-07
-1.496536976968982684e-06
7.529516966355984654e-06
4.807538762677845664e-06
-4.775966498430173212e-06
-4.451365140407381371e-08
-2.731365276960444778e-06
-5.620923242057256116e-06
6.195047391742503412e-07
-8.378787494197472275e-07
-5.057163671619821949e-06
-3.704288678702420767e-06
2.422635834438689026e-06
-1.820571162347153683e-07
-3.507808573086690620e-06
-4.704777633191066819e-06
8.083474762040787512e-06
2.224389137454110160e-06
8.390314035392521143e-08
1.372492536137413156e-05
-1.376046409035089968e-06
-3.521729050441623304e-06
7.708408591030614418e-06
2.276329809210421352e-06
4.197275550576061243e-06
4.606519372724155820e-06
3.489327765430955134e-06
-4.620782023693808487e-06
-8.024168721489185785e-06
2.608833996907313303e-06
-9.579861520775364778e-07
-1.639793677840056988e-06
4.211122391475082591e-07
7.709208360940658533e-07
-7.158120720920557003e-07
4.826483736204641205e-06
3.387838863891476699e-08
1.771115391323501685e-06
-5.361355459410483527e-06
-1.767431005809403811e-07
-5.158054546431797360e-07
-1.349167430772301293e-06
-1.219787824344744567e-06
1.433996440970803261e-06
-2.971751816318419790e-06
-2.068281221675522034e-06
9.731797412882001088e-06
-5.601765351761204452e-07
-1.895454939652207764e-06
1.124060233675970428e-06
1.661724784317410161e-06
-9.009781057740710313e-07
4.335389874098265495e-06
-2.307662080752316062e-06
0.000000000000000000e+00
-4.281152065107576417e-06
3.790152090281093600e-06
0.000000000000000000e+00
2.197579136514716992e-06
8.138755449014165326e-06
0.000000000000000000e+00
-1.245941963944510424e-06
