1.908332741625232698e-01
6.023405823746827981e-01
9.182619142971566450e-01
1.609661689740027990e+00
9.617276612323851781e-01
9.421636292723303274e-01
2.998144703790599497e-01
2.307434774608928763e+00
5.175461474751703594e-01
9.225908980937398418e-01
1.838636464975577312e+00
9.156110308993196112e-01
9.195522214591866916e-01
4.063179729443459065e-01
1.093150426745922221e+00
7.532370009039674130e+00
6.094970326356754509e-01
2.305903857941147717e+00
2.412963634059023810e-01
4.909507632287147594e+00
6.078629858769306615e-01
2.582209317530876014e+00
1.656972588837897220e+00
1.897154154512730429e+03
5.465426141055690357e-01
2.012221873437060640e+04
1.600678600880312663e+00
5.769047557929390280e+00
5.738846739918261886e-01
1.852618661991962654e+04
3.597529761407173510e+00
4.985318816328099274e+03
9.628270711414083083e-01
4.835189386572357762e+04
3.545295451949035836e+00
9.489224624337868619e+00
9.797973922543927738e-01
4.488278147240064573e+04
1.406553033130017029e-09
8.225013329078237395e-11
1.247507410904992693e-14
2.622829938122322904e-05
5.105624840926443753e-01
1.403932352278156829e-04
1.371947990360015501e-04
1.374499462083447678e-04
1.675953074970446834e-04
1.036920388068600515e-04
1.561884579617781759e-04
2.011060715477715546e-04
1.569322367182035593e-04
1.409436737562679899e-04
1.414182081261292122e-04
1.364025837139757951e-04
1.426315821086721611e-04
1.403382337484151250e-04
1.434718253069191553e-04
1.375110303635684221e-04
1.404625623399408866e-04
1.445349553893869967e-04
1.408760733585859271e-04
1.591953488531381591e-04
1.290214536414711183e-04
1.610766912305835823e-04
1.861627746943457799e-04
1.700569334093985740e-04
1.337657256797827215e-04
1.358901589147341838e-04
1.406875392156304693e-04
1.524582532736922305e-04
1.418519432763924010e-04
1.444920594851063734e-04
-4.774719811024782233e-11
2.604877093352552112e-06
-1.368004160919827511e-06
9.144479386114648497e-07
-4.497055776339506250e-06
-3.576618549796956373e-11
-7.102318809886327336e-07
2.251241431556929017e-06
5.399664854111779932e-11
-3.344041323603243584e-07
-3.016114768001346419e-11
-1.466833769694019701e-06
-9.440989848550461919e-11
-2.907376762218824594e-07
-1.097834967943418878e-10
-1.076107233712992141e-06
5.029259987317819550e-06
-4.882759216916493398e-06
2.827171688713702350e-06
-1.701553062600702561e-06
7.652658966135031694e-07
3.692032032107482456e-11
9.503954433303653225e-07
-1.847936634939400654e-07
-4.219867443647784212e-07
7.874444586550328743e-11
-1.579130364232304262e-11
-2.883080359253759197e-06
6.639793723098533793e-07
-1.318882824241850342e-07
-3.098433812284069965e-07
-1.046580239868584283e-06
3.852678319233934191e-07
-2.895331877477347488e-06
-1.032425150229467477e-10
4.530689951927555722e-12
1.362797085911604824e-06
5.496483657102753487e-07
-5.206949447754949853e-06
-2.860634653616925703e-11
5.496438513842411808e-08
-8.657237949691661490e-07
9.633935001334783008e-07
-1.621288083321640766e-06
2.081132885136483517e-11
-5.230160146471110512e-11
1.055389541963181445e-06
5.744469587589790599e-11
1.953146046466545264e-06
-5.370049153114887464e-06
1.188335415834681886e-06
1.432987261667984504e-10
2.816435756716617345e-06
-1.838570823769765754e-07
-2.303474824926633922e-06
8.116354150568782291e-11
6.524331448798270348e-11
3.407265710314744201e-06
-2.752650284444749399e-08
-6.125602934136226306e-07
-6.417200860080010196e-07
1.103828592838735710e-06
-2.791670164753906632e-11
2.266345097314919720e-07
-1.998805169048486113e-06
-9.140815707318043617e-11
-1.080241795540520222e-07
-1.454922355213738945e-07
-1.428677437275443440e-06
-5.356296834418221557e-11
-2.641839124115556360e-06
4.193800950067454671e-07
-6.933176617675558485e-07
2.887322236119516833e-06
-6.767714023451919315e-11
-2.865378620780554066e-07
5.580234419863808256e-12
0.000000000000000000e+00
-1.221353735899403152e-06
6.612181375513898990e-06
0.000000000000000000e+00
1.313881514076777286e-06
1.190445035737459135e-06
0.000000000000000000e+00
-1.183743696008876581e-10
