8.926400068906019669e-01
8.002918498844742157e-01
1.461462824294682772e+00
1.204162139370544615e+00
1.553135654782985320e+00
1.517615968086154066e+00
3.648169946001658670e-01
9.633460942300393626e-01
8.189391791154778666e-01
1.439429768419959954e+00
2.196449761278288726e+00
1.663377181769014612e+00
1.513114844702995843e+00
3.827753958459405581e-01
7.890470050996782891e-01
1.267660363966070403e+00
5.987179492366575539e-01
1.671499892805006438e+00
6.805533079185804857e-01
1.480642303773075819e+00
5.744520101177370552e-01
1.748281177310565981e+00
8.550648560912299523e-01
1.231851671341469334e+00
6.847539914138045525e-01
1.722563269510192896e+00
8.198710555373597275e-01
1.413120268803956581e+00
6.583897111595999885e-01
1.725035557746987580e+00
1.184418432455192960e+00
1.586731608049259279e+00
1.099633457671192360e+00
2.391194787673367017e+00
1.297599945752087480e+00
1.783019308941760750e+00
1.047217094021374306e+00
2.609904387731899700e+00
1.994128222513170278e-09
1.233796697047421922e-10
5.204069909522815284e-07
-4.046289031360515427e-05
3.976392954000765867e-01
1.838822622690752307e-04
1.922807620885814452e-04
1.781404059966850274e-04
1.915396184250924504e-04
1.688357248777093899e-04
1.976001137114587929e-04
2.185630100917462738e-04
1.917765151990697412e-04
1.898922413508205857e-04
1.885151757479195474e-04
1.873268577982332712e-04
1.767992240018412178e-04
1.750594183677133897e-04
1.884493697777863915e-04
1.881394984343151252e-04
1.830223066045544864e-04
3.057182971191708086e-04
3.503359054265542199e-04
2.104669155203413690e-04
1.991303527864925096e-04
1.760350074629078460e-04
1.865025072514885454e-04
2.659430061357378442e-04
2.276935427498474559e-04
1.934219824066577497e-04
1.895169244419127829e-04
1.826734812007026882e-04
1.836652568507960142e-04
1.834328009099464921e-04
-3.534354170757248275e-06
5.714724921517181145e-07
-6.204723277244940453e-06
-2.729494877189767807e-06
3.727391524039376282e-06
-1.360269620654787215e-06
-9.626211674834431262e-07
-7.917143187352170081e-07
-2.895031277753927592e-06
-7.550390893094389174e-07
-8.215031932787452136e-06
-1.654442380356135287e-05
1.777854895402360049e-05
-1.866997520261194532e-05
1.412741089731803258e-05
-8.464015056405533292e-06
-2.796481328762554815e-06
1.389091229926384409e-05
-9.312054521474671172e-06
5.960677342584310990e-06
3.610624975345844679e-06
-5.656022349980764842e-07
3.475753191002390287e-06
-1.478932034196119350e-06
9.658506018927575149e-06
-3.287633570914688108e-06
4.795973388740855606e-06
1.443037648855141343e-08
-3.737115717758622530e-06
2.601972051909685619e-06
-3.013801497457212376e-06
-5.717630276050119186e-07
-1.543241521804641548e-06
3.189508084974763625e-06
1.205299688820177192e-06
-2.584324465090090523e-06
9.623532856919405162e-07
1.329037760213649567e-05
-1.538230041846963119e-05
-5.468596687057834548e-07
7.482473029464504645e-06
4.218161464602641585e-06
1.470827049041560239e-06
2.807660841849291947e-06
3.939691741493893428e-07
-1.940489263489867536e-06
-2.767813472864984277e-06
-5.260270199658682737e-06
2.476777784924028701e-06
-1.054835407198790430e-06
9.577381252153838287e-08
6.716521198866134398e-07
5.680430974456453969e-06
9.650247987451296252e-08
-1.286923116063590482e-06
2.540834358145314644e-06
-4.369921641315432761e-07
1.202955861253875297e-06
2.871895035082372548e-06
1.605273678193001250e-06
3.132904750295759951e-06
-3.694647113333126487e-06
1.797400881056831948e-06
-3.045138270878688673e-06
-1.551164584478603824e-06
2.937336438433251701e-07
6.785331593615027030e-06
2.595205655150076898e-06
-8.819708720635158134e-07
-2.202921357295428980e-07
-2.664875219010452485e-06
2.876950640319717915e-06
-1.481609391935696761e-06
4.233825173823945543e-07
4.749854369386150044e-07
2.671310448684690977e-06
-4.750693980924426529e-07
0.000000000000000000e+00
6.343953280631420802e-08
3.341024355577492039e-06
0.000000000000000000e+00
1.407209020839481600e-06
-1.026894786501758392e-06
0.000000000000000000e+00
1.019280632097597434e-06
