5.998601810371484433e-01
7.425539200613806567e-01
1.123779758459698463e+00
1.025627201099337471e+00
1.122915478304067349e+00
1.118295898330231797e+00
1.588649910574150281e-01
6.088110552278374055e-01
7.998922842652207432e-01
1.138336263823433114e+00
6.700978498154714913e+00
1.136978457181891944e+00
1.104259262573275446e+00
4.605688793832898864e-01
1.218924656292656561e+00
8.209947970568549636e-01
8.641938476613875153e-01
1.163776676787251718e+00
5.576164398662593058e-01
1.859539422675712483e+00
7.641259927371057969e-01
1.322904434198937551e+00
1.626677957139514685e+00
7.546231956776796590e-01
9.579979587725309109e-01
1.310049689253808491e+00
7.048605578327993282e-01
2.268868625552815654e+00
1.066965708242265887e+00
1.320497096711703788e+00
2.265876870520084907e+00
1.135252342184212004e+00
1.407643498144551142e+00
2.177081169122214277e+00
1.449054432894873345e+00
2.930144833897124990e+00
1.748146435357755379e+00
2.253886486851345516e+00
2.522650886086216650e-09
1.236240317007998122e-10
-1.451165747055867879e-07
4.539160322129219820e-05
5.250031810662934006e-01
1.772010021272603765e-04
2.005039173048603406e-04
1.869914679304921098e-04
1.883424129428281052e-04
1.929534852714063044e-04
1.900668248733491158e-04
1.948924618771836115e-04
1.893871470068333638e-04
1.948352682008986920e-04
1.820067577022602742e-04
1.850053242846233189e-04
1.873393352586219334e-04
1.831202821158416148e-04
1.883653904761930901e-04
1.832032010314201898e-04
1.816778317896622559e-04
1.914579628745268218e-04
1.863230648756640431e-04
1.900525310815865472e-04
1.729824055547017105e-04
2.025918316236869189e-04
3.253271486605022406e-04
2.845865124529641530e-04
2.059544476428398427e-04
1.863455600080449063e-04
1.776089131986264159e-04
1.841427685478344632e-04
1.930694831071338101e-04
1.804259916305990671e-04
-1.195416998445437325e-06
-2.541966051928424514e-06
-1.409002685289812405e-06
1.067337342899445090e-06
1.894605537972029711e-06
-3.737466160749903112e-06
-2.567739592314050215e-06
-1.726405674455961372e-06
1.057727891935739011e-06
-1.707065618835711861e-06
-4.422174110539633347e-09
8.877812712965076620e-06
-1.290771077373888177e-06
3.776807278925498190e-06
1.320547096210259892e-05
5.225062875529057907e-06
9.381285892635107354e-06
8.105975553135494855e-08
1.051350849901199126e-06
5.484344410614489478e-06
2.518703586943505983e-06
-1.397582068894984725e-05
-4.147462652774312774e-06
-1.533959259968120931e-06
2.858179070035368816e-06
-2.831731234853309397e-06
4.667551955667975576e-06
4.252003060007180927e-06
5.503804794554691764e-07
3.144859367873157817e-06
1.594909331223767299e-06
-3.270860117383659711e-06
1.977338493825036649e-07
-6.976293640450794142e-07
-1.904683108997448083e-08
-2.245863485280144670e-06
-3.041579878873925274e-07
-1.256846032729933912e-06
-3.322964025778707922e-06
-6.736200677835176817e-06
-2.756299013253834914e-06
-4.803626200268374145e-06
3.223883275844171414e-06
2.403795574906849147e-06
-6.643954586775317684e-06
-2.142657421443050177e-07
7.683302575578405245e-06
-5.132809297531673858e-07
4.322731621631956419e-06
-3.616204697197529553e-06
-5.617530215128750724e-06
1.785673670018650501e-06
-5.956483432090703352e-06
-4.470068857194197113e-07
-2.044018562637711234e-06
-6.701870040891028160e-07
-4.921436364283813842e-06
-3.190745520790671966e-06
-6.400846095868152663e-06
1.002965963760690069e-06
4.879098735198237657e-06
2.687445418554718167e-06
-1.627823974816687400e-06
7.391092552210916429e-07
-2.725677987980400710e-06
-9.045270259420766830e-08
-9.485930642142661392e-07
7.796440754303102098e-06
2.243926670902112317e-06
2.636798326506095373e-06
1.157275109526140233e-11
-7.690223239679071178e-06
-8.719071442417309672e-07
-7.784627081541968372e-06
1.661250465601452336e-06
-1.329389830076625022e-06
5.101494461196060505e-06
0.000000000000000000e+00
2.193025630790920847e-06
4.204441573999937498e-06
0.000000000000000000e+00
-3.879389960643604934e-06
8.729120958163058497e-07
0.000000000000000000e+00
-1.208204237761379861e-06
