9.200321254236412116e-01
7.690883543362549979e-01
1.216226087750536422e+00
1.447913107912332631e+00
1.250501446332034750e+00
1.257161044125264748e+00
7.873101716195511912e-01
9.183146582430223859e-01
7.917809016006486234e-01
1.212748596644992460e+00
2.181292258055187450e+00
1.236433263955444950e+00
1.257403177890949131e+00
9.744351714019134914e-01
8.307195645644860349e-01
1.204071671898561346e+00
6.401742872128218798e-01
1.562080332205361577e+00
7.708281633167435309e-01
1.297414720208780237e+00
6.193396590000574964e-01
1.614622931224924285e+00
8.500651374570720176e-01
1.182971237347510307e+00
6.557783299689876610e-01
1.537100083772246606e+00
7.804757220716549426e-01
1.281630728050532131e+00
6.419124937150298971e-01
1.574459686558368210e+00
9.922287130728467686e-01
1.293675878882976082e+00
7.778967733363693071e-01
1.711460184583949662e+00
7.949426582935487096e-01
1.366607697943403643e+00
8.470860768109328420e-01
1.757006154593598213e+00
4.140815597044276483e-09
1.832304316641073252e-10
-2.264279448094790828e-08
4.096882217004423586e-05
4.718121659455332129e-01
1.730155761772138464e-04
1.846292298940129895e-04
1.718978116180058325e-04
1.871779774874175197e-04
1.710148208209721584e-04
1.880988055239754173e-04
1.975834058732085048e-04
1.856993349661193479e-04
1.794896671989324030e-04
1.823796781191269691e-04
1.792406985048237771e-04
1.767756644351564177e-04
1.804534013345643925e-04
1.759616444616674403e-04
1.756523333407379790e-04
1.811650984557162405e-04
1.815556096810991911e-04
1.831647021579788787e-04
1.871840021218287701e-04
4.918180921208393716e-04
4.653220867612993181e-04
4.220892633949410613e-04
3.864196344693061284e-04
2.947076495768293468e-04
2.792206138602874171e-04
2.187244807321448218e-04
2.025000795558756295e-04
1.839137449478384003e-04
1.834680567690068665e-04
-2.343157518572391959e-06
9.587244594128939658e-07
-4.899039848266054469e-06
5.148776763608975431e-06
-2.509644822534562321e-06
3.805442163956095823e-07
2.531616846397432466e-06
3.799056671402787275e-06
-6.288552223095093461e-07
-6.524752909002052726e-07
-3.897458538656057303e-07
-3.991686037432606304e-06
-8.670130808286650515e-06
-4.152647072848132914e-05
1.740505059340712919e-05
-5.797368458526339817e-06
-3.234181875407990923e-05
2.271263440312314545e-05
6.367705910639353473e-07
-1.791536373431797318e-06
2.636734053594636040e-06
-3.835464064943359479e-07
5.247509157053187974e-06
1.095292473877018529e-07
3.723323649452773964e-06
-5.807375368797093670e-07
9.697267565412525977e-08
-5.496287110764493441e-07
-3.769049650288437739e-06
-7.451831807795331573e-07
-2.667354003554540488e-07
-2.913976787883457630e-06
-2.829618394996328010e-06
-4.378314608073871141e-06
2.508748669991067145e-06
1.089500678001785366e-06
1.871723968284047551e-06
2.498279724337164435e-06
1.705991156609177364e-06
4.605758605251867463e-06
-2.340252914023530937e-06
-2.574153254748455489e-05
2.691586619350035142e-05
-1.632388525065142780e-06
1.222490799265625892e-05
5.383047365671563019e-06
8.208437576972199836e-06
-2.110692612991443444e-05
4.499074885882575401e-05
-2.680398791142316942e-05
1.832308938819751792e-05
-9.818298106966983602e-07
-2.130354410048457879e-06
-4.488026151557189868e-06
7.291175944802922591e-07
5.978797029824671447e-07
-5.290852818849190530e-06
-7.518614446855918103e-07
1.476712471719143899e-06
-1.620233742467963434e-06
-6.426427337912412412e-06
1.424463653656814177e-06
2.102620394919471698e-08
2.955617017460851487e-06
-2.149371887886158562e-06
-3.140257719197458488e-06
2.058803803415974509e-06
-2.116099605440590222e-06
2.538684920670640744e-06
-5.184357257345649720e-06
2.057760532429826865e-07
-4.313936370514834999e-06
-7.714104306249094310e-06
-5.596816929414993875e-06
3.719923360122581535e-06
-5.314081598658427538e-06
3.132658697447362231e-06
0.000000000000000000e+00
-3.310246517969756749e-06
3.460872619640995642e-06
0.000000000000000000e+00
9.743659993186689894e-07
1.890897718159713520e-06
0.000000000000000000e+00
2.826115438288596433e-07
