5.849873584607003796e-01
8.671170344904047811e-01
1.138074268251299870e+00
6.591128006873425704e-01
1.376935338280572463e+00
1.175851627032201918e+00
2.929730929586339405e-01
3.125207684562913535e+00
8.286856978386416550e-01
1.317282715897411638e+00
1.435933247651036027e+00
1.667252077281584421e+00
1.364362079096789415e+00
-5.213769910374506378e-02
1.116275470955320426e+00
8.958535125135467236e-01
6.828713695691912555e-01
1.484705978079953859e+00
5.618632815561159788e-01
1.923255903836732728e+00
6.590561589976118295e-01
1.532932417803851477e+00
1.191841870888320276e+00
3.624555940977048252e+00
8.071511186665795146e-01
1.675509397514611365e+00
2.922830274821129670e+00
2.147953952130212674e+00
8.146756778631398799e-01
1.721444865869152574e+00
1.821361269588398502e+00
1.536937397391173477e+01
1.541778794910187322e+00
2.559318979601157729e+00
8.036173262770159198e+00
3.918497481290962092e+00
1.632935107887570014e+00
3.095514704732781563e+00
2.041950597874805244e-09
1.159960316350622832e-10
-1.969234660875945016e-07
-3.932766480618964306e-05
4.630434831623855829e-01
1.771250835263307993e-04
1.753411554677210000e-04
1.720201905158628205e-04
1.751815717541586144e-04
1.727890551730194618e-04
1.787546097735295922e-04
1.958500848623795647e-04
1.715557545133947898e-04
1.821276507637769584e-04
1.784709556771065333e-04
1.732497427953589881e-04
1.830501407193127527e-04
1.792315431347809847e-04
1.796180293362929846e-04
1.777251895383799964e-04
1.719460750621347813e-04
1.798465154478656226e-04
1.776920100606827206e-04
1.751080931959856962e-04
2.783293340570342162e-04
2.288960477156587881e-04
1.870863074386723026e-04
1.858115927815591636e-04
1.695420272751051725e-04
1.794379774349281987e-04
1.804279257463896878e-04
1.687392232416895640e-04
1.764160569927043787e-04
1.794440859140775677e-04
-1.824025276762047404e-06
-1.814185199894165377e-06
-1.829002055100702235e-07
-4.372393681995210460e-07
2.654902903103513599e-06
-1.266115297040908248e-06
-1.625410691676200845e-11
1.174893514903369698e-11
-3.371112716465665437e-08
1.682348303384547146e-07
8.138481078585212160e-07
7.823661811661883602e-11
-2.790304560079293241e-11
-6.409601146324247742e-06
-1.903306879872203718e-06
3.150505247369915623e-06
-3.312106946016084325e-06
1.141616114841027497e-06
-4.214737759546617390e-06
1.059795460829909802e-06
-6.000135174202601080e-11
3.547463511575425911e-07
9.552745130717235787e-11
-2.137117676155468241e-06
1.390732090043048568e-06
-2.600767903533396848e-06
-6.576492358816206844e-08
2.103092233632106352e-07
1.092600507494688898e-10
-1.391086000258457856e-06
2.575613141593906129e-06
1.977055502360625798e-06
-3.191204734093351562e-06
1.494978844164622546e-06
-8.467598215792057991e-06
1.239454398377810487e-06
6.583701817623027350e-12
9.710656699820290183e-11
1.154784058866252593e-08
-1.279678020035901384e-06
-3.165486396763596186e-06
-4.576061870336039222e-06
-2.250574863019594916e-06
7.024014411839134994e-12
-5.507074471337146223e-07
6.406448003171747092e-08
1.964556081125151747e-07
1.970327633848329945e-06
-5.405092281570120285e-07
5.777885871149343883e-11
-6.263385335478020976e-11
7.156849216651711855e-07
1.078651642655600604e-06
-2.381009770758426336e-07
6.799787381202449667e-11
-2.471502391778869096e-06
5.001567822857671703e-12
2.014580627771147183e-11
-2.032491056834802615e-07
-1.485706870675880049e-07
1.229256712489593853e-06
-6.070854070742873190e-11
-9.459483206051581006e-07
-2.422652861322241939e-06
1.556217489759317860e-06
5.037099331839236527e-11
-2.912877860308465935e-06
6.376106899286305789e-11
2.483930554278794771e-11
2.660769926843945478e-06
2.482935162319620620e-11
-1.197769980103873055e-10
5.457080122286604040e-11
4.944499468588781099e-06
-4.703143234137828941e-11
-5.101141882976292135e-06
5.899436082305115693e-06
0.000000000000000000e+00
-3.685288889799477633e-11
1.570925366838781970e-06
0.000000000000000000e+00
-1.753757544955028335e-10
3.600483222534498117e-06
0.000000000000000000e+00
4.756057875670417100e-11
