6.891735818751293374e-01
7.155203226996647015e-01
1.188955422488356506e+00
1.787478192939024879e+00
1.300344038129635393e+00
1.245990575192244432e+00
4.481377276358833317e-01
6.828163619040614751e-01
6.868329803120345467e-01
1.058747707533132631e+00
2.214683499862995397e+00
1.103802076999873538e+00
1.054307286618598516e+00
3.729389496626167588e-01
1.147420278282222927e+00
8.723409199097673650e-01
6.332119698311280409e-01
1.588051076604450440e+00
5.506817606679096366e-01
1.816029930192008646e+00
6.140490107599974046e-01
1.642315581578678518e+00
1.060490633410609895e+00
1.000173907196542533e+00
7.447231402422141988e-01
1.563054712260668833e+00
7.772103602961986102e-01
1.653741335357676201e+00
7.673824372124505855e-01
1.546616396477016764e+00
1.289879307722213930e+00
1.354934587738602758e+00
1.206740955839022078e+00
2.256956121061444165e+00
1.171529704165527708e+00
2.487756818918589907e+00
1.385375219472377406e+00
2.278042703930725388e+00
2.684882643550107516e-09
1.386104671889806731e-10
-5.840524193450090452e-07
-5.071787401532439803e-05
5.498966065412146387e-01
1.677104061897610038e-04
2.261306184227685390e-04
2.936014848026100542e-04
2.377118354522855196e-04
1.954836897046329089e-04
1.816339254310558979e-04
1.878600222008464744e-04
1.877588981595609396e-04
1.868983244224463845e-04
1.739821303757838067e-04
1.790859041384370220e-04
1.875844395618296958e-04
1.836107826166661467e-04
1.730739807811890532e-04
1.833233700843920797e-04
1.753454148212085610e-04
1.771938701018845540e-04
1.796447242711052381e-04
1.946758199510505811e-04
1.844538988283709756e-04
1.640697822067642897e-04
2.685603867245328668e-04
4.772120548380365344e-04
3.339402132153619423e-04
2.195566490397872570e-04
1.867225791784739037e-04
1.863164942408438991e-04
1.779747109408672803e-04
1.871056649734243252e-04
-3.593539291119430268e-06
1.262644178271161449e-06
-3.110286142345729224e-06
1.865285567523795231e-06
-1.019800561218572388e-06
2.263477017260196632e-07
2.377545542945914230e-06
4.584683144569268152e-07
7.989090414930416186e-06
-5.939896564083010401e-06
-3.434664892141367718e-06
1.630858551440909254e-06
3.142209665620875971e-06
2.285914776480256061e-06
-1.340313882358985464e-05
-1.002793821881279978e-05
-9.190708838063615591e-06
4.548735349932943149e-05
-2.684973225341478079e-05
1.190028292313180956e-05
4.589447648292435263e-06
-7.519435017188474812e-06
1.936236722037240015e-06
-1.439737980781233183e-06
-3.505658586856962786e-06
1.941547036255691202e-06
1.102033777885145848e-06
6.627736250419599029e-06
3.775950102053925061e-06
-5.434691493504568406e-06
-2.278194258094468084e-06
4.502685761166572010e-06
-1.029549586136986971e-06
9.678710188425593270e-07
-4.542421452511617442e-06
1.349543928493434022e-06
2.317615941409321647e-07
-1.171631028405372432e-06
-3.143563845833279982e-06
-1.395292390210114712e-06
-2.534218814725220375e-06
1.414801554418166946e-06
-8.257645184229252792e-07
2.513335008029065170e-06
2.648661191265581338e-06
6.788469906451417092e-06
4.509292041619780868e-05
-2.526141462326676485e-05
2.033770581339003572e-05
7.244318457763662640e-06
7.081696203528853691e-06
6.903121544818507669e-06
3.820211058191277358e-06
-1.341307633660737396e-06
-1.508069182568602022e-06
-1.121947550222219535e-07
-1.142281005013366472e-06
6.016633459440407639e-06
-3.203378989047118875e-07
1.623399722628726129e-07
4.607639700742999681e-06
4.492233648589442641e-07
-2.595631307443347989e-06
1.523705688129946930e-07
-1.260036401706012357e-07
-9.250898688424114610e-07
-3.435103883135175604e-06
-6.547425548422914355e-06
4.352944945140162941e-06
-1.153451746157670448e-06
-5.535797048728117030e-07
-6.676399924108635870e-07
1.747403972244489918e-06
-1.931703795003193283e-06
2.108855561980468049e-06
5.031047929036266027e-06
7.216228259511721571e-07
0.000000000000000000e+00
-4.553931887647142361e-06
2.340892651121254646e-07
0.000000000000000000e+00
1.886845006609181941e-07
6.245130829412686795e-07
0.000000000000000000e+00
3.071812375325627908e-06
