4.012342528509592054e-01
4.134714740982705639e-01
1.042814204972393632e+00
5.582282024799858355e-01
1.135127718402235919e+00
1.102875605783240731e+00
1.545511282186162738e-01
4.120749125928436785e-01
4.494774915600158738e-01
9.581878610218690362e-01
1.684500649934214778e+00
1.057400916612891262e+00
9.578684510958863640e-01
1.811016019459524562e-01
7.839699529497383690e-01
9.171358065180114863e+03
5.097623069287831044e-01
1.527454413940195627e+04
4.283518151125487172e-01
2.337783593406586924e+00
4.883647967791440170e-01
1.363916226158381323e+04
8.657502194461503819e-01
1.787491726825366641e+04
5.643132103936526756e-01
3.916380155495284271e+04
5.953856187467621019e-01
2.337494349881187539e+00
5.890644764341237405e-01
3.579392226000056689e+04
1.655590250654673357e+00
4.295975712122485129e+04
9.161991330922791832e-01
1.322271742599494464e+05
1.025118223588300737e+00
3.447210136977334027e+00
1.065614261878883751e+00
1.263955787277942291e+05
3.189065627259225759e-09
1.209807865585696383e-10
4.608889287760032744e-07
5.151934174931665014e-05
5.201128679642825769e-01
1.434233657389530109e-04
1.465182030750004146e-04
1.316462397482985993e-04
1.508638107814819326e-04
1.146055631924971461e-04
1.989949351843312594e-04
1.972645930549858445e-04
1.769122295122932745e-04
1.778292550582457449e-04
1.788125673944034966e-04
1.707988698038597430e-04
1.670914019730028607e-04
1.651644510891786847e-04
1.704898027626252407e-04
1.741133329267559792e-04
1.721819184736518809e-04
1.658508102568489399e-04
1.489665253480687817e-04
1.683357328025469218e-04
1.331984487501676213e-04
2.458509962253018909e-04
4.034123856290751332e-04
4.244899111802856364e-04
3.481732377387942697e-04
2.250025999728614298e-04
1.495720518783992244e-04
1.471279423801742376e-04
1.365212632731209854e-04
1.481104218828141819e-04
-4.993940661422946167e-06
3.479458481793951879e-06
4.731214962299342686e-06
5.857881576313546545e-06
2.217491838998869304e-06
-5.388930842479712079e-06
1.065621700938528216e-05
-2.638119777381684322e-06
1.520637443782762713e-06
-1.832656002959846834e-06
-2.045462245632053753e-06
-2.340025961941559372e-06
-1.924971212468097896e-06
-6.381406354595697494e-06
-2.764606162506856257e-05
-9.318230247240373511e-05
2.433032461913116925e-05
-1.634648586122825120e-06
2.967048115729293542e-06
-2.079746108160797494e-06
3.356392820382978495e-07
7.244493283683198286e-06
2.242978015321341870e-05
-9.724198512597311228e-06
-5.575202242484393454e-06
-4.310337583995077058e-06
-2.118149748736097608e-06
1.396861856879325693e-06
-1.587332251932538832e-06
8.817047094834579210e-07
-1.636130613594171881e-06
-3.122076851994097905e-06
4.814282632155131794e-09
-1.444372082036663230e-06
-3.484041222416884571e-07
3.889276466030240924e-06
-1.039158143310946466e-06
1.101786798332231680e-06
-8.604250568522929110e-07
3.680963010413984667e-07
1.838275553708853481e-06
-1.755665087805007477e-06
-1.677835465436605523e-06
-4.642556016982808659e-07
5.364080875687704566e-06
1.311010961982461952e-06
2.461204412075873395e-05
-3.265110358110554878e-05
1.547400597431372010e-05
-1.226659554496894167e-05
7.548079808736820634e-06
1.317451015694926752e-06
1.755115904629590045e-05
-4.063361625196863959e-06
-1.340072935690856021e-06
9.302149049497059047e-06
-2.397390156696132320e-06
-1.522218461117390677e-06
2.403170233386452472e-06
-4.319409236820812763e-06
7.199928483887871550e-07
4.006333498404780362e-06
-2.697538547202639262e-07
-1.720422705807854459e-06
1.920000080723955790e-06
8.417759555355886225e-07
-4.809335907668873304e-07
-8.086143872465750676e-07
4.300851375831689461e-07
-1.196927675573209054e-06
3.710382691951155402e-06
-5.242531667798750361e-07
-5.524445193630084019e-06
3.425117183293062183e-06
-1.551238649043517994e-06
-2.814580152944355461e-06
4.635421251334533781e-06
0.000000000000000000e+00
-7.955850226305091315e-07
9.602154901417050154e-06
0.000000000000000000e+00
-1.673730718868475166e-06
4.269051706336343511e-06
0.000000000000000000e+00
1.249386247687401155e-06
