8.849568858782166370e-01
7.906182269588165612e-01
1.180564263322884111e+00
6.643976030945688560e-01
1.256625913454178178e+00
1.174840144857690394e+00
2.704641350125293608e-01
8.416040942629086086e-01
8.494203165988196691e-01
1.124726469906220494e+00
2.864575101539442503e+00
1.123327830597441679e+00
1.138424415242930143e+00
3.116283126443013529e-01
1.082451114303713435e+00
9.522303594601124743e-01
7.250447594182368727e-01
1.426704282109099609e+00
7.627169090499803517e-01
1.318349932332109953e+00
6.788278536421181730e-01
1.499581880310920656e+00
1.291173622385874520e+00
9.907929297741835395e-01
9.912475642834873701e-01
1.386345086719700914e+00
1.024950275888499629e+00
1.311608037919196112e+00
1.226843835288589091e+00
1.517352051934749202e+00
1.828607888670604087e+00
1.480520825951203268e+00
1.825366053600072203e+00
1.947853390104467008e+00
2.025812450453306823e+00
2.090579731709013789e+00
2.685803813446955957e+00
2.070167730237401305e+00
2.922048670215435392e-09
1.021292639365352417e-10
9.763589084649795290e-08
5.083205896887596265e-05
4.433376533179401724e-01
9.015155365034967162e-05
8.291464297401532455e-05
9.208820520898065723e-05
9.891568994163909613e-05
7.370640423529651046e-05
1.386347393876286797e-04
1.887994173812603243e-04
1.784853957518536610e-04
1.889680755728098617e-04
1.820678581519717958e-04
1.827113345992640464e-04
1.907398427595731103e-04
1.822341525557660380e-04
1.779343138908665945e-04
1.876643001770655884e-04
1.771878856097427763e-04
1.738105303899439781e-04
1.656210625149593199e-04
1.520469862716074619e-04
3.000885830239004835e-04
2.346278484175101035e-04
3.289358224725726673e-04
1.230483911091319294e-04
1.242186421213317964e-04
1.147671975916392793e-04
1.032059920652139261e-04
9.897459701355188118e-05
8.730949695233270586e-05
9.348200596259726141e-05
-9.007227577244228723e-06
2.355068526715323643e-06
-6.342649004370793273e-06
-1.468425985774569194e-06
-2.363092726053202518e-06
-4.607800731852217171e-06
1.431109344182141899e-06
3.736962489412504783e-06
1.449419335696982954e-06
2.264017860891298716e-06
3.379586490606490965e-06
3.889445682926460805e-06
2.849355565524674070e-06
2.011048577823406385e-05
2.343124173362011017e-05
1.276767435250119605e-05
-1.955521269210136302e-05
-2.381353576288341626e-05
4.911441318005090094e-06
-1.880470796683736832e-06
1.587037452752633849e-07
1.435353641427897035e-06
1.342937224643327940e-05
-2.482993886832453647e-06
2.672158681458781367e-06
-3.720432458593281139e-06
1.508743264111071302e-06
4.984091639478225604e-06
1.219652501518447750e-08
-2.150874009895374044e-06
-1.824919508810315261e-06
1.269575149840952146e-06
-1.041347554242258211e-06
-1.984780020220361956e-06
-7.241710136866331511e-07
6.449884757135100425e-07
-3.481409953108215479e-06
-2.533932591274532439e-06
4.609434507302521622e-07
2.950332240822257235e-06
-4.572179403075467846e-11
1.692148146508200518e-06
3.430720109012338759e-06
-4.291805024727616280e-06
2.681926819478260302e-06
7.270960061049360629e-07
-1.074113915399579946e-06
-7.734969682492728669e-10
-1.172416172735321580e-06
7.434192805502061650e-11
-1.592700397638356930e-06
2.869654684891943427e-11
1.406860217444549520e-05
-4.086136519132986455e-06
-3.498363433411141381e-06
-3.031042275322753443e-06
1.780536168151942944e-06
8.445990076442448194e-08
-1.676371299734997510e-06
-1.735438012612159151e-06
1.101204131998839453e-06
-1.027074399261088980e-07
-5.898359061934685372e-06
-4.828541694741273540e-06
-2.543267698591297815e-06
-2.194839256776272589e-07
4.333225788208949395e-07
-4.687243471130978849e-06
4.110337984094810930e-06
2.230481784292692723e-06
4.767979125772501253e-07
8.502590978929332374e-07
-4.567043517712525869e-11
-1.608360593579864018e-11
4.933742896412742246e-12
1.633327215551837426e-11
7.809773625350737390e-06
0.000000000000000000e+00
-3.128297730998814368e-07
9.159298614256936402e-06
0.000000000000000000e+00
2.964569257694163982e-11
4.065086926849295008e-06
0.000000000000000000e+00
-5.880658239885648561e-12
