7.232337634561626649e-02
6.812179388345222632e-06
2.071974381424714906e+00
2.874988993147589764e-06
2.470397784242649664e+00
2.248022779963965156e+00
2.579491033360257525e-06
7.232337634561626649e-02
6.812179388345222632e-06
2.071974381424714906e+00
2.874988993147589764e-06
2.470397784242649664e+00
2.248022779963965156e+00
2.579491033360257525e-06
1.042986033013351688e-04
1.106363449605625829e+04
3.300723323218095330e-06
3.090259905665008118e+05
3.471604362665204474e-02
3.082486630562204155e+01
3.044025989925587772e-06
3.352961630722098635e+05
1.042986033013351688e-04
1.106363449605625829e+04
3.300723323218095330e-06
3.090259905665008118e+05
3.471604362665204474e-02
3.082486630562204155e+01
3.044025989925587772e-06
3.352961630722098635e+05
1.116257328419374055e-04
1.262017564434410997e+04
3.524291392795677322e-06
3.342121531845999416e+05
3.607344590865688150e-02
3.154470313831762240e+01
3.279502837361729363e-06
3.656610184128789697e+05
4.478725723041844063e-08
1.364169872404237565e-09
8.923680697867536616e-07
4.282201532420591142e-05
2.668992340448972031e-02
1.543360341965107024e-04
1.453893842104368489e-04
1.234215713176469418e-04
1.412579636611079623e-04
1.205583873248308524e-04
1.622715036384126774e-04
1.766640646532519239e-04
1.494678135693776355e-04
1.410685386283192996e-04
1.970421780239900553e-04
3.943160740667284690e-04
2.610622198022823884e-04
1.881897828319013637e-04
1.869964613979059761e-04
1.179602662803195330e-04
2.354862898413024631e-04
3.142192753692816523e-04
2.941325674178176018e-04
1.723515199584757746e-04
1.306062459566561542e-04
1.476114263963480464e-04
1.523921179279885555e-04
1.456089355107027643e-04
7.589788400526578031e-05
7.888523169391492302e-05
7.149683711053558799e-05
7.179243888552386374e-05
6.199017639509295751e-05
0.000000000000000000e+00
-1.784555407901336602e-05
1.206321776798570383e-06
-1.660615306369382673e-05
-3.946673604701144453e-05
-4.936635846506880036e-05
6.284510104270470609e-05
-3.852465941581945997e-05
1.461954788344681889e-05
-1.274560304271987998e-05
2.457748350038646346e-06
-8.274220454318714476e-05
-1.770971988476372785e-05
1.883574906220541250e-05
-3.536223432997807775e-06
1.544745699206314521e-05
1.807173229600942998e-06
-3.234507835670084646e-06
3.689464684514111520e-07
-3.870603669786459416e-06
5.745325550314303864e-06
1.027569007998234799e-05
2.931292787052288598e-06
0.000000000000000000e+00
2.912295403759964312e-06
1.043279415209743361e-05
5.091502610555498332e-05
-1.679841723296303729e-05
1.630023797831351795e-05
-1.060867493959129719e-06
2.016340499869577283e-06
-1.618476302720683047e-05
2.832252754733375424e-06
-1.562290008308513226e-05
-1.327400218641746652e-05
-9.565696794566199779e-06
1.110290295000825224e-04
-7.830679903584828871e-05
2.766093367689720305e-05
-1.243056978246978979e-05
8.993680790377944358e-06
-5.968363967103190371e-06
4.837741861536888857e-06
-1.462856474140726012e-05
-3.597138149093395591e-06
9.034980180738724109e-06
-8.770256589354205978e-06
2.379727190615554949e-06
9.000288269914422619e-06
8.168805653280312534e-06
-1.172561591882895340e-05
7.272282695568984466e-06
4.299131654953094920e-06
0.000000000000000000e+00
6.190144777979233129e-06
-4.404805119937458151e-07
1.583322500172125346e-05
7.925212126408336897e-06
-1.197409462726262039e-05
-1.687035498318381075e-07
6.148468457272124488e-06
2.998838480849667878e-06
2.698150419566945927e-06
-4.279834967758602901e-07
1.603766777325422728e-06
-3.620888939027583769e-06
1.685463670733138112e-05
-1.401339163412622262e-06
2.888058466858150502e-06
1.606235921171200075e-05
5.997678792560480346e-06
1.119070214357060555e-06
2.991665384136768595e-06
1.253161874292829138e-07
1.646357505988480179e-06
6.847559066151999050e-06
4.613070987799772566e-06
0.000000000000000000e+00
0.000000000000000000e+00
1.772479926164115807e-06
0.000000000000000000e+00
0.000000000000000000e+00
9.195481516143214383e-06
0.000000000000000000e+00
0.000000000000000000e+00
4.858117328872022414e-06
