7.091831454873622764e-01
1.033738588727215024e+00
1.338731707317073027e+00
1.468833582131001680e+00
1.343214219940832121e+00
1.439264574724921752e+00
2.680910336489648604e-01
5.946278889863566564e-01
1.054632557923359970e+00
1.333475326107693704e+00
2.434474353752039022e+00
1.387536754170547226e+00
1.442023088212227133e+00
6.766848604465952599e-01
1.603072376976961255e+00
6.238210105699801833e-01
8.364815331018049527e-01
1.196675828904332439e+00
5.350137210059409121e-01
1.869183825048599701e+00
7.815283435815403301e-01
1.286838323167557974e+00
2.208403358943926698e+00
6.029901386758111936e-01
9.190952759990956844e-01
1.289362762119716788e+00
5.457201275274567998e-01
2.328545260416905460e+00
9.014697292950948349e-01
1.431228053442989978e+00
5.797819742321555836e+00
8.789465575839304767e-01
1.732126442680124168e+00
2.159312246974428362e+00
7.938630807814096579e-01
4.319079289255319587e+00
1.918155433776607577e+00
2.335999509631557558e+00
2.250957894433076548e-09
1.318890751934837609e-10
8.474648189027148553e-08
-1.114400339275700941e-05
4.567755944967022974e-01
1.772523335831429096e-04
1.804540428366374258e-04
1.754936537709133096e-04
1.751649294010914661e-04
1.708714351289366911e-04
1.847540001561307778e-04
1.990436047991806922e-04
1.830691209391319780e-04
1.897940682222010200e-04
1.868860455765869238e-04
1.837861881562861976e-04
1.806114896179052565e-04
1.879178204261461923e-04
1.833420047838168641e-04
1.829688784177884461e-04
1.777134158686099184e-04
1.850430844680325815e-04
2.127085197627546023e-04
2.075227447303880856e-04
1.944015237904086948e-04
1.973048877075189093e-04
2.230692486104668502e-04
3.238867093532962716e-04
2.718455428524028917e-04
2.047004038327155740e-04
1.854788327097088736e-04
1.835198174764325911e-04
1.855386828755739971e-04
1.785379145775129947e-04
-1.441908260673440334e-06
5.215051267929534577e-06
-4.567766138273015135e-06
-2.563508767481348744e-06
5.724440792764456069e-06
-5.650021214240677836e-06
3.883346107797347068e-06
-3.223163389300087656e-06
-1.689507531441834497e-07
-1.071442732426833483e-06
-3.043909839748696229e-06
-1.907620286418811480e-06
-7.231499476571970414e-08
2.220391185680246144e-11
-2.270462261870990334e-06
-3.397829086346138054e-06
-1.166539492588482571e-06
8.571055691657506229e-06
-4.005662167321152664e-06
-3.678608100575968825e-06
3.328347559214516078e-07
4.166201777188792643e-06
4.270855145739056019e-06
-3.444312392024211859e-06
2.068321587961626150e-06
-8.138111188773290511e-08
-1.242922535299039158e-06
7.924979886989930184e-07
-6.631622671034654934e-11
-2.325398073052320592e-07
-3.410986024874890328e-06
5.208584415104636838e-09
3.823746720565135635e-11
9.164988168659392265e-07
2.004747458789020976e-06
1.279139608830124964e-06
9.497260321245080576e-06
-8.732145536682382888e-07
-5.755492090715597251e-06
-6.541438873025437714e-06
6.561406329337986223e-07
-7.518546668565065915e-09
9.191465365259118011e-07
-3.064881539977356302e-06
-1.863164595814041869e-06
-4.531352955430252774e-07
6.072926558571957204e-06
4.860507631545675282e-06
-7.601067912869819634e-07
2.064331555020719788e-06
1.921603730956765780e-06
-2.175073157127468372e-06
2.083081197291230140e-06
-1.920554266920717394e-06
5.113133399773098765e-08
3.655196359888665240e-06
2.090745907386595928e-06
-3.755478695138151061e-07
-5.679180391402587029e-07
4.637750560594773937e-06
3.027455102517636021e-06
-1.722258504468875767e-06
-4.698532185487643391e-07
-2.840658955240960593e-06
-4.583501396803009697e-07
-5.714852288099562422e-07
-1.394548634113019366e-06
8.130017051200573167e-07
8.761646292580103044e-11
-8.773410749779665308e-07
-1.103860924856670524e-08
2.988525539563124713e-06
1.739554811568534779e-07
-4.368991603505737267e-08
4.054204423967361313e-06
-1.649440905943638622e-06
2.933153034108514050e-06
0.000000000000000000e+00
-1.127372841262877997e-06
4.133094781537146677e-07
0.000000000000000000e+00
8.050164998463453125e-07
7.463089249634042942e-07
0.000000000000000000e+00
3.830618536808197878e-06
