7.739198436862120278e-01
1.036400197188779293e+00
6.487108997696708901e-01
1.059638326542140740e+00
5.637402733892391549e-01
6.018540209326909141e-01
-1.213720212488031747e+00
7.739209002302187557e-01
1.017866516001330046e+00
6.487108997696708901e-01
1.059638326542140740e+00
5.637402733892391549e-01
6.018540209326909141e-01
-1.213720212488031747e+00
1.351333481115226665e+00
7.414512880288260943e-01
1.788046231311187784e+00
6.775772711785283953e-01
1.047715460658661835e+00
1.132665588039319271e+00
1.924390914554301890e+00
6.480490145618622577e-01
1.315207106038830176e+00
7.688552581398973018e-01
1.788046231311187784e+00
6.775772711785283953e-01
1.082671559812122153e+00
1.173738763650963968e+00
1.924390914554301890e+00
6.480490145618622577e-01
1.451374984101197807e+00
8.160609918286954034e-01
2.168444263437904862e+00
9.466955680384042671e-01
1.645656693312032681e+00
1.755601677565756802e+00
2.261174964951934818e+00
9.365141501215452635e-01
3.175104618573366886e-19
2.013734258094688125e-20
-4.546925050644226743e-13
-5.541582100568369917e-10
4.860715416270972034e-01
2.553865600941910807e-09
2.555333950473988680e-09
2.553537660927721699e-09
2.555467118471294188e-09
2.541206739962106971e-09
2.558309913247045631e-09
2.542057972597465061e-09
2.563562645432253033e-09
2.563100432342976287e-09
2.517487046744266791e-09
2.487398460311993996e-09
2.590233876156402687e-09
2.558662621236120531e-09
2.584196877019671962e-09
2.541219405419552806e-09
2.585481883208944356e-09
2.519667879168313644e-09
2.553880796481545204e-09
2.565047502314897595e-09
2.561907140762027292e-09
2.541611572026532984e-09
2.544342187604055184e-09
2.584542102188733237e-09
2.575281872976127684e-09
2.566470925888214977e-09
2.528379944871147153e-09
2.559416905692245538e-09
2.543418797478350575e-09
2.567364511632092845e-09
-2.654565885761436671e-11
-3.911249313997334402e-11
4.901824650410608081e-11
-6.964122145418092344e-13
-1.847700128156439433e-11
-2.781187444217332050e-11
-1.044242957686737570e-11
1.211035416614904706e-12
-1.733849673354688792e-11
2.300352612503626065e-11
-1.162011742713624896e-11
-3.972622480538720749e-11
-1.914551975212324020e-11
9.743862911458959382e-12
-1.680528640603116541e-11
3.702502418593909654e-13
1.645816807051272333e-11
1.664297053095995750e-11
-5.118054458101287902e-11
1.417658350512022877e-12
4.088990302974607661e-11
3.214430433299572888e-11
-2.084057816869629343e-11
5.440018286517347942e-11
-2.646807645552018297e-11
-3.174058859034662995e-11
-1.497953546639697309e-11
4.650662968741568043e-14
1.252176079856767316e-11
-4.466768427794778191e-11
-6.682435603255408310e-12
-3.061626431135510116e-12
3.017513915322634014e-11
8.396172430108923881e-12
2.919966506336069122e-11
-3.621637522059570519e-12
2.858680150841221053e-11
-3.422309403987322201e-11
-2.639784239213739211e-12
-4.228469062316963428e-11
3.059796664695820850e-12
-1.096066357552730776e-11
-1.652667701190920473e-11
4.224714463999356777e-12
-2.421885435763791520e-11
2.818254653390040414e-11
4.095054954206343504e-12
4.588291627052183966e-12
8.708614350264553680e-12
2.345034834436482520e-11
-1.040476717307574433e-11
-3.927934074123847200e-11
3.319260919432250148e-11
-5.663869357584195082e-12
9.262175267651589283e-12
1.080535167651481848e-11
2.274567960112124922e-11
-1.520737857561623477e-11
-1.235321853646220671e-11
-1.123344429227326945e-11
7.956653307511264762e-12
1.266197769313089430e-11
-4.082200127668954898e-11
4.175152580742826114e-12
9.335930979428902251e-12
1.172150767050871752e-11
1.396206221123986026e-11
4.262051159730002616e-11
-1.717199303824597268e-11
1.157666463331009868e-11
6.148874100934524034e-12
3.443224491941693186e-11
5.419646091502701536e-11
-4.364236233838076760e-11
1.222539788858096429e-11
-4.870751770890772134e-12
8.745818291268065183e-12
3.422866116382955384e-11
-1.415299830640708556e-11
-1.536009223620862679e-11
-2.555445252887453567e-11
-3.998029838783469662e-12
-2.777353605697923520e-12
-2.836582005252447811e-12
3.222505453194614790e-11
