1.048341759163590847e+00
9.767226994286541952e-01
1.048780487804878092e+00
8.955877491551731406e-01
9.682156856596204619e-01
1.055967459923168761e+00
7.767812546561456699e-01
1.082300516574721039e+00
9.888274005662305299e-01
1.027839693797140352e+00
1.104656915748165158e+00
9.681223152215499006e-01
1.058433965018136025e+00
3.455526132550535978e-01
8.998257452031410697e-01
1.114639024397512390e+00
9.081473540734907868e-01
1.101303157198377791e+00
1.022513062692569807e+00
9.780005326704697133e-01
9.023321992750249487e-01
1.108240410523244179e+00
8.765269590005506650e-01
1.224391159277727237e+00
9.970165317998023191e-01
1.088879924035441649e+00
1.130975047587776672e+00
9.851457491692049429e-01
1.123639833632687157e+00
1.095412299030946279e+00
1.239322250482634002e+00
1.834293185512104740e+00
1.355440892846004441e+00
1.515139982013128161e+00
2.339823185430639718e+00
1.377693556576113032e+00
1.487125531956680735e+00
1.514182453720763766e+00
3.309649459981614376e-09
1.588089255811469954e-10
2.636444083420870134e-07
2.402841902343555563e-05
3.939114391143911376e-01
1.938743572465312880e-04
1.825535729635664153e-04
1.951235391985796743e-04
1.931157451463681892e-04
1.840516918726610679e-04
1.937687385224436446e-04
2.103201016443442600e-04
1.891897015985078139e-04
1.921335282375207670e-04
1.920575563909204049e-04
1.929120063342476868e-04
1.962237354629806454e-04
1.976406594715007488e-04
1.948032964861011983e-04
1.969148985373771719e-04
1.794273964727005513e-04
2.401018090143213521e-04
3.701430982737998745e-04
2.993838280978361422e-04
2.740332267657731753e-04
2.121219838887055721e-04
1.885635018056830425e-04
1.934727323345222685e-04
1.924001617082275522e-04
2.008536411576181504e-04
1.874913408052459739e-04
1.971993978913547454e-04
1.919940392537791197e-04
1.905872968646943767e-04
-5.938273760724650308e-06
9.368363090727620042e-07
-5.896164783979188957e-06
-4.479496059337660633e-06
-1.132667157335528333e-06
6.737733133928784867e-06
-7.372854179789228957e-06
-2.402274212798615601e-06
-1.647218158153943676e-06
2.162045492336853217e-06
5.262288072022307811e-06
-2.938003113825165180e-05
2.556838067090382591e-05
1.731872128480734819e-06
1.189896096511745942e-05
-5.587310280219597399e-06
-6.048614872588580902e-06
-3.405139575752811864e-06
3.560325834142197285e-06
-1.239359930479125523e-06
3.497166533379354072e-06
6.759434373822114183e-06
-3.822366565663937222e-06
4.187746331146193843e-06
-2.575914141903468346e-06
-3.278638553979367685e-06
-3.155580826272487557e-06
8.639195422031573078e-07
-9.142218501845520984e-07
1.581877378433936612e-06
4.888681305950656352e-07
5.706143100604422756e-06
-4.075622245901041151e-06
1.941491602837279142e-06
-6.273519414723604645e-06
8.186830709769596374e-07
6.311121901615638954e-06
6.452498393159900387e-06
2.295625499945364527e-06
6.383614939512899885e-06
1.306062144180148640e-06
6.737581182183479417e-06
1.685445124927803245e-06
-3.418678898524146407e-06
1.054762026770267986e-06
1.848492823868144476e-06
8.847630670935429813e-07
2.418605258798517686e-06
-1.087612633165454497e-06
-2.289398386171555004e-06
-1.231985199523259273e-06
-1.365226368857014182e-07
9.857850623348736403e-06
-1.142110231541172095e-06
1.161564259752006092e-06
-5.971808540217001584e-06
-3.863735961656964114e-06
3.865973975660114012e-06
4.329121525352830544e-06
5.135014364143511922e-06
-3.325363731663557353e-06
2.490009265166803579e-06
4.595148363529444350e-06
3.827332278170998335e-06
-2.230297487448195145e-06
-3.097206224657239008e-06
3.861488209793649654e-06
3.985763566183369288e-06
-3.456787227276232716e-06
3.748563864455401955e-06
-2.350632610994828673e-06
3.516689641598575044e-06
-2.061027482762667193e-07
-2.850562952342939226e-06
-2.084978744241213724e-06
1.701505986965304202e-06
-8.716355088739075020e-07
0.000000000000000000e+00
6.460231809626228481e-06
1.124666602447307280e-06
0.000000000000000000e+00
-6.888874435609315618e-06
-2.315579739636148629e-06
0.000000000000000000e+00
4.211488486584389406e-06
