5.931024157388671281e-01
8.252282322298438721e-01
1.199956065681805573e+00
8.783014719818265092e-01
1.201015979219404617e+00
1.265274332264028301e+00
4.569653649752217772e-01
5.846496105994164472e-01
8.228568398473474765e-01
1.257714903431557119e+00
2.081060483139342221e+00
1.262877069818856501e+00
1.376729546888088906e+00
3.678993891031219210e-01
1.307062349461149964e+00
7.651485623661833380e-01
6.706918628449313191e-01
1.492097672579714152e+00
5.353383608038068120e-01
1.895811640068459702e+00
6.181374207710960134e-01
1.617763263802974638e+00
1.601659486338079308e+00
7.561403573342897477e-01
6.722884025583020229e-01
1.600547847880996688e+00
4.649848735198076066e-01
2.413701277406764767e+00
6.316648133611278970e-01
1.674553417854844017e+00
3.783013114706995861e+00
1.233142608187304035e+00
8.438637189648592329e-01
2.273275308648473825e+00
5.954311785228987297e-01
4.410236034806751526e+00
7.923935829791916019e-01
2.264735072477975564e+00
4.690865155213270717e-09
1.654700482327614643e-10
3.698453098003682313e-07
5.831440912670019438e-05
4.201049303770907350e-01
1.813880830144293612e-04
1.818490323547250595e-04
1.870747145873585967e-04
1.865564218132102769e-04
1.789633385334208607e-04
2.056969876838902990e-04
2.130398502078351152e-04
1.921810299526762258e-04
1.907081243598547616e-04
2.048539542662983172e-04
1.928208463083357083e-04
1.930553253825928320e-04
1.886292218555162166e-04
1.899019712542731849e-04
1.904801429243876900e-04
2.027971820840131266e-04
1.575644137146490033e-04
2.738303287504906692e-04
3.921365767720400280e-04
3.437384769635742215e-04
2.991265208260611343e-04
2.800688388832087367e-04
2.554264581581786086e-04
1.914788943055510803e-04
1.891089622195944004e-04
1.942371530294938252e-04
1.887595812672115687e-04
1.842094384135896227e-04
1.870750536592912373e-04
-1.327658152249485419e-05
1.668758582507839781e-06
9.195287951989327804e-07
-7.093066069848552902e-06
7.035718351207394965e-07
1.674321114467731108e-06
2.756061553237876014e-06
3.780919673604138397e-06
4.113107612026250963e-06
-2.343954829660550877e-06
-5.215015371837126054e-06
3.665811480007872162e-06
-5.300776167102950011e-05
2.237376890510061497e-05
4.049330854065205269e-06
-8.317256664321918578e-06
-1.311822177914716303e-05
6.644258015272431120e-06
6.181078416812938649e-06
-6.097496916930897569e-06
2.287309109125810660e-06
1.589821881418703499e-06
2.500716169301352870e-06
-5.305971497117568963e-06
-1.100853221897530086e-08
-1.079215493986903029e-06
-7.232472133703302705e-06
9.993372370663652264e-07
1.477891254617528633e-06
1.993997975576739070e-06
-7.183371635008885623e-06
-9.488244858822505778e-07
5.523155873124446323e-06
-6.828453596268860696e-06
-2.265345602590204696e-06
-8.026739834419056873e-07
-2.451312533944699421e-06
-2.107065644357422501e-06
8.125800756241807551e-06
-1.632776487206522855e-05
1.420854086620084105e-05
-7.603097904150708458e-06
-3.266010629450907891e-06
-5.933272893752092667e-06
-9.466529115955518139e-06
1.106029137133748413e-05
-1.004826564695010553e-06
4.430948216786078546e-07
8.034881492896479475e-06
3.212717352924086702e-06
3.056209292572489976e-06
-5.208713233511666168e-06
2.405447191524328281e-06
-1.178832219922173165e-06
2.417075183788689727e-06
5.122215673873074397e-07
-3.405057187925009992e-06
1.052517163662302033e-07
4.970324537681006066e-06
-1.555751762519627744e-06
3.813592515676627133e-06
-5.270762622215561141e-06
3.181611854592956701e-06
-2.040835295331745359e-06
1.319446250878312897e-06
-1.681708179802347990e-06
-3.401681529623259752e-06
1.128902476866223523e-06
-5.952327191217483139e-06
-3.591971071261110893e-06
-7.007078482322601691e-06
4.234596601624391110e-06
8.797298501091431274e-06
-1.557915871477455341e-06
4.667409785052413351e-06
-3.227464384096217428e-06
8.284452510452575147e-07
0.000000000000000000e+00
-1.634117827644780673e-06
2.866837928526647568e-06
0.000000000000000000e+00
-1.282306903134295950e-06
-1.472837286359576339e-07
0.000000000000000000e+00
-2.491807802446031183e-06
