1.058088607186211227e+00
9.303587400216851711e-01
1.081972720553651790e+00
8.670454522412367471e-01
1.082641135496940965e+00
1.083747792163417767e+00
5.375200005986185275e-02
1.082150149856083932e+00
9.825291854329647467e-01
1.081697201355849680e+00
1.899452516497430965e+00
1.102502860933097129e+00
1.079367108719801571e+00
2.369844076516211262e-01
8.752268085968486488e-01
1.143532592834208828e+00
8.680962728145724672e-01
1.152037683326984752e+00
9.561295366982995869e-01
1.045954334306464339e+00
8.559142386212252873e-01
1.168659580248800900e+00
9.403595834672151543e-01
1.107728602926650430e+00
9.308458456858673680e-01
1.091775863301791993e+00
9.688302864899599465e-01
1.034427901805810457e+00
9.376481118500670231e-01
1.105207659874568371e+00
1.199372388181928706e+00
1.348293593801633605e+00
1.157826626910821943e+00
1.282792697160758166e+00
1.072962599271824580e+00
1.100210241692493707e+00
1.195364525647233833e+00
1.330150985852255996e+00
3.883213745270166606e-09
1.467961164967729394e-10
1.177156410960423277e-07
-4.146666121658997082e-05
4.018132284316965341e-01
1.906231363790246718e-04
1.915805314916750580e-04
1.924102586080392622e-04
1.864517897374446504e-04
1.807073360602297774e-04
2.020416553640243598e-04
1.964503646750719100e-04
1.922040857086185521e-04
1.850473657134454539e-04
1.853029040071988061e-04
1.866130944243469462e-04
1.899970176129910527e-04
1.857262203168363792e-04
1.879374561904546337e-04
1.957552699563828351e-04
2.019706976106977166e-04
1.895799178110400547e-04
5.255258240378978072e-04
3.543373917007405609e-04
2.099114117621795456e-04
1.905183118353869745e-04
1.851112927417501762e-04
1.932766778452568778e-04
1.911267716889190503e-04
1.896316877873742012e-04
1.839228575692705790e-04
1.814209532301275165e-04
1.878072687131209135e-04
1.869570721789902889e-04
-2.665090982581285478e-06
6.132808863071487921e-07
-1.962714994532747130e-06
-2.115335608949649603e-06
3.635725967642474537e-07
1.667481349311596233e-06
-6.305376162948338451e-06
7.307313027611823161e-06
-3.687977897321786826e-06
-7.542766482629773423e-06
4.153044551551904879e-06
1.082386121360624736e-05
-1.865043861374033514e-05
-1.225000448195698722e-05
1.234060768112974117e-05
-3.717902695676934062e-06
-5.768906135031432402e-06
2.448737301775870373e-06
-1.420425184489095956e-06
-6.703448141953577716e-07
1.303940826200997524e-05
1.620674382633249276e-06
7.012129720213353605e-06
-7.723523522585946292e-06
4.078869186028810721e-07
-4.997711226563712586e-06
7.913391050547588854e-06
-2.020002410191883657e-06
-3.731568455914125166e-08
-2.878155230886196621e-07
4.788498465667986932e-06
-5.478643392572076958e-07
-6.279843210874065409e-07
3.642489894709786757e-07
7.344006012647693386e-07
-2.022693607923332746e-06
1.040916179982540759e-05
1.315115312495463850e-06
-3.513942683207411551e-06
1.270018047839296959e-05
-2.533597161672369958e-05
3.857614909677510213e-06
-2.201762547553975236e-06
-4.364472154228505233e-07
-3.901944758491439000e-06
8.442628605798935416e-07
-1.699417537600211747e-06
5.200055181529324369e-07
-2.079721822507555201e-06
1.174121362774116432e-06
-5.681978904364564360e-06
3.829194936520730720e-07
2.130274904771465093e-06
-4.567619938076660837e-07
1.934972680797653999e-06
2.669819853899682990e-06
-3.941961585476158302e-06
1.072578779379983114e-06
-4.324728870826633196e-07
-3.418480197250043725e-06
9.939488344607532682e-08
3.852058192511736117e-07
-5.481932833897029881e-06
1.849770360849508515e-06
-8.256423825042910030e-07
2.327980643261165425e-06
-1.547390157992277685e-06
-8.334896349708564885e-07
2.245235255503225026e-06
1.201554029672980448e-06
-2.959640149162941461e-06
1.998794097314712027e-06
-1.049241414326901922e-05
4.175728588517424095e-06
-2.870886563884246043e-06
-1.577682639570653687e-06
-3.672493454184396281e-06
0.000000000000000000e+00
3.002027120980829349e-06
1.762227787076847002e-06
0.000000000000000000e+00
9.042591755938300208e-06
1.516939628123327577e-06
0.000000000000000000e+00
1.566524117998368810e-07
