1.291612616553835746e+00
8.717008127775076609e-01
1.006211180124223725e+00
1.029294408619362944e+00
1.017765321282636748e+00
9.839978039894330397e-01
5.134729214766845518e-01
1.284973214042806067e+00
8.574115262135550974e-01
1.013319720857820183e+00
1.422645262739550720e+00
1.025478846798879573e+00
9.954322167428450996e-01
4.727820453481644258e-01
6.638133934642223011e-01
1.506630026381700294e+00
8.186839763356589250e-01
1.221609705708628368e+00
1.292520673965236622e+00
7.736857568353594505e-01
8.213314237593585254e-01
1.217639715442282000e+00
6.573301763765160288e-01
1.595138392555848217e+00
9.187821565433790250e-01
1.254342387456703456e+00
1.330851759466637585e+00
7.827651555970036590e-01
9.532047047494099923e-01
1.219150751284587830e+00
9.135897154893788397e-01
2.137317831358234166e+00
1.259072561981763760e+00
1.668791891841931108e+00
1.997423446751338094e+00
1.007136750196073738e+00
1.373097440796544833e+00
1.620717947728790964e+00
2.421082854465281582e-09
1.261582690704646306e-10
5.250885227070048825e-09
4.425484456946312585e-05
4.963124441171790080e-01
1.863054002346910645e-04
1.823897034357046826e-04
1.894989919810345538e-04
1.959691368012775748e-04
1.841827373160371021e-04
2.071513169858777142e-04
2.061982712122234626e-04
1.933328106172704092e-04
1.887580120017408802e-04
1.937373224249262543e-04
1.938256835262374366e-04
1.898705981064549846e-04
2.005078269201991410e-04
1.951081945056677464e-04
1.884962790141670147e-04
1.918987462453338897e-04
1.862716574360925512e-04
1.883649332488359046e-04
1.991522531978138643e-04
1.498057271748086015e-04
2.989512555760390016e-04
2.570788008358881578e-04
1.992302861369493955e-04
1.996729661431966636e-04
1.918448543246132113e-04
1.935265202076223300e-04
1.880854836106342039e-04
1.844155532000417127e-04
1.880938748520903105e-04
7.407134233575640570e-11
5.455635236452692614e-11
-6.194686313913588525e-07
2.384016627575868295e-06
1.009769616818938299e-06
2.473958248209141861e-06
6.036699384269759281e-06
1.907688387808165864e-06
-7.192849807764609996e-07
2.694190929110631815e-06
-1.277458157240490220e-06
5.589840018652186367e-11
5.267917955689794209e-07
-4.321784341911536639e-07
5.361341398454800212e-07
-1.325647449766111787e-05
-1.153189338168621876e-05
2.076440665879346998e-12
1.133047390697265576e-10
5.690667325467837618e-11
5.925623253477700310e-11
4.278599525242634145e-06
1.598342964823207402e-06
-2.259539708442265305e-06
-7.318870142188467831e-07
-3.956733765136250053e-12
1.120761772348612034e-06
-1.697924850758668239e-11
9.456477020513060854e-07
9.939714323620759388e-07
2.214328866531539028e-06
-5.293405188488050973e-11
2.693439005787050574e-06
-2.845013063473035849e-07
7.504506151435229224e-11
1.151921238917887358e-06
-5.869194418749485603e-07
-8.416350484517823808e-07
2.852299593107101278e-06
7.134968062668482809e-11
3.728110846510500002e-08
-5.193704745821611358e-08
-6.276444118286878950e-07
-3.148588637766167967e-06
-9.449578297210092861e-11
1.365159495129342818e-05
-5.242215133492595524e-06
2.346314036176347575e-06
-2.249698561409188067e-06
-4.806850198162570461e-07
9.269068639068045508e-07
2.780303510579465974e-11
3.870871109607678150e-06
-2.039783609895732770e-06
8.130507316951618417e-07
-1.127766589670952646e-06
3.432102829244494075e-06
-3.534075402562611346e-11
1.242872501566695529e-10
4.822433613965061530e-07
-1.375775361891674027e-06
8.789297002448715273e-07
-1.143637392877455675e-06
1.032682970855956579e-07
3.017529444038754289e-06
1.585059057494068284e-06
-2.674431199024026045e-06
-3.984409192657784415e-06
2.089652674979178703e-06
1.478186133402844931e-06
6.967982926296144565e-08
1.426114158380815953e-06
2.857209214161032088e-06
3.490433307864676518e-06
5.631676692474785213e-06
6.381794933269159939e-07
7.861414951550208406e-07
0.000000000000000000e+00
-8.062323563034659219e-07
2.018450057174904489e-06
0.000000000000000000e+00
1.522724599428743328e-06
1.967647193042384684e-06
0.000000000000000000e+00
2.943602008700485076e-07
