2.972626671711292579e-01
4.507274258932688626e-01
1.390862430352465484e+00
2.979949806964565240e-01
1.462210488580326206e+00
1.583495453626100780e+00
8.861983226969567806e-02
2.599962222543563128e-01
4.023819928957855230e-01
1.247734821589084664e+00
4.702605043965872866e-01
1.461312688278331828e+00
1.383514923153523091e+00
4.691405813933315905e-01
1.499367361151938471e+00
6.691861070388948063e-01
2.965472562833667558e-01
3.401259929442734808e+00
1.838082700079879117e-01
5.466250965375111903e+00
2.761076145740480881e-01
3.662143359730926306e+00
1.189154523051127565e+00
3.464080344904763024e+03
3.726440718886478987e-01
2.332781746216589454e+04
2.543006160056543452e-01
6.499692837071430418e+00
3.604027756428518359e-01
2.589513912365005308e+04
2.309880765867318608e+00
1.711108619482897848e+04
8.601195069775028346e-01
1.276342011230787029e+05
5.426408807035787429e-01
1.298313835087971668e+01
7.981343471856787719e-01
1.324451943062257196e+05
2.403754881097092047e-09
1.237084773755386780e-10
-2.490406654420835306e-07
3.798553119815430720e-05
4.024941146529236180e-01
1.763353162672297292e-04
1.715630235440572038e-04
1.579305269799653895e-04
1.686460002249710812e-04
1.567514923024299458e-04
1.927592261501320705e-04
1.957281737941474697e-04
1.985081215365303150e-04
1.916284551872656492e-04
1.782214740213992270e-04
1.806351036838865711e-04
1.763299047577121352e-04
1.797120171633266985e-04
1.748707643568402298e-04
1.662470658302110020e-04
1.819653362601061008e-04
1.273423381507510406e-04
2.617933219284767883e-04
3.133475376644277981e-04
2.497117946648669587e-04
1.969256830249848538e-04
1.670810295836494357e-04
1.689745029810641461e-04
1.575936616104778093e-04
1.733900267484392299e-04
1.790931695548846330e-04
2.016098267667285927e-04
1.715012050150830996e-04
1.754775021741998748e-04
-7.336414812688549396e-06
4.708749106349533606e-06
-2.697315162852275805e-06
3.044133008190193084e-07
3.375242867989533175e-06
-4.505103328420194910e-06
1.593393946122736050e-07
1.197163533638395298e-06
5.844876091712949669e-07
1.262562157591887764e-07
1.085016710766482696e-06
1.243196182674589886e-05
8.688600324139031172e-06
-5.014156064584318972e-06
1.924572639147150930e-06
2.358613104009901662e-06
6.740199732258249067e-06
2.656051966383368702e-06
1.002499919620572926e-06
3.842739975233138539e-06
1.318724680214065689e-07
9.901724037290177659e-07
8.636296329238894135e-06
-9.490335848471465340e-06
5.123252011100177127e-06
-2.284959090229736275e-06
1.863346778715979670e-06
-2.516370281218850695e-06
1.951131162677819913e-06
-3.245017901671359888e-06
-5.364885764763869246e-07
1.230975392793967857e-06
-3.972660664854367113e-06
4.292176819818021267e-06
8.695907021393646060e-07
3.378418429441263890e-06
-4.802755285602635245e-07
3.017219418112897231e-06
-2.061578696001327403e-06
-3.128952094505400521e-06
1.780345153629933239e-06
-1.480487047745876222e-06
3.116461838594084761e-06
-4.038059186732786309e-06
5.205507001302483993e-08
-3.528315681712125568e-07
5.025815331026729996e-08
-1.871999060154961937e-06
6.061339573025462417e-07
-1.060741854058081535e-06
-1.279750593130555983e-06
2.022403255779803048e-06
3.349916510607930649e-06
-1.663505167283388891e-06
4.059733288504687548e-07
-1.578456370542897431e-06
2.920246776870532889e-06
-9.217236461420481814e-07
1.694705234357961823e-06
-3.319257291783238560e-06
1.201339544262852875e-06
-3.786298003186731932e-06
5.799270095455530450e-07
-2.366246371201447802e-06
1.834745329319453802e-06
-4.964634427187475839e-06
-2.942811135468357829e-06
1.282165858717861914e-06
1.398709204773308662e-06
8.009193628066698847e-07
1.617545100438537215e-06
1.530030292592365024e-06
2.097556976033388172e-06
-2.155618383850828117e-06
-2.060204713172108871e-06
5.523732604782559605e-07
1.086261546454907996e-05
0.000000000000000000e+00
-2.740451936605195287e-06
3.622878600106617682e-06
0.000000000000000000e+00
1.982974796135123733e-06
1.242823858343017559e-06
0.000000000000000000e+00
-9.123973189578202845e-11
