9.948694994899941468e-01
1.005451369592910371e+00
1.014550629000345872e+00
8.260885544612924791e-01
1.046653349303720892e+00
1.030659078299238418e+00
7.728855955380357079e-01
1.007797172078257031e+00
9.974394983650086699e-01
1.082079340564349179e+00
1.673810506944697796e+00
1.091118324895315350e+00
1.110016106266118019e+00
6.090660684727525753e-01
9.032789834177350485e-01
1.108127133254209973e+00
9.838533045572308566e-01
1.021357445258839647e+00
1.038923865742478192e+00
9.633113956851262483e-01
9.714147749066970317e-01
1.029560971691911853e+00
9.205772955824604864e-01
1.112584695756059894e+00
9.425157254104636895e-01
1.178644579338189224e+00
9.621172300557565560e-01
1.087103132903083136e+00
9.439672954332988253e-01
1.230151811503534809e+00
1.060563999368784316e+00
1.336011401864510173e+00
1.164966695426914889e+00
2.210401022585893216e+00
1.256390816723438775e+00
1.790836416824852062e+00
1.189832508280438184e+00
2.551860516501645471e+00
1.946489583920629884e-09
1.178570582684934067e-10
-1.083332518626238644e-07
-4.135282699013535475e-05
4.199300213181028640e-01
1.847820581446339716e-04
1.807662029697451882e-04
1.812193966147216295e-04
1.908444888962755864e-04
1.884241622862839092e-04
2.073116981408399328e-04
1.995878589686809720e-04
1.931483226787823770e-04
1.950846809655427071e-04
1.906704207730344053e-04
1.889135723698884902e-04
1.968992182307430737e-04
1.825489781293766355e-04
1.939630651900857102e-04
1.932148565436924293e-04
1.907968193454192781e-04
1.964230070024503092e-04
1.803590658120466750e-04
2.461895497280757340e-04
2.286023430084272758e-04
1.914736526290555622e-04
1.872324105970226489e-04
1.861487700276709335e-04
1.808773870375421215e-04
1.830095164700486763e-04
1.884673513679982514e-04
1.886472659239978673e-04
1.869208231040581981e-04
1.851617034545608082e-04
-2.088852666506147982e-06
-2.632162023741889860e-06
-3.713814877569035454e-06
7.593265970599154484e-06
1.548240627453928288e-08
2.164884149605832913e-07
-1.390504655838549822e-06
3.166317360683867242e-06
-1.657794524300869779e-06
-1.805625447775412716e-06
6.066193510722102370e-06
-3.619119278724058639e-07
1.160712261867183424e-05
1.268711194488638542e-05
-2.978189792098272711e-06
-5.710209895240741355e-07
-4.712060803994397586e-06
-3.656616044871411011e-06
-2.240723964867194551e-06
3.163689756264944696e-06
4.240885178429378515e-06
3.757286462617289475e-06
1.801456292300283644e-06
-6.384488329649461603e-06
-1.427890407231751977e-06
-5.123014822035899051e-07
-1.048478473354035150e-06
-1.455808393230203813e-06
3.637012387248980052e-06
6.740482393801354646e-07
-2.395284753432893792e-06
-3.453168051666464655e-06
6.423414897877541089e-07
-3.392766285590029105e-06
-3.759539565570058696e-06
-1.175558915257337881e-06
2.549134072025120255e-06
2.865712429615136952e-06
4.722777858672641417e-06
5.708412771560010017e-06
-3.370887635328970155e-06
1.661127735891011945e-06
1.804424732780766562e-06
8.204949312103768888e-07
1.289298667771725808e-06
-4.130669565425668499e-06
1.294317309285727127e-06
-3.021099967073697961e-06
-3.508597189698049624e-06
-3.367285627854688422e-06
-3.002616374599009159e-06
4.639594782110275046e-07
1.270263719089352548e-05
-2.838263907998258865e-06
1.043876304177280066e-06
7.744535062028409542e-08
1.436524435028120166e-06
-4.577292389737972814e-06
-1.040582793930016962e-06
-4.431906865091148046e-07
1.801968399916821154e-06
-1.520272660597206940e-06
4.582581818428475720e-06
3.835637003220120822e-06
3.961634372869999468e-06
2.213135046265746746e-06
7.390929899626695086e-06
-3.655962408477970344e-07
8.215838829351921333e-06
-4.547281666370901275e-07
3.908686021852455184e-06
-8.663007987691467900e-07
-2.233623718500716697e-06
-1.748839014035802764e-06
2.518375457077547680e-06
5.339497229240497517e-06
2.145013348739613007e-06
0.000000000000000000e+00
5.297799584883769287e-06
5.158485681836527065e-06
0.000000000000000000e+00
3.733832203304197240e-06
3.760910017046051574e-06
0.000000000000000000e+00
1.154657327765167884e-06
