8.078126975828873180e-01
8.798572778959801166e-01
1.010900076781790613e+00
1.233439637139932099e+00
9.801360802948695383e-01
1.044459190529738457e+00
5.376784627459858523e-01
8.285440949515788800e-01
7.723017414632326050e-01
1.064732452091245563e+00
1.791104639451801983e+00
1.123302622920254290e+00
1.099546699742022682e+00
7.121134174333458855e-01
1.076717911534606831e+00
9.289047888993122726e-01
8.553465916985265594e-01
1.169162011257949052e+00
7.999620770770540235e-01
1.250059645828025090e+00
8.381457709333579587e-01
1.193786855869017671e+00
9.241724320751298904e-01
4.569449896629980685e+02
8.161501120154974753e-01
3.880634711601163417e+03
8.231012029075623904e-01
1.299583847247774315e+00
7.924855296237643953e-01
3.502063518681237838e+03
1.256000988919472316e+00
2.280705877079496986e+03
1.153643839352716860e+00
2.715741878061584430e+04
1.012350913032540323e+00
1.871383485825849569e+00
1.167852478823419471e+00
2.450710939228487041e+04
2.440036655162439114e-09
1.327477123678884526e-10
-4.836690948779904513e-07
-4.889618957779684808e-05
5.587861051024303194e-01
1.981800206225566171e-04
2.005747086714426762e-04
1.918702069780580831e-04
2.026480771480437197e-04
1.653053433219914183e-04
2.292008585515370076e-04
2.240265773527975416e-04
2.308492280061955602e-04
2.045981505683418743e-04
1.954770078192275234e-04
2.099402596992155684e-04
2.134156991362893641e-04
2.142150894314924525e-04
2.118287922312884434e-04
2.133538645271268095e-04
1.912577846346847146e-04
2.004223761206092263e-04
1.936615856968481187e-04
1.981624190152414403e-04
1.939753981588016767e-04
1.994510094437998123e-04
1.856511599193021405e-04
2.630140938139948208e-04
2.573337655133263371e-04
2.205814838272361633e-04
2.033255103595184223e-04
2.091457309566667130e-04
1.890791119647379200e-04
1.949597228204784946e-04
-1.281015478266512527e-05
5.070482873321203375e-06
-2.776489082810340758e-06
5.645777987433513254e-06
-1.539663977166450376e-06
-5.244518054922018434e-07
-5.130752924378857489e-06
-3.920761254782102644e-07
-5.178297923962276250e-06
-1.266294287785942157e-06
-6.719167993933258167e-07
1.037836191209662606e-06
-6.817148874074586723e-06
-3.094589378799390936e-07
2.460505741732136273e-06
2.190345238106347111e-06
6.738795756694025791e-06
1.152141727372110689e-05
2.544620475859192536e-06
-2.054127595867582174e-06
2.297378254102401533e-06
5.490238199691528436e-06
2.995700515223406540e-05
-1.942601357270008598e-05
1.178228152395212076e-06
-5.895024930124478167e-06
-3.065768952754058766e-06
-3.463053751704804659e-06
-1.364148974277681732e-06
-2.458396736799109579e-06
-4.911150028887437348e-06
-1.558047323360136369e-06
-2.552819270100317670e-06
4.739710458492681951e-06
5.158843929809465404e-06
1.410546000988358578e-06
-7.507582877758415041e-06
4.747141968768043341e-06
-1.318568682559183270e-06
-1.587189385382064964e-06
2.840555587803525840e-06
5.597059713269209124e-08
2.716712193691856769e-06
-1.958811389156830173e-06
2.746123299710480839e-06
2.435691085962790574e-06
2.206961753570493488e-06
1.301045214812819404e-06
-5.521106371640215337e-06
1.581118482567667623e-06
-6.671926352329961159e-07
-2.180420024209855927e-06
1.942241510091237126e-05
-1.068432463711007938e-05
-3.212539790763480213e-06
2.100216661216466900e-06
-3.468302635554135549e-06
7.272666153603304922e-07
2.485563991106488878e-06
5.590301388810452588e-07
-2.211230942712436776e-06
-1.171979776523142237e-06
-5.398041405023555969e-06
2.180401753816715225e-07
-2.837538970393130919e-06
5.193928337888628331e-06
-2.302630575572509821e-06
-2.925120614514871711e-06
-5.671206559618587086e-06
2.612274163486554298e-06
-1.183860817454898687e-06
-6.315999362771469329e-06
-7.813902713331807208e-06
2.716790743971099516e-06
-1.053096376152420306e-06
4.870282997770551621e-06
9.195918688385573995e-06
0.000000000000000000e+00
-6.953178664317412342e-06
1.080852922073073114e-06
0.000000000000000000e+00
1.194254386552818030e-06
5.089246514340290697e-06
0.000000000000000000e+00
-2.929020185615572183e-07
