8.415032345745736553e-01
7.925758564965259545e-01
8.245614035087720506e-01
8.058284284361268979e-01
8.016843386028381646e-01
8.294946130666979167e-01
3.467651167116835298e-01
8.237057619203975722e-01
7.788572434280216505e-01
8.955447941888621255e-01
1.070084459043832759e+00
8.699787066755535481e-01
9.055538690828932591e-01
-5.242352622537856804e-02
9.984907104287219504e-01
1.001669621686493983e+00
9.276425499883802495e-01
1.079466522682571483e+00
1.015382712138997556e+00
9.855055977253538435e-01
9.157770093517958454e-01
1.094703353464867579e+00
9.671497404035365175e-01
1.066114478176995561e+00
9.096842633504246267e-01
1.159782040825532379e+00
1.017310372567084897e+00
1.093528653968320885e+00
9.049160545711827375e-01
1.170614490718377532e+00
1.117166808290777524e+00
1.391679997879799791e+00
1.109084821097136242e+00
1.426020949533484128e+00
1.216309890390357085e+00
1.615480453651456205e+00
1.083165158080397372e+00
1.557868737664134695e+00
3.621891587359244135e-09
1.818541043526566554e-10
-3.223255019480363722e-07
3.435772918742983515e-05
5.312231300894074693e-01
1.925686849616653528e-04
1.894111760595959450e-04
1.855445850360134467e-04
1.902253886791761134e-04
1.856139342374846278e-04
1.995898068370521286e-04
2.036060813110677711e-04
1.850250455376601343e-04
1.879062368885748094e-04
1.824370323602527441e-04
1.894818234751796172e-04
1.871470265719276304e-04
1.935957644080171011e-04
1.877387733801549039e-04
1.990887789229389411e-04
1.802557099695735162e-04
2.021770117676529319e-04
1.728429492468904925e-04
2.836990899655136584e-04
3.469345374673452834e-04
2.801658848055577859e-04
4.238651135639838951e-04
5.257097378329012938e-04
4.143933776884059289e-04
2.708116548508857362e-04
2.050298483205063079e-04
1.872212298193309127e-04
1.976424547010945283e-04
1.889888010760589084e-04
5.191468992066460258e-06
4.513588507375745718e-06
-2.023044976225126574e-06
5.933171213356811652e-06
-5.906197464112658346e-06
3.677432408941545276e-06
-3.422867562936532719e-06
1.121078120212592551e-06
4.006635173623609693e-06
-2.184903028504447516e-06
1.170672908158231314e-06
2.874969058528840884e-07
5.019330161893608398e-05
-6.623745653074298458e-06
4.363668181267296411e-06
7.760426715288321422e-06
5.784327862633465930e-05
-2.218342795332329907e-05
1.109043022626012541e-05
-1.057893810541413823e-05
1.032513812543928882e-05
3.030911635747123745e-06
3.980381913171839661e-07
4.425388970725250388e-06
-1.057719099977460124e-06
6.492301314450425840e-06
2.468802607595804893e-06
2.113409229049686402e-06
2.394299023957868951e-06
3.898928267172309583e-06
2.876036806074625268e-06
1.030625065436013453e-05
-1.666283189191451406e-06
-5.039819213103335198e-07
-8.464799552326643755e-06
4.661485939815957948e-06
-4.258817200471551205e-06
-8.478090895503173028e-06
-2.129769405311292448e-06
-5.691739114433895459e-06
-3.662906568310594500e-05
4.394947284033005029e-05
-2.586208675736123778e-05
1.827531896599261614e-05
-5.121189779781473093e-06
2.806340818345796979e-05
2.801257778084713498e-05
-5.987467306299409508e-05
1.652737405155720404e-05
-1.197792557213185267e-06
-9.726968385424993049e-06
3.877808854422398065e-06
2.834372033887370778e-06
-6.343561300449520529e-07
2.827475196371391603e-06
-1.533470543784808415e-06
-2.165695370903044917e-06
-6.786497539521941088e-07
4.254429871012720657e-06
4.897437835142706450e-06
1.316580428226519022e-06
-5.212797955991842949e-07
-1.458397879115977358e-06
3.874923563322852093e-07
8.168123451878896454e-07
4.013196872624652546e-06
-1.601546203447376791e-06
3.115226170142043303e-06
7.879570368148960054e-06
1.143493940370072694e-06
-6.889167801995826590e-06
-6.848670548307366721e-06
-7.447145659211720922e-06
4.120397929832954388e-06
6.570751599377410904e-07
-5.938108477906995356e-06
-2.964786598722430862e-06
0.000000000000000000e+00
-8.125858819320724158e-06
1.307812070729786806e-06
0.000000000000000000e+00
1.328227673996319069e-06
2.134051460716871224e-06
0.000000000000000000e+00
1.401407778796017834e-08
