6.938970918294868895e-01
1.010123638026891868e+00
7.261807745455834961e-01
9.128194824624957793e-01
6.260553831018697002e-01
7.173355535758900725e-01
9.268935759151067377e-03
9.304609559535752528e-01
1.029671715142811639e+00
9.802744822351582288e-01
1.507168115957788324e+00
9.953249961846515337e-01
1.003807569573169189e+00
-2.895665945229858873e-01
1.454941067169396973e+00
7.143138642592697929e-01
1.515720035520807807e+00
6.598310651486967160e-01
8.094891633398541009e-01
1.511781721310536675e+00
1.545861175667048393e+00
6.471324883371403214e-01
4.806254691573698778e+00
1.178889027149133684e+00
1.376431559352425449e+00
9.845265199999339023e-01
1.153706973411913195e+00
3.871789120475783275e+00
1.448201949020704316e+00
1.055439141290259730e+00
1.171393074174940807e+01
1.790767844380986906e+00
2.235294722720951199e+00
1.925916845602605676e+00
2.396665976558854716e+00
1.050196139270207674e+01
2.573262614734785014e+00
2.225074624244428811e+00
4.116344301041571021e-19
2.023486149967793300e-20
1.194023738060612756e-13
-5.669680926460340733e-10
4.510759361093897302e-01
2.611879851863311426e-09
2.594509808990982909e-09
2.632398795506614869e-09
2.623393219950798313e-09
2.652784479173144589e-09
2.651104177435473836e-09
2.695057603839137602e-09
2.625560151013410634e-09
2.612233828171061568e-09
2.620482384361659559e-09
2.594864912679367071e-09
2.663365526937387582e-09
2.641044358552819597e-09
2.608420267361272895e-09
2.629327145987413828e-09
2.621754346812773538e-09
2.665227987465231828e-09
2.639807903906743385e-09
2.667807341454597369e-09
2.631871538765217627e-09
2.642564799495046253e-09
2.645740369300541657e-09
2.608990051951867195e-09
2.624265078197133054e-09
2.625012648239589498e-09
2.614240366844903245e-09
2.615180848189903332e-09
2.650062632279920884e-09
2.606012191243958268e-09
-3.165695228300545682e-11
-3.492598122000862263e-11
-1.860185189186033783e-11
-1.056516328508525670e-11
7.138311544022731693e-11
2.388778535952440040e-11
-4.828205237109793055e-11
-3.353309586032782310e-11
4.748478197034886588e-11
8.520163066667297221e-11
4.932259762551377622e-11
-1.830336744760118060e-11
-6.868026257329405256e-11
-1.923064818789481962e-11
2.136582209560952719e-11
-1.746187559982089984e-11
6.286361786008675292e-11
4.438401463034351190e-12
2.218237919240373364e-11
-2.173736649319062567e-11
-4.745751659406233396e-11
3.447034758218948174e-11
1.744534438223046668e-11
1.895964666574579613e-11
3.191590708434664473e-11
-3.593904086619042026e-11
3.793316935133233032e-11
8.845180500330560806e-12
4.434495304295963329e-11
4.641281996882497528e-11
-1.762762472815228461e-11
-2.986233880769045999e-11
3.142796303212074335e-11
-3.354073022140684892e-11
-7.561621047984521411e-11
-3.463018651424674039e-11
-5.667947749487809492e-11
4.935820511297763579e-11
-8.578791112024856185e-11
2.117111218881959289e-11
-1.065094523868033896e-10
-4.282291158769734381e-11
3.896152154406791448e-11
1.905335002479001791e-11
-2.389327572646395550e-11
-9.637896583246131216e-12
3.437572081763655060e-11
-4.007082475648440111e-11
-2.152241453773782934e-11
-2.759053313317608759e-11
2.739096719530821012e-11
1.841601491754717257e-11
-4.654587517184805697e-12
-2.350064511946300126e-11
-2.722717726015473732e-11
-1.690015490448792338e-11
6.087677104278523973e-12
2.894347337962004766e-11
3.336989878958397929e-12
1.464221758583210662e-11
-4.347430331514524297e-11
4.635331254829505270e-11
-3.714821601632062238e-11
-1.834418448267223352e-11
-2.863152682107133866e-11
-1.386691229183327251e-11
1.187492934927016881e-11
4.644069444985362966e-11
-2.923514002118786280e-11
2.975447601851857661e-11
-6.676586163873193866e-11
-1.739931207689997943e-11
-8.846789984485318551e-12
1.035423778180472534e-10
1.702220218885894461e-11
-3.014156801603486955e-11
4.424270558016465975e-11
0.000000000000000000e+00
-1.764824366274339025e-11
2.326084542310405839e-11
0.000000000000000000e+00
4.205015928129293343e-11
8.125144382986746632e-13
0.000000000000000000e+00
5.932918424320186407e-11
