9.356872660871171643e-01
1.055779407820399696e+00
9.359769878775425767e-01
9.245576955110758055e-01
9.028004731211509704e-01
9.210348475037750671e-01
7.146352935582059862e-01
9.666747253416810848e-01
1.045621467166490959e+00
9.351855550681893448e-01
1.317249327860983144e+00
8.896314968314925631e-01
9.123310449284826040e-01
5.018307520718994219e-01
1.134850788019930778e+00
8.812006067417688104e-01
1.163546929398373564e+00
8.597350549221828286e-01
1.006403145770402352e+00
9.937174124706737999e-01
1.143105681411961116e+00
8.748097776479086818e-01
1.125683578737135981e+00
9.036568763372962998e-01
1.137540349919869742e+00
8.819173932845585373e-01
1.012971150531003728e+00
9.906941615628210851e-01
1.155628959250714516e+00
8.774402845761086756e-01
1.385544552094869708e+00
1.198217321216984654e+00
1.283156880924514631e+00
1.016496022519513653e+00
1.164632401862209399e+00
1.137853858722117639e+00
1.355409622870999531e+00
1.033794924252797731e+00
4.257674069539384451e-09
1.522590894738732489e-10
-4.632506038939787286e-07
6.524758385817042291e-05
4.748861544962809100e-01
1.859453174808673565e-04
1.841267007099557217e-04
1.770943967416732960e-04
1.836295214683257820e-04
1.653839719562798499e-04
1.999530553227988608e-04
2.065613879072784181e-04
1.976870074099447753e-04
1.967914501155594966e-04
1.798527995259782317e-04
1.845037338336894309e-04
1.847172273368767950e-04
1.850202537075620532e-04
1.912436071868937393e-04
1.860484990872562417e-04
1.827473305156509305e-04
1.859982207768903577e-04
1.727594681138644884e-04
2.015396920032682011e-04
4.415802014445212851e-04
4.603113531253287603e-04
2.425020081090825685e-04
2.094020533283007311e-04
1.921118289611477357e-04
1.889806585238246054e-04
1.768565774057816371e-04
1.847894878500966733e-04
1.810617738241716715e-04
1.790687282938308424e-04
-7.038455549238581272e-06
9.538464300159879073e-06
-3.302381521125274605e-06
3.221468771269935738e-06
-1.184107826125404321e-06
-7.083572849363865779e-07
-3.113502707411602637e-06
-8.661418764073391250e-07
1.247719299527274784e-06
-1.007842671663779068e-06
-2.468751370539084346e-06
-4.419885269509859258e-06
4.199850892426790643e-06
1.382502489400014450e-05
2.850381696562119806e-06
2.269900411739568494e-05
-2.143947500515059246e-05
4.277472885997376977e-06
-6.334720316351900788e-06
5.908407255352954182e-06
-5.961339309470947961e-06
2.556541084436900398e-06
9.237214265680434081e-06
3.251971175983113975e-06
2.995809523886112612e-06
2.265753660725922917e-06
6.892236552773762354e-06
-4.263450308042357236e-06
-2.145830148873937625e-06
-1.988335901485172620e-06
8.429196801357125028e-07
1.355507828132239421e-06
3.741622177820601256e-07
4.375362169956295067e-06
-2.710551385283927644e-06
-5.693110873453250420e-06
-1.399745085085285083e-07
-5.752456092498128588e-07
4.559670636176774443e-06
-4.797028256666586119e-06
4.236425597236006461e-06
-5.070894945394115747e-06
-2.357501205386115469e-05
1.680172274982111950e-05
-2.208121315543172167e-06
1.055683844919907255e-05
-1.124227396522829256e-05
-3.017011332076442291e-06
4.506375884466102684e-06
1.564900134889816052e-06
2.843633784370797059e-06
4.311537597990705873e-06
5.221963108150210011e-06
-2.761806233308816804e-06
-2.122812854587954439e-06
3.420308510153563527e-08
6.901688957929231557e-06
-6.078669210487148806e-06
2.625679648285492863e-06
1.400537744164537939e-06
-1.996507919947371091e-06
-4.326275906920861223e-06
-2.508435456006274464e-07
-1.305104212081923583e-06
1.434605523878643388e-06
-2.614803169909637043e-06
3.388155810532562669e-06
2.816569533183013090e-06
3.766128787248382839e-06
-2.806618637255695954e-07
-1.724442143212006464e-06
4.660218123197758969e-06
-1.988451849778648409e-06
-1.001135838808051029e-06
-1.466218154332076974e-06
-7.061575043508299461e-07
8.634105694225826353e-06
0.000000000000000000e+00
-1.809721725481339117e-06
2.890289736166971500e-06
0.000000000000000000e+00
1.327200967347353481e-07
2.483142926043091596e-06
0.000000000000000000e+00
7.132822305212123353e-07
