9.677392673117635180e-01
1.021812931134290281e+00
9.181286549707602385e-01
1.487833002745770017e+00
8.804796872140985275e-01
9.114392963346712451e-01
9.879648860346474937e-01
9.306638156622653035e-01
9.230476185436657033e+03
9.244655921499354001e-01
1.138451973123903153e+05
9.086136961264289491e-01
9.175895902708666174e-01
4.415780393677187931e+03
1.104661965015822922e+00
9.055451158969975989e-01
1.159200691147670437e+00
8.627795715735659954e-01
1.049635008671682357e+00
9.527221942254311404e-01
1.171398650319542156e+00
8.537968003339261314e-01
9.399994208159063419e+03
8.598975662218181215e-01
9.111810199436629773e+03
8.138955019690623516e-01
1.089559228276726355e+00
1.005468306752306695e+00
9.780362017163282871e+03
7.874413734376756180e-01
6.579211504609879921e+04
1.397364207699723249e+00
5.149565015495203988e+04
1.134265037683679589e+00
1.620693088802708237e+00
1.437406953048801395e+00
5.500114721877181728e+04
1.093283996429750937e+00
4.140595698707496198e-09
1.571128030420069038e-10
-8.358203304085944087e-08
6.091546149805583015e-05
5.164866598462274361e-01
1.808760114998913789e-04
1.762177777873549182e-04
1.780235178705900521e-04
1.780309014824773455e-04
1.732467817221297103e-04
1.890580033127969004e-04
1.809031396687539378e-04
1.843182951769546489e-04
1.852957476200528682e-04
1.804890462410860329e-04
1.815426860595531662e-04
1.798400303795456802e-04
1.820797193470417071e-04
1.765562469334523319e-04
1.872881534023223930e-04
1.864869307170288130e-04
1.804100650861287496e-04
1.935666776918478122e-04
1.861193137475522421e-04
1.960571327204011264e-04
4.830356313231112331e-04
5.462989942485937944e-04
3.595287727365442578e-04
2.642280675979883286e-04
1.999920995133509750e-04
1.855037666943048342e-04
1.800106449810384463e-04
1.776554456184561222e-04
1.806913939141309368e-04
4.007306559584961291e-06
-5.028499922996780899e-07
6.940476939375376172e-07
8.892504372399716718e-06
-2.206040720728577127e-06
-4.210300777121494926e-06
-4.466825429483942400e-07
-2.911769735899868981e-06
-6.454966220532409226e-08
1.488656438969853982e-06
2.401200726568813403e-06
-2.808120855969786874e-06
8.896791016633360112e-06
-6.685714182103109519e-06
-2.202390602005607737e-05
-3.853034785639060603e-06
1.204590893206366412e-04
-8.314387540890878759e-05
3.193217210809071031e-05
-1.056308858803741538e-05
5.799544400260384952e-06
6.505879931685824560e-07
1.488132281313866585e-05
6.774355962886602955e-06
-4.281426096282227993e-06
1.743422829537817239e-06
-1.173709831036064402e-06
5.126352819460318160e-06
-2.949529957827571119e-07
3.844635863358047361e-06
-3.070128485036111066e-06
6.999932724330360858e-07
3.373416367031332958e-06
-2.196857488896440842e-06
1.421924834837547213e-06
6.802261956139776669e-07
4.949919416402023809e-06
-2.805944554580925841e-06
4.581112880056494758e-06
4.865856412623186211e-07
-5.531951156973753303e-06
-1.509052629371381898e-06
-2.067915755622272130e-06
1.493376650760915540e-05
-4.177474739865466775e-05
1.572375278802404003e-05
2.588283634051308669e-05
-4.406270793226283215e-05
2.617767052843870200e-05
-8.265659946461925695e-06
5.452715737558156728e-06
5.602370720974510999e-07
7.894717565542672903e-06
2.446899797915711045e-06
-2.419321666537229690e-06
-3.679481496095886661e-07
3.701021745891048393e-06
-3.713773410621419075e-07
-3.906544546202502086e-06
-3.141799213522143865e-06
1.413230286234811762e-06
1.813976691432095814e-06
3.895129378592686145e-07
-5.201188520813443148e-06
-1.463475078060554450e-06
-2.848990131643448626e-07
1.227950410671772552e-06
-3.179204228752083596e-07
-3.593160281255972492e-06
-7.677083298010281629e-07
9.878997467128631279e-06
-3.894309898530897636e-06
3.728104712558309993e-06
4.945664184654645110e-06
-6.177205816128987705e-06
2.946461069913425714e-06
6.062858288723972929e-06
0.000000000000000000e+00
-4.380238296650995654e-06
3.783003795521172949e-06
0.000000000000000000e+00
3.283587211900392295e-06
1.346945971330911391e-06
0.000000000000000000e+00
3.990056734294366495e-07
