6.894338012094817225e-01
1.185183917888373184e+00
3.725490196078432015e-01
9.285447439980532014e-01
2.884106095961603833e-01
2.918420010783442931e-01
-2.476889014913932485e-01
6.884246075830825484e-01
1.185814448194785653e+00
4.014593225417551481e-01
7.812531630734164123e-01
3.152824465558388134e-01
3.244584998849425750e-01
-9.665908626085291111e-01
1.876348336487873469e+00
5.387702703089466416e-01
3.258264334353633274e+00
3.140646288675424946e-01
1.782793108865309950e+00
5.609231941237020624e-01
4.111440674930127770e+00
2.432237454130344312e-01
2.041674227282051834e+00
5.182416799719062883e-01
3.188252158375734169e+00
3.488501404896204861e-01
1.749978783074400468e+00
5.886262975761864524e-01
3.940264014595205921e+00
2.844189300126293563e-01
2.280531720169499454e+00
6.724141636700877722e-01
3.960108412237626663e+00
4.382634513606191717e-01
1.831374660632464346e+00
7.319155518488836831e-01
4.930792152662058392e+00
3.533626837450844493e-01
3.552697721630495123e-09
1.572647630116679494e-10
1.430421813309744840e-07
5.873234054101295672e-05
1.860664956966489592e-01
1.472926117334361627e-04
1.398802636676318859e-04
1.321951429183993820e-04
1.460715022955580433e-04
1.152930580379603787e-04
1.931158795547133471e-04
2.586913982241527302e-04
2.003619383622349485e-04
2.089730429138227704e-04
1.876220831913941222e-04
2.878464409649598272e-04
6.058644078177595005e-04
3.696165296684356507e-04
2.079027158294739460e-04
1.937257266877174394e-04
1.884438789172069705e-04
1.928406220779845599e-04
1.816299377563827377e-04
1.858599437838308690e-04
2.241580366959239866e-04
3.709377658320275168e-04
2.794994387437587735e-04
2.175390566845568883e-04
1.862973507069753780e-04
1.951410483335794558e-04
1.923010420208592594e-04
1.913333896912869630e-04
1.905422755014605184e-04
1.828685803134175571e-04
-5.024502365467529923e-06
2.049940472081527678e-06
-7.592887195755461063e-06
4.295340331994606161e-07
-2.967761486657195791e-05
-7.994150663560318980e-06
3.318638295080205444e-05
-3.099957006132551579e-05
6.303872388091908270e-06
6.948263253597493266e-06
-1.121314852152741479e-06
1.119061466503894594e-05
6.392635213113982835e-06
7.323452011620738716e-06
-1.969905166830728704e-06
1.093888913348105697e-05
-6.533353297793791298e-06
-1.763045963264642390e-06
-1.790956122589587612e-06
-5.844082597473174582e-06
-6.181739081182487564e-06
3.134436049011137440e-06
2.992678551655486916e-05
-4.816129474645429277e-06
5.903237902723909223e-06
-8.498522290039412652e-06
-1.382590639304819940e-05
1.598622088099202029e-05
-2.254099018375534705e-05
-1.298265515021469358e-05
4.576909290446008367e-06
-8.999203038244364312e-06
-5.558712295723029710e-07
2.698239444862438989e-06
-1.506721381777808189e-06
-1.323896982697281970e-06
-3.604065684601392512e-06
7.417561231402865395e-06
-1.159324587337149392e-06
-5.963266765079956283e-06
-5.385162318739155273e-06
-4.601301250733512298e-06
-1.022564899020556306e-05
-1.592951608798813691e-05
9.621656514182700076e-06
-1.524549892834039491e-05
-1.157656459701089671e-06
3.957928141647872795e-06
-7.343054325240898987e-07
-1.187773589509046152e-06
7.774280374042395273e-06
-1.749373763309522507e-08
1.607146127565094865e-05
-3.580795810933974451e-06
-6.230750948036189975e-07
1.630504507023535570e-05
-1.282747768251685330e-06
6.950668704466321475e-06
-8.268688069132531802e-06
2.923389524162916141e-06
-3.472995956409280157e-06
-2.187178894203973884e-06
-1.393359495101157120e-06
-1.194822587116788759e-07
-1.044088389520068919e-07
-2.097192329546414633e-07
-5.167542117718911662e-07
-3.337813710652518197e-06
-1.470696839097360325e-06
1.651645100560916662e-07
2.037516930836906858e-06
-1.162160985394676419e-05
2.083712415752215908e-07
-3.899455799612457297e-07
-3.161427073131750235e-06
-4.021590058660699992e-07
1.475509877641564774e-05
0.000000000000000000e+00
2.917415083835331172e-06
1.411984122041199505e-05
0.000000000000000000e+00
-4.120398202928585716e-06
2.938283115270823268e-06
0.000000000000000000e+00
2.426847012916434661e-06
