9.035449856386013057e-01
1.016799523609936973e+00
7.874916988944880014e-01
1.007868332258399224e+00
7.745274074216098592e-01
7.586417229908644089e-01
4.684407308672636217e-01
9.681244729332177945e-01
1.025636762073484975e+00
9.220724126023518430e-01
2.179129855926929427e+00
8.976620814561446782e-01
8.989747454988743502e-01
4.887395718771316844e-01
1.122316833173937933e+00
8.910206492275755119e-01
1.280311105270305339e+00
7.810681673348969234e-01
1.152621908399905415e+00
8.676603772247599711e-01
1.332644027535741627e+00
7.506968872966529593e-01
1.069634618895739298e+00
9.630023558540510287e-01
1.262358157454631202e+00
8.977958724608049446e-01
1.198215418279774402e+00
9.327968323701690823e-01
1.307040003291408015e+00
8.966900471432457387e-01
1.320571671158055960e+00
1.221586147672103717e+00
1.744564961644981871e+00
1.739875539563740414e+00
1.663057276517819982e+00
1.699531715187849068e+00
1.781655379159279740e+00
1.879937972505973054e+00
2.202988021968554127e-09
1.362290493095521474e-10
-8.390779170061828119e-13
4.321689283169995784e-05
4.393789595925112756e-01
1.723899550045091813e-04
1.745168256721094536e-04
1.752264609823800411e-04
1.758257299386543383e-04
1.696539455903381508e-04
1.795042713337810264e-04
1.770228928184022310e-04
1.793423221178600869e-04
1.803635854104721674e-04
1.817485102882204469e-04
1.752811035213227035e-04
1.810415324568454367e-04
1.749378119220090723e-04
1.736357324013976136e-04
1.802065829415589045e-04
1.721658588854428585e-04
1.978297983437267990e-04
2.625784712809813275e-04
2.861591006889660851e-04
2.399826363192090963e-04
2.709670698427523458e-04
2.861944839474036672e-04
2.691528600853414221e-04
2.315942569970943468e-04
2.018473334601043987e-04
1.883539741040547873e-04
1.806082423573742303e-04
1.755220852682569778e-04
1.752235347918265043e-04
1.265762451571800467e-06
-7.939688609034538672e-07
2.265408785338893112e-07
-2.396575243602625229e-07
-1.155506108111539752e-06
1.570292466242116758e-06
-1.522367707837668667e-07
-1.391480674061146064e-07
3.556366250720848038e-06
-4.223571886554275262e-11
2.552829474843943733e-06
-4.142098857470172844e-06
-9.701859986662322727e-06
4.123906624265183056e-06
4.895911885751087639e-06
3.693197981219461157e-05
-1.083254885379465679e-05
-3.333928264916407826e-11
-3.464606012034377717e-06
6.071533392238946534e-06
-8.754415200701638328e-07
3.403706659295848101e-06
5.436870328554922972e-06
-2.822795480948731548e-06
-2.784272056597862738e-08
-3.320140334484852429e-06
7.062667613600739578e-07
-2.565766656192480423e-11
7.187983578559700713e-07
1.120666179022337740e-07
-2.377716341162255091e-06
3.129358670343745297e-06
-3.635353052782773122e-06
4.224718409673628197e-07
-1.132473878051723234e-07
-4.370269656771043444e-06
-2.570450485498230766e-06
-6.749390588999440721e-06
-5.515774883129614923e-06
3.332542934118694685e-06
-1.946569862816509554e-06
1.057555323433655117e-05
8.261020900517526313e-07
1.345553310546011114e-06
9.179982094487044623e-06
-2.850338698558143246e-05
4.711208390994411639e-06
-8.509176426556447890e-08
-8.251557936043920984e-06
1.141817456950070084e-06
4.450570089626750884e-11
-2.663353549901913634e-06
-1.138373278914836747e-10
-1.940971371111666622e-06
1.276807162933102240e-10
8.910520165305208313e-08
2.040660334672642327e-08
-5.228580118615202031e-06
1.494956916833827348e-11
-1.427190149200028546e-06
3.801780229206893651e-06
1.262136748901881143e-07
2.484352287096394592e-06
1.877095593823573729e-06
-6.809951366828302715e-07
-2.023239474309254483e-06
-1.018726711686231257e-06
1.870422340720322543e-07
1.707671435735705298e-06
5.725806491843259654e-06
-3.588797104277296066e-06
-1.387491057110935814e-06
3.897104631067624669e-07
4.982039733135523511e-06
1.484323383401837866e-06
-9.649929383691239129e-07
7.228622730696509259e-07
0.000000000000000000e+00
2.334040181056659216e-11
-2.303300236316275373e-06
0.000000000000000000e+00
4.387829077815514498e-07
2.612634009361421124e-06
0.000000000000000000e+00
2.517650254088977228e-06
