9.322796464293825469e-01
1.015940253878734101e+00
7.401129943502824382e-01
1.118967464621132057e+00
7.177437237965448302e-01
7.111056555408936664e-01
1.423192277433724118e-01
9.828053064182378229e-01
1.061642559059519320e+00
7.546404321997541853e-01
2.146638787003598559e+00
7.491111622977435491e-01
7.193855487062754683e-01
-2.827759533697623562e-01
1.092501784153534716e+00
9.153686373237172047e-01
1.415678166688448814e+00
7.063931123468927264e-01
1.276908861776544057e+00
7.832736444812031795e-01
1.476825745308365079e+00
6.771785766743785295e-01
1.112179103068533070e+00
9.701891327319465130e-01
1.416005178301656509e+00
7.162746646445536935e-01
1.407503809536862383e+00
7.971690776626404462e-01
1.459294882895592727e+00
6.982349560889302698e-01
1.367058734179059876e+00
1.243864310334660495e+00
1.753123720026477539e+00
9.090784662192590293e-01
2.199540308319851256e+00
8.943620504251835746e-01
1.851452937715317493e+00
8.581607617958224576e-01
2.853562577565581125e-09
1.652748580921870963e-10
-1.656144486781727474e-07
3.737337590777290938e-05
4.403709123298129580e-01
1.855787515735625990e-04
1.799493831897269324e-04
1.792296171371564155e-04
1.885807198641493423e-04
1.681918091981966388e-04
2.075956565140218914e-04
2.128521058006415507e-04
2.047300400407859808e-04
2.019434727125960101e-04
1.851667479373812276e-04
1.863801858471170073e-04
1.862599613969820778e-04
1.906964030409654212e-04
1.946034708166263609e-04
1.935207997025587619e-04
1.761604492814670313e-04
1.952480808485963434e-04
2.300513684158811596e-04
4.278271257678255518e-04
3.368244252452393030e-04
2.447101590667822950e-04
2.424069898292724706e-04
3.061065480465903683e-04
3.036369026929553556e-04
2.686633192300738387e-04
2.172908507538694265e-04
1.952871335148134518e-04
1.920011934768521002e-04
1.873433474156038520e-04
-3.782584672493673130e-06
-4.315357187443272700e-06
8.180130719099504158e-09
2.695642383528071764e-07
-3.378919821578455492e-06
1.124059147506664719e-06
1.848047818767169130e-06
-1.155111145938859203e-06
6.707435085125008344e-07
-1.150941855642612306e-06
-2.433568811991380835e-06
-2.035401791366329492e-05
2.179796297524976077e-05
4.745043010884472066e-06
-1.769062343565265547e-06
6.406425175284615492e-06
-2.452995658011290973e-05
-7.051827560521231604e-11
1.026752452541993255e-07
-3.300571882516518645e-06
1.174553280545313332e-06
7.666519840782333360e-07
9.976935176496036734e-06
-2.920521195913852990e-06
6.896593784390705348e-11
-9.523624095087826114e-07
2.098703189867967201e-07
-7.741168819984016138e-07
1.834393500790455058e-06
-6.052339369862000481e-08
-7.140479375130231588e-08
2.249330629334759111e-06
-3.794996115810468729e-06
1.059941376264457519e-07
4.509139590222969979e-06
7.500752381824877308e-07
1.226888511251377351e-06
-5.624884445917830857e-07
7.650089219779957037e-06
-3.924506221587944929e-05
2.554819696550143115e-05
-1.504217842790765800e-05
6.650850193580417667e-06
-2.661223154176385674e-06
4.693584500862762922e-07
7.017599348335921531e-07
6.133013420451898598e-07
5.057247675475836728e-06
-1.155648587990085717e-05
9.403837889347160030e-06
-1.231087929261789275e-05
7.771138273250563190e-07
-1.286909731996809923e-06
-3.041998327005005986e-08
5.172386177875276690e-08
6.920376578793065098e-08
2.443085525335042679e-07
-5.110997404200412409e-06
-6.708058203988835251e-08
-1.965319978217239279e-06
-1.671182207210367328e-06
-3.412542499275397565e-06
-1.976012631912803771e-06
-1.388798735514269607e-06
2.945165795315683139e-06
2.095639954436301359e-06
8.801052212905422927e-07
-3.187369063713766159e-06
-7.793582628106916199e-06
4.920082894357761846e-06
-1.446886584500930482e-05
1.254004404969700332e-06
4.762174778718349902e-07
-4.811615436732542789e-07
2.290449622192089633e-06
-9.039115114385726704e-08
3.663456353638734961e-06
0.000000000000000000e+00
-2.338089725306998200e-06
6.215702390362781710e-06
0.000000000000000000e+00
-1.955922559392495559e-06
9.400365181565605016e-06
0.000000000000000000e+00
1.158118202005545246e-06
