1.089468899174682370e+00
9.050929793833767389e-01
8.639562979304549195e-01
8.164232931463861753e-01
7.937145560827880697e-01
8.741537067107154613e-01
9.359114656162390578e-01
1.092547009179474449e+00
9.445707647838372800e-01
9.113106115807854124e-01
1.860801799922188415e+00
8.979312839987823036e-01
8.868221092654291482e-01
7.891816592483484882e-01
8.563869612783743257e-01
1.167706563843481593e+00
1.063276907352546097e+00
9.410234506209873562e-01
1.257599677118425019e+00
7.952380065130398856e-01
1.083608667993490204e+00
9.229031526034794375e-01
8.617116275461922381e-01
1.188630704120908543e+00
1.114555038445824042e+00
9.444922105574116156e-01
1.285555941619038745e+00
8.077070056232145134e-01
1.147461266594538731e+00
9.178251117117378621e-01
1.047957132554147464e+00
1.401843196127865454e+00
1.412148628939140504e+00
1.428388403800046724e+00
1.402954334539844083e+00
1.152680299554164733e+00
1.444521722978470146e+00
1.397579407197942825e+00
2.322829470332714633e-09
1.273745482005988049e-10
-2.475159590265056076e-07
-2.117706433643125357e-05
4.951804973486742534e-01
1.862422504610577740e-04
1.919614485760617537e-04
1.852701756613267590e-04
1.868444338835462809e-04
1.849901364584640513e-04
1.802908118895110755e-04
1.879374090963422783e-04
1.885612276573493651e-04
1.843907378656668022e-04
1.856286170214064266e-04
1.854002493079139470e-04
1.856908960297297623e-04
1.874231252016316256e-04
1.857376761972110454e-04
1.844061113475588547e-04
1.859254227743008985e-04
1.860017574300711204e-04
1.741351173361582988e-04
2.221167609482250713e-04
2.684646572764452354e-04
2.191216202447449871e-04
3.089146462485240180e-04
2.284186503083693635e-04
1.907584569671450783e-04
1.926274920386169469e-04
1.884811790928621225e-04
1.888011984258859623e-04
1.866744244277069101e-04
1.874117971242775672e-04
-4.700810726168589313e-06
4.450252730503055653e-07
-6.551302470227096441e-06
-3.696161324119826538e-06
-1.364763403692378028e-06
-5.705036833337378627e-07
3.332718111913321353e-06
3.619181065135429065e-07
3.594132883359509780e-07
-4.348996198425559694e-06
6.246525381272736871e-06
2.408023779021133084e-06
1.288055091177086043e-06
-1.274144028276836212e-05
2.804639967616525336e-05
7.120313038658686178e-06
-1.262018924604263546e-05
-1.059662419197582821e-05
5.591061029919182061e-06
-6.555643947066965401e-06
9.483226115161782312e-07
3.783121389240096379e-06
2.344756833742188466e-06
-1.919469730780442282e-06
2.263498641625090469e-06
6.004512437914914986e-06
-3.301565183514068835e-06
-2.493134000799405121e-06
-3.344252574755942619e-06
-2.445667348673680743e-06
1.193005151513244367e-06
1.630660683278334293e-06
2.920787894028380237e-06
-1.346881806956284568e-06
2.337480576447363749e-06
5.287452398852546389e-06
-3.245771732116809089e-06
-2.971499741390965063e-06
-2.648320745563321686e-06
6.763362216163575892e-07
3.074898679692271516e-06
1.302086361002536276e-05
-7.299861126017190529e-06
2.953807224442195608e-06
-9.281028009044195654e-06
8.080379060185175189e-07
-2.478545633080036047e-05
9.497512075955895301e-06
-3.947523578087753972e-06
-4.524218501033689741e-08
-2.397431815243063742e-06
1.798116628025857753e-06
1.324346847865277581e-06
1.999477655998529897e-06
-6.642087634904040741e-07
-1.809024357951015676e-06
4.363030005241705813e-06
-3.248656872584189475e-06
-5.595600400784833220e-07
-3.074383753585556828e-06
-1.021776077190318819e-06
-2.090142536931956300e-06
1.852247952138266814e-06
-2.009299103754889105e-06
1.751824899887353525e-06
-2.629592555089882882e-06
-3.067896386808161873e-06
3.469235349983633075e-06
-2.403843081555830713e-06
-6.801917632846229169e-07
1.459232186681353739e-06
2.135109747291665202e-06
-2.810167093663661074e-06
3.381268765306551615e-06
9.314501453394310364e-06
1.835182751603817203e-06
-2.214349632314493660e-07
0.000000000000000000e+00
-2.280846307714618606e-07
2.640643689906250028e-06
0.000000000000000000e+00
2.637502503436795012e-06
-1.906877550355018288e-08
0.000000000000000000e+00
-3.920447500667957179e-06
