4.747119883868337609e-01
1.025380167218582494e+00
3.273925521737589550e-01
8.974363165581866753e-01
2.384259107869325933e-01
2.475610250862645134e-01
9.644130045181216193e-01
4.735305660740073419e-01
1.001533363887537220e+00
3.287153503643599484e-01
1.601446495447697682e+00
2.506011290021139537e-01
2.536213131614884486e-01
1.150820866901766770e+00
2.126484311607216515e+00
4.822359218403069470e-01
3.081569378937692782e+00
3.247870099084639306e-01
1.483335248085923208e+00
6.893531696267396480e-01
3.970256046867335797e+00
2.518899783092801714e-01
2.055778875824968654e+00
5.272769979527474060e-01
3.025610846823241218e+00
3.356760836644616663e-01
1.447649236297208208e+00
9.122731378867361407e-01
3.982891297822759302e+00
2.546235359090763262e-01
2.881094129710505047e+00
6.786219948297028681e-01
3.476955773304806208e+00
4.053009249157884519e-01
2.121469566092581083e+00
1.292715847773519666e+00
4.724884846854838116e+00
3.081841479143301310e-01
2.907286711263674126e-09
1.478094322086319462e-10
-6.384681978679531225e-07
-5.063969071992781507e-05
4.552199111714311242e-01
1.403359578469810429e-04
1.309985847534996450e-04
1.313354795293510439e-04
1.462388886569760001e-04
1.239427485367452153e-04
1.751750465315735322e-04
2.046309159476557998e-04
1.977124710979990510e-04
2.158118949965127714e-04
2.312491677261834953e-04
3.252172264189413082e-04
4.032166216625866122e-04
2.947279165629907056e-04
2.113269590689983068e-04
1.843296680577000916e-04
1.757864019769321692e-04
1.895444867425264790e-04
1.851343456486112884e-04
1.838395376076057170e-04
1.799218551052481530e-04
1.785845339042588264e-04
2.643742971773898470e-04
4.215975685219024160e-04
3.427085084256434907e-04
2.249511990690777181e-04
2.004118342571236994e-04
1.817273830653113405e-04
1.887438226641139196e-04
1.665450901376105497e-04
-5.889266594199184284e-06
6.420321644562387018e-06
2.295340276907011198e-06
5.356239667493726678e-06
-2.973667084587816421e-05
-3.031601561629257348e-05
4.355237042492052007e-05
-2.947078866023394194e-05
8.360117628395262636e-06
-4.781818313153592850e-06
-4.246848671066671437e-06
2.292962159226531719e-06
-3.322907805489847014e-06
-8.751993176407748784e-07
5.727974842518996622e-06
3.748715085565443387e-06
1.176431817491717218e-06
3.246440786843716444e-05
-1.254388302991713301e-05
7.109095858591029364e-06
4.235244414629052495e-06
6.232015262222586171e-06
1.786844330255518568e-05
-2.784271157085443229e-06
2.849247372699421438e-06
5.967707611455430375e-06
7.860752251054791903e-06
2.739395683132063543e-06
-1.661568964188306574e-05
5.249707615016906877e-06
-4.733975953327105728e-06
6.671088567602707239e-06
-8.517969370346845670e-08
-1.539479040653079373e-06
-3.826398415862523677e-06
-4.641753986044982449e-06
-6.121539170522293818e-07
-1.197558249997929576e-06
-4.763130961114604988e-07
1.448785593963612150e-06
4.367297530572428285e-07
5.584563870309603548e-06
-6.698379832732120014e-06
1.994246142751862643e-06
-8.895677838561397647e-07
-5.585048851682250484e-06
1.022522621677446019e-05
1.927132795402147569e-05
-2.869544899790645010e-05
7.975321908635429679e-06
-2.757877413606898269e-06
3.695287988739193429e-07
9.775206607251364605e-06
-1.435722612161741729e-06
-5.588581273151454882e-07
1.667350629500502732e-06
8.249351305374488536e-07
6.343403192846196339e-07
-1.602413975726956160e-06
-4.475985313966600527e-06
1.069466616430808911e-06
-1.227916565003514320e-06
2.483209598324218891e-06
3.207109710655550598e-06
-1.840365436288503838e-06
5.079535784155240414e-06
1.422002103803618492e-06
5.775000452595396534e-06
-1.513713993537838233e-06
-1.961153368458931553e-06
2.091218649308325185e-08
2.692387812904062075e-06
3.017878172865255546e-06
5.025129285267316610e-06
-2.015657101292612776e-06
-5.570164362340701795e-07
5.634219922463192600e-06
0.000000000000000000e+00
-7.816195478114805706e-07
2.613489690197366431e-06
0.000000000000000000e+00
-1.171940655623918266e-06
2.003967894590007153e-06
0.000000000000000000e+00
-1.394942142357231232e-06
