1.130633496038065511e+00
9.846624087220099408e-01
8.686195748016067864e-01
1.593434726550942315e+00
8.343450191957074713e-01
8.389514257916402817e-01
6.490411633087642684e-01
1.183368992439729706e+00
1.010953844067334462e+00
8.657072077385867814e-01
2.944509440338933359e+00
8.210430466860441090e-01
8.360750892066850515e-01
1.110556989231576530e+00
8.325653447075569424e-01
1.201819960716933089e+00
1.140049377225539562e+00
8.771751036883972397e-01
1.301772646062146599e+00
7.682166700602131026e-01
1.165907897149268901e+00
8.577346783324957258e-01
8.401280902622334512e-01
1.201004043426330492e+00
1.133921468460355797e+00
8.837977229837604698e-01
1.359533193313569477e+00
7.407274677043644839e-01
1.167205656463472963e+00
8.583798652923275707e-01
9.422161265076256509e-01
1.342290063801940381e+00
1.270822374775385954e+00
9.749075234606185969e-01
1.539029367773991908e+00
8.279077277542071789e-01
1.306904919365671214e+00
9.624559215798775824e-01
4.342032012947765861e-09
2.157312369539485008e-10
-1.210110497625219454e-07
6.588556789914067394e-05
5.369003690036899812e-01
1.945173799143349713e-04
1.891026821453750369e-04
1.798349364061282833e-04
1.960762189932043192e-04
1.869483221545869558e-04
2.045358866227350208e-04
2.373580227900089885e-04
2.086821087984882498e-04
1.885737739155311462e-04
1.816920592774737796e-04
1.884070210881308622e-04
1.883693309666051676e-04
1.875263902729256370e-04
1.946549680794274362e-04
1.987506836751613847e-04
1.992917089454671509e-04
1.936841542285315412e-04
2.109452740172102967e-04
1.882821563940618829e-04
3.464491969148721876e-04
5.087327245440932547e-04
6.606447851338789713e-04
5.122034253833815430e-04
4.099037969843096385e-04
3.133784094002667873e-04
2.390817902973873567e-04
1.964872773696352531e-04
1.958810639342868371e-04
1.933795178790357499e-04
-9.868088748860905508e-06
5.390265667589222327e-06
-1.272269704546067617e-05
1.120271187708681167e-05
2.773515051919164013e-06
5.505034845180198532e-06
-4.991490370331210201e-06
-2.305341053372874839e-06
-2.259932359191236662e-07
-4.760839670758179536e-06
-5.563513929335974975e-06
-3.021782214621347459e-06
8.590746100646021562e-06
7.138926227923217708e-05
5.107166429340972855e-05
-4.544011431929593093e-05
-5.172432253179811183e-05
7.860031442944650579e-06
8.208897130839380691e-06
-2.786110541950622015e-06
-2.097025249198603818e-06
6.585103197190432821e-06
5.771910518225485246e-06
-6.595251773509816060e-06
2.395654857757223557e-06
-6.642308371089794491e-07
2.648700823397652179e-06
-4.726580370657042963e-06
1.999101087022735926e-06
-1.930422072210462908e-06
3.263799442649787221e-06
-1.168501430247396526e-06
-5.099588521737665351e-06
-6.587640868266227384e-06
2.445279113601578100e-06
-4.431019420591639116e-06
-3.580036829429621152e-06
1.702110613753648875e-06
-1.969717463879790564e-06
1.092096293788727871e-05
5.173030576243761913e-06
-5.154783746812100761e-06
-8.117819069407980416e-05
3.988544486985067623e-05
2.336122652141162245e-05
-8.411374377595593084e-06
-8.516460137657456210e-06
5.607767994356348772e-05
-6.224699848249255546e-05
2.203957407131289009e-05
5.641210834322581912e-06
-2.356110034447249871e-06
2.393678422591054003e-06
-5.809844964267110884e-06
4.315507387662951750e-06
-9.017468307883808126e-07
-9.798462852525907302e-07
-3.334963452149424475e-06
-3.861397594433957374e-06
2.664472179956564100e-06
5.046175191431840655e-06
2.402293676652380746e-06
4.870701781188526890e-06
6.827623686053797622e-07
-4.396095554927607701e-06
-3.415988730638875848e-06
1.551668344544395327e-06
-1.281867018565830038e-06
4.391880495839217704e-06
-8.416257197566577640e-06
1.371689711074462858e-06
-5.891416926625401512e-06
7.884173077189252890e-06
-4.957715675790399677e-06
9.582687098142817547e-06
-1.019960948015696983e-05
1.715191428473650085e-05
0.000000000000000000e+00
-2.258137144715286805e-06
5.839220633588794332e-06
0.000000000000000000e+00
-5.934423361716855868e-07
5.064719006861946331e-06
0.000000000000000000e+00
-4.980304174836905915e-07
