9.903148924628921712e-01
8.696039109676869661e-01
3.902629523561573222e-01
7.915057858584790829e-01
3.017369557134025326e-01
3.437584010720657890e-01
5.692178355908534826e-01
9.943731356820619816e-01
1.011969572800980544e+00
6.466487794788704502e-01
1.439937557025231518e+00
5.589289800553638443e-01
5.665091064013842992e-01
1.502466352333567290e+00
8.571413761192194780e-01
1.168144963618844567e+00
1.886653034393693584e+00
5.302259071717547734e-01
2.541246124628996128e+00
3.938742374736202700e-01
2.092483500567510202e+00
4.779177550349300585e-01
1.019524923172109743e+00
1.128345388938983618e+00
1.909698725803123498e+00
6.182215082507240833e-01
2.028975463427414638e+00
6.660179643394306126e-01
2.270699749028640024e+00
5.541337220441250322e-01
1.806970095642751239e+00
1.570880363756978815e+00
2.784042540848634228e+00
1.167043008747015609e+00
2.779990171488949446e+00
1.337717791627072828e+00
3.768514741600789364e+00
1.100655126781180826e+00
2.800605317684848176e-09
1.229593281254433173e-10
-1.055215079784333489e-07
4.643124796075146280e-05
5.164953659951250220e-01
1.381994913049612692e-04
1.410027705932408995e-04
1.297621281750819123e-04
1.443438545197406764e-04
1.167205607383949874e-04
1.730839700185960828e-04
2.176155681494874134e-04
2.092685718177196151e-04
1.947728878096468554e-04
1.942733062128228542e-04
1.865086890952212572e-04
2.669607607917586444e-04
2.575014388417953544e-04
2.141681472098879834e-04
1.954937186297541808e-04
1.946391497047876876e-04
1.928030660761256810e-04
1.938674998240782501e-04
1.952695525180339056e-04
1.869837016077107263e-04
2.385280546544045412e-04
3.337574932102802981e-04
2.340899935109687943e-04
2.014917499099287094e-04
2.015148411583403778e-04
1.831435573237992574e-04
2.036293334518575276e-04
1.489833744523073704e-04
1.379608929314212005e-04
-1.273515390104932020e-05
7.250957506019956439e-06
-6.633562837018252797e-06
5.111020506021428576e-06
1.202358417305389378e-05
-2.403058504645401994e-06
-3.348634288148002364e-07
1.940427238300896178e-06
-4.809020894816633589e-07
3.426561787041728995e-06
9.804675685359252200e-07
-2.295274671316554412e-06
2.688395054286067607e-06
-9.679814342815021654e-07
-6.486376374334528370e-06
-9.578983162675196021e-06
5.807012411551561290e-05
-2.623148795251444021e-05
1.319246283638727000e-05
1.423581564694232917e-06
2.089157104556707491e-05
2.971358941745690613e-06
1.504170722706574117e-05
-6.773666471805130302e-06
2.995680140620536681e-06
2.309428202515372846e-06
9.786360669965905938e-06
-2.701479759388331407e-06
4.166588243127565566e-06
3.342131174284503492e-06
-3.533873304899254957e-06
-4.693834170992748796e-06
1.011249935125787921e-06
3.641151511663797637e-06
2.498596069294286908e-06
-2.163799960235845101e-06
1.399061306072169227e-06
4.363746287179730353e-06
-1.527956004635214877e-06
-1.717269707644680767e-07
1.864321006106474639e-06
-4.971666731983378037e-06
1.756707648728884825e-06
1.120399599806568941e-06
1.134863725414492046e-05
-5.003033198142968550e-05
2.797422622777380539e-05
-1.908884076486542050e-05
1.132210085050672888e-05
-1.073451786448846558e-06
2.510344584874272121e-06
-1.115436618379135761e-07
1.041254481295037030e-05
-5.124954108624594500e-06
-2.747682444187960657e-07
-3.245068044002745424e-06
1.807813890180037345e-06
5.600716728065142892e-06
-1.690796658850841763e-06
5.851373025836588482e-06
1.904003464637995031e-07
-6.441751263510967348e-06
-1.700572426699608980e-06
1.661228661923722007e-06
5.501891487093929107e-06
1.559184012253307385e-06
-1.245785230731338406e-07
-8.489270810381104656e-07
-3.117192613765608284e-06
-3.718228850955672202e-07
-2.042025770540571117e-06
6.253536298400617669e-07
-2.263760114051285495e-06
-4.985095003089759350e-07
2.043115635234638333e-06
5.085757088493886123e-07
2.472579367110773337e-06
0.000000000000000000e+00
-8.704982368511905288e-06
7.710890923672403919e-06
0.000000000000000000e+00
3.120160330394094878e-06
2.578074862643485859e-06
0.000000000000000000e+00
-2.576226766286229270e-06
