9.089932576443350287e-01
1.157716076717778986e+00
3.939268387972759689e-01
1.322911404418884329e+00
3.059497249839486788e-01
3.216252797471187419e-01
8.745555639585896879e-01
9.366506998999715172e-01
1.196882893672874371e+00
6.198368970073619977e-01
2.942097021285816627e+00
5.437190144614343357e-01
5.594783570945154327e-01
1.349672996481851683e+00
1.346628505562093014e+00
7.442617982473831439e-01
2.798611464768858692e+00
3.664694110416117923e-01
2.259323905864635496e+00
4.427497545883993246e-01
3.562537767561497759e+00
2.890240748382015834e-01
1.275574459471370048e+00
8.356528636051068215e-01
2.645606460095641488e+00
5.194481850095764575e-01
2.075359484021774836e+00
7.460466940732329855e-01
3.333634491299248381e+00
4.880229960389302346e-01
1.669757530540497692e+00
1.173925496817046277e+00
3.681272562737466725e+00
1.151574470588343502e+00
3.518069606829088425e+00
1.651242254993604552e+00
5.097996653799530264e+00
1.220307426148676377e+00
2.401717642184734635e-09
1.214130745604049143e-10
-1.835306973547220890e-07
9.541022187797550889e-06
2.001843757344386465e-01
1.720856391221434905e-04
1.871390540580245075e-04
1.473391160724349684e-04
1.266024232209577013e-04
1.028363012623069466e-04
1.582322823652191636e-04
1.974736281637653459e-04
1.945412027273387204e-04
1.952650874288774192e-04
1.865022564350804837e-04
2.254422714912073238e-04
2.967378423455548954e-04
2.481201372798982267e-04
2.116058230309961837e-04
1.885625558216774494e-04
1.818704281516402726e-04
1.864542071311668604e-04
1.803540444566605766e-04
1.861592081304913344e-04
1.828937578531262273e-04
1.808941492565221466e-04
1.710898391705528991e-04
2.090760905956786796e-04
2.110272909655346225e-04
1.899018038958307051e-04
1.815384676125545219e-04
1.747187627985939597e-04
1.743133368135933964e-04
1.820812916369876785e-04
-1.356968158590134245e-05
6.127854660266588671e-07
-6.737474163039925592e-06
5.534846503860122737e-06
9.651645847209173120e-06
1.138640993709078234e-05
7.691093923297255222e-06
-2.531355989162161849e-06
1.377592741576694103e-07
-4.269048780592501707e-06
-2.325640555508195271e-06
-5.635285013257291995e-06
3.522253864247700457e-06
-8.374966415946142899e-07
-3.502833993469413495e-06
3.507625840819100998e-06
-8.211035763718871005e-11
3.427294739409670733e-06
-1.747232855382570520e-06
-1.973577492335439264e-07
3.527058334752708335e-07
5.994882329050239789e-06
2.149367481865515082e-05
-1.122799416705145685e-05
1.521468960256292705e-06
-1.949813734988849732e-05
2.653453985934661401e-06
4.454836777883475694e-06
-3.317577225377628124e-06
-1.667528150560711210e-07
-1.359954607840313310e-06
2.741381303114837090e-06
1.514364618381672873e-06
2.480930531478529293e-06
-2.184623633085408748e-06
3.697126218589413976e-06
5.328247890226787088e-07
-6.261346843632757617e-07
2.464185605135012536e-07
-7.132194533136248056e-07
1.539594700469924231e-06
-4.296219229296192838e-08
-1.492376790707290487e-06
5.858127973877321588e-06
-9.185056392089543395e-07
-1.349888564772345822e-06
-4.015694911220721865e-07
-5.414010177394518772e-11
-4.779801338060231608e-07
-1.125907027082698226e-06
3.356700691983334259e-07
1.950405836636215330e-06
1.488375276028342936e-05
-9.110437997474124712e-06
5.241939990414251796e-06
-1.667683582167468669e-07
3.151995420852811370e-06
3.227166985378880571e-08
2.587145167060454667e-06
5.525984946304735703e-07
1.789156664878222206e-08
-8.162344658561671333e-07
-5.329993813915419322e-07
1.161469103793240852e-12
-2.784788586689318691e-06
-9.699879367624457981e-08
1.855014517448298606e-06
-6.497240540083066527e-07
1.066994613803845019e-06
3.308868889030275395e-06
-5.645733823798371734e-07
-2.180561564963284667e-06
5.143355457386625070e-06
8.083042315031438710e-07
-1.385592808831900575e-07
-1.425759156778904855e-06
8.293148749921576900e-06
0.000000000000000000e+00
4.613844135932141116e-07
7.588649883540415775e-06
0.000000000000000000e+00
2.698451822166878002e-07
5.977178242247517195e-06
0.000000000000000000e+00
-7.065351990561944163e-07
