8.181642307371348455e-01
1.053359950627967834e+00
7.555480107410723623e-01
1.017417502121900075e+00
7.855342327553260784e-01
7.610326861685114963e-01
3.105670254568387856e-01
8.180922318315179131e-01
1.083081911365048056e+00
1.032308862103932467e+00
4.200375971820512255e+00
1.203347132028782296e+00
1.111700402978719859e+00
1.169739562680772171e-01
1.306385461747781029e+00
7.691165214637218916e-01
1.378064692345907005e+00
7.261499800733349774e-01
1.029708695341875702e+00
9.715323818658647692e-01
1.434135286986193192e+00
6.978127245277961910e-01
1.322625483925937040e+00
7.851819595094142734e-01
1.284140678928333834e+00
9.252952554997320167e-01
9.450219921460248917e-01
1.212483769489367091e+00
1.340605404737140294e+00
9.563095606588709607e-01
1.639027454350824531e+00
9.342512788354935260e-01
1.691266405194519873e+00
1.797114035973541135e+00
1.310058129043216502e+00
2.711842951578796068e+00
1.685158566130967817e+00
2.029446803662319887e+00
2.820766056827751800e-09
1.599511655402222695e-10
-2.021145528389552140e-07
-1.784454758314329883e-05
4.432321162039772888e-01
1.838287527589858709e-04
1.900028983102767925e-04
1.889885778209423120e-04
1.985453271878824500e-04
1.842912656449335689e-04
1.984713431155149814e-04
2.067501667042971603e-04
2.023882291111568188e-04
1.939019047267372792e-04
1.886803395627250409e-04
1.913639252409790516e-04
1.887551247013175004e-04
1.958407804695039885e-04
1.948987711063302267e-04
1.851865883066925312e-04
1.867519213352468390e-04
1.934734767618650358e-04
1.936865857336166270e-04
2.947084236279295271e-04
3.045806185994791911e-04
2.388919132135284250e-04
1.958536611080633231e-04
2.143959393868886802e-04
3.147963376068913357e-04
2.628896109562151267e-04
2.432432027965942439e-04
2.002445727986524519e-04
1.954106568108460011e-04
1.973235069263141659e-04
-5.327013647038220927e-07
4.924400496791906266e-06
-4.892892788721918428e-06
-3.869698915940822328e-07
-7.491146570948801521e-07
2.379569713161810170e-06
1.962929111843823665e-06
2.432734964315460700e-06
1.192192829692117744e-06
3.541352853534546462e-06
3.374581153508232877e-06
6.258330192827056641e-06
1.552784779240183195e-05
-1.429962385031278150e-05
1.192881975256130132e-05
-4.656388989301191132e-06
7.131742769585387303e-06
1.496512509279790085e-05
-7.383979511277179516e-06
2.350889441497575463e-06
-7.642894013234337072e-06
3.177086444063330107e-06
9.134124498501413925e-06
-5.455497036168688679e-06
2.982516377419244292e-06
2.360555984549882248e-06
3.167120785295026911e-07
7.607617836125813744e-07
-1.474118573125866693e-06
4.260698872763445050e-06
-5.477019729570977420e-06
-4.057610601910599949e-06
2.551686323719049343e-06
6.356877835177688273e-06
-2.794734027958432585e-06
-2.754001653079235464e-06
2.382303402002765453e-07
6.462633125874236635e-07
-1.018873278313171148e-05
-9.878133033150680593e-07
-4.095630442787175150e-07
1.282937212169118007e-05
-8.924577781875032300e-06
-2.443678886763575066e-06
-1.482722720398030998e-06
3.275218555421308333e-06
-5.970734668797862091e-06
5.048939636916153644e-06
3.491591947237878895e-06
-9.814075499055162957e-06
8.967039075914594039e-07
-2.140954761729180624e-07
-3.187989928967399404e-06
1.392466473992824726e-06
-3.343810529195475341e-06
-2.811885450480599798e-06
1.619429690805195055e-06
-2.867705476342455045e-06
2.856068283576306602e-08
2.490785631237482639e-07
2.792878276194787877e-06
5.246928159402192293e-06
3.696060305570664273e-06
1.380615859257100755e-06
-4.481495913765909312e-06
2.351018385136551144e-06
8.799274835673887615e-06
-4.778733119040691517e-06
2.342201101342239288e-06
-3.619320305176242232e-06
-8.547549167936841581e-07
-2.317114246136220710e-06
3.950878433075403461e-06
-8.419792512825621851e-06
-2.581700496847485570e-06
3.374966040338049083e-06
3.775254392332899013e-06
0.000000000000000000e+00
-2.601888116417406516e-06
7.436097968736786615e-06
0.000000000000000000e+00
-1.025013090048005569e-06
3.004430881066968208e-06
0.000000000000000000e+00
-7.811887658886378714e-07
