9.571624987425164655e-01
8.869518715517568097e-01
1.016533442645350949e+00
1.048172737038102653e+00
1.094644518738379535e+00
1.023530920041440417e+00
4.807530114588444703e-01
9.628523377307662834e-01
9.181838120478196252e-01
1.086423295743387474e+00
1.718917214289041429e+00
1.114373348497539329e+00
1.069424648847256742e+00
9.941747993655668525e-01
8.956222011378495163e-01
1.116547115381341104e+00
8.332880841022096696e-01
1.201524426683167057e+00
9.312979182081189133e-01
1.073990947282621011e+00
8.241677658378996352e-01
1.213499439573804350e+00
9.502655371910069260e-01
1.071923354716808774e+00
8.560085938447036247e-01
1.203570039418177196e+00
9.062588643367035512e-01
1.135967180051560277e+00
8.379500680120059997e-01
1.213230933261888467e+00
1.165712228611294421e+00
1.210649945856654863e+00
1.013203912980632726e+00
1.462451602471560363e+00
9.916789176126197258e-01
1.347696490822949400e+00
1.009312256606594405e+00
1.444433142068261233e+00
2.952968487165099926e-09
1.213872591066450696e-10
-2.761314056822367974e-07
2.112300735869772120e-05
3.987272755013556158e-01
1.663425126010506234e-04
1.755002136502744302e-04
1.726265236661723523e-04
1.771797270826947434e-04
1.710871506735676137e-04
1.891995998658278842e-04
1.824753044335432925e-04
1.731713180937394041e-04
1.754942618845064281e-04
1.799995947730061510e-04
1.744025245913900096e-04
1.695398308739097309e-04
1.723593377746067542e-04
1.634538133567172455e-04
1.803942896153340556e-04
1.594810901152283762e-04
2.646146025075835767e-04
3.993964232375696614e-04
2.247304093202989804e-04
1.861280245306193477e-04
1.792945974199782150e-04
1.762074371500747133e-04
1.750126807056621363e-04
1.722572623808111300e-04
1.723784638547999431e-04
1.769389134261279404e-04
1.780872551530654014e-04
1.757771995280348900e-04
1.729381575947400228e-04
1.771100483158291852e-06
1.452332492659728521e-06
4.221252552252492233e-07
3.520056906786752718e-06
-1.964337763225883210e-06
3.779724642588611477e-06
-1.722348198988150902e-06
-1.017684737623797701e-07
3.087653048361606871e-06
5.694395496114439898e-06
2.203465236095404720e-05
1.025532733445202012e-05
1.975288563992662642e-05
-3.327375310726316134e-05
1.423501804365819669e-05
-4.276059359187368009e-06
4.127394386574340256e-06
-6.981702893336801279e-06
-1.903009885792053943e-06
3.465736107449272122e-06
1.996194397248644350e-06
3.183607454722019818e-06
1.000390656794898167e-05
2.394647080009749364e-06
-7.194678580254324744e-06
-3.612723165195250636e-06
-8.244976502384260665e-07
3.528914999203955463e-06
-3.818808372875665260e-06
-1.117110426426327762e-06
1.083392550862542492e-06
6.029230665225715832e-07
-4.029565605922334165e-06
2.892684197853168871e-06
-3.367392526288309194e-06
1.275010090277838284e-06
3.858844329539875490e-06
4.856094957810714078e-06
-4.453141488295638555e-06
1.344552000946293687e-05
-5.479997975863126582e-06
1.536523120031890194e-06
-1.867703320769426625e-06
-1.612645812243297700e-06
-3.119097829136537460e-06
4.308309610540923107e-07
2.965216908909514259e-06
-2.163677111135213787e-06
-6.751038717345371733e-06
-2.295812384678050861e-06
-3.030392418196638754e-08
1.122777258718514285e-06
-2.555843621734055165e-06
6.923027161364482505e-07
-3.151477544948326320e-06
6.996970560203395506e-06
-1.298736959676204906e-06
-2.456184112032796959e-06
-1.929802396361800321e-06
3.227213725505172902e-06
-4.552816510038241651e-06
2.272608911172005167e-06
-1.245500176304531405e-06
2.977955361931775496e-06
1.765584361581786276e-06
5.541504217030258301e-06
-1.302743080499308803e-05
4.456627630509050168e-06
-8.557396196083007299e-06
-1.903561556494568098e-06
-2.532174713027912852e-06
-8.442640931305172838e-07
2.639164936357347889e-06
3.333389618745387680e-06
-2.944319770638490739e-07
-3.633854151643325621e-07
-2.767038322332745281e-06
0.000000000000000000e+00
2.996089947044301573e-08
-1.709237958773385684e-06
0.000000000000000000e+00
-3.214627640858690657e-07
4.358381345037730285e-06
0.000000000000000000e+00
-1.222139036241776510e-06
