9.144006177248039657e-01
7.756380967214029365e-01
9.612903225806451735e-01
9.201935959520783914e-01
1.009657866379192415e+00
9.575470326182059511e-01
3.116234596327694950e-01
9.529938942404754254e-01
8.386349233993167784e-01
1.002155890961909268e+00
1.075517338221071650e+00
1.067460008430953566e+00
9.925984359838360138e-01
1.049734367984281463e-01
8.720355394292780282e-01
1.147160366562508305e+00
7.951648440738170454e-01
1.257647978521882592e+00
9.417716288459134777e-01
1.062104879822422632e+00
7.931400267698553996e-01
1.263053429264489047e+00
9.008996554389092637e-01
1.188621597619330839e+00
9.151803432579537212e-01
1.238585635852515132e+00
1.101988188637159194e+00
1.096284324771888086e+00
9.338525498390408686e-01
1.225345235541916100e+00
1.303847399096392357e+00
1.818878453133276007e+00
1.746216840563421968e+00
1.637215769387656117e+00
2.488095239826954241e+00
1.642864273324110336e+00
1.851999529629682950e+00
1.715320576620749771e+00
3.147616813003112705e-09
1.315833766670609705e-10
2.210867537180422669e-13
5.187364124626577937e-05
4.681236877266654051e-01
1.746651409070864908e-04
1.810098433495751667e-04
1.795052847211714409e-04
1.783690410539337436e-04
1.623052156366162685e-04
1.920528590129049807e-04
2.172644750135456948e-04
1.943096523401558644e-04
1.797103355485998909e-04
1.799020930167770469e-04
1.777277412441540839e-04
1.773727633874496302e-04
1.786657424486677559e-04
1.788494969445712356e-04
1.765750845808110737e-04
1.855449718645589877e-04
1.630616650252454463e-04
2.133953686393654653e-04
1.052415924228530607e-04
3.773781240043680711e-04
3.368345738230264157e-04
2.051898330589835750e-04
1.891229535255378074e-04
1.803324291006271356e-04
1.767344753315198101e-04
1.737815146877482808e-04
1.776481954116761837e-04
1.736933770701638217e-04
1.761069575704668597e-04
-1.991602189048119008e-06
-6.534488376620712568e-06
8.827825256216409365e-12
2.840004439518783992e-06
-1.239905517606053325e-06
-1.368671060343678291e-06
4.798415362765888157e-07
4.643838064895912065e-07
1.406950028952292916e-07
-8.663339333138714755e-07
1.078159729629063031e-06
1.573567430361467786e-07
5.913893920868594387e-06
2.296757416537291251e-05
-6.188446439943490174e-05
1.356084390360607616e-05
-6.436664304560262143e-06
3.678235792736365997e-06
-1.063913265830288375e-05
3.788924997914949532e-11
-1.020270204699228996e-06
-4.029172513474039372e-07
1.612282065558021132e-06
-4.819738794359250923e-06
3.262938766412002693e-06
3.794722311980698559e-07
-5.294584396887639738e-07
-6.740610202641492194e-07
5.544479658416388672e-11
-8.879611717293184640e-12
-3.168883480926230165e-06
8.643636531207604370e-07
-1.253505867113085194e-06
3.038211297014940165e-06
-4.980953453747786801e-06
-3.667356349860700435e-06
-8.048110924509643734e-07
1.694090007168134210e-06
-2.471370792679615715e-06
4.321883771117262992e-11
3.228245188179298643e-11
1.439676151493045960e-11
-3.089715392075754787e-11
4.436658812082897572e-05
-2.739056679313660872e-05
1.279157032281600886e-05
-1.864998305043972898e-06
1.006046310750678149e-10
1.182454332203549688e-06
-6.383279076843518030e-07
-4.579648769726632658e-06
6.315930549820741684e-11
-9.988590192267502704e-07
-2.427284093670637739e-06
1.376789658940657682e-06
-9.209344848308320542e-07
4.089230024390834790e-07
1.935902042911240122e-06
-1.310352558500231234e-06
2.175166668517849420e-06
-2.710540190419368155e-06
2.996541160124498640e-07
6.864604702629438444e-06
-1.621224727295894710e-06
-1.280919944302324254e-10
1.406946631627604076e-06
1.896303104715264045e-06
4.246668052875125301e-07
7.435136522286277466e-12
1.829550910828305565e-07
3.919141733144788391e-06
5.390110144962838255e-06
-1.967260357054133319e-06
-2.153721024078241122e-06
-6.127754773647902660e-07
1.877843434908832737e-06
1.886375705363802046e-06
0.000000000000000000e+00
-3.144558509679274885e-11
6.442411528300965874e-06
0.000000000000000000e+00
1.458400173187821351e-10
1.212353251665203522e-06
0.000000000000000000e+00
-2.430222232656792215e-07
