9.794557591260107943e-01
1.012371955745204000e+00
9.568345323741007658e-01
1.241539764090786369e+00
9.385730792806122880e-01
9.440972563849316934e-01
1.011529679926935099e+00
9.531404126427021062e-01
1.009750608314309073e+00
9.176225771991434188e-01
2.054088744099683783e+00
9.329412433714444619e-01
9.425108433972947397e-01
3.662963572615459462e+00
1.054493663801798320e+00
9.487140772968634117e-01
1.059712864990654646e+00
9.437857071247963692e-01
1.037319854290585486e+00
9.641065512447213326e-01
1.091544421364604611e+00
9.161958533881602307e-01
1.063545920566785874e+00
9.584939268471461826e-01
1.289001872182222064e+00
9.326306217580859759e-01
1.228746040744905788e+00
9.273828293269703593e-01
1.265486896319325538e+00
9.269279183944396650e-01
1.361004588980901264e+00
1.124640664784291477e+00
2.056462519003938283e+00
1.223398459639792879e+00
1.944689383083464840e+00
1.301735913542886980e+00
2.205870939541750175e+00
1.271621491937568127e+00
2.087034646603758752e-09
1.063323138140708922e-10
-5.735126654227677337e-08
2.168731521133572245e-05
4.310619074887064861e-01
1.717546444068161120e-04
1.803196129761562897e-04
1.671606181436476155e-04
1.783958052816494977e-04
1.751288966225790608e-04
1.896879332417804461e-04
1.792779842901148389e-04
1.833862217330894451e-04
1.831405623709164211e-04
1.799379821265037894e-04
1.748752229719870198e-04
1.744188339918397498e-04
1.775364583728033119e-04
1.845660081493942940e-04
1.839410906844361358e-04
1.743613344667193418e-04
1.820215188731464187e-04
1.787115559925582173e-04
2.357574863878753556e-04
2.141926493918765205e-04
1.773710830210256618e-04
1.782342017427998083e-04
1.810693900912613600e-04
1.804973323824193073e-04
1.823253708402207277e-04
1.819325486100080002e-04
1.797108204220634821e-04
1.781966862055150036e-04
1.788956506114162915e-04
2.080660935195869224e-07
1.814015741706187617e-06
-1.593183698536672661e-07
4.490713000488138085e-06
-1.779778952409963288e-06
4.377220270725550890e-06
2.107402623860702176e-06
-3.621118067438943847e-06
5.141500336075099188e-07
1.630534152495341588e-06
-8.493793008482796860e-06
-4.383986940954754714e-06
1.147635580902480116e-05
2.930775349936740730e-06
-1.105223003943533772e-05
1.354644894467044786e-05
1.084682205963647468e-06
-3.717863609105667396e-06
8.008092452549830868e-06
-2.600947887931919748e-06
3.648450423805859664e-06
-6.951206678248128685e-07
3.091371162770086734e-06
-3.950138499911818780e-06
-1.351013923947382491e-06
5.981651990562979558e-07
-7.019857783295433418e-06
-2.249515434735961195e-06
-2.179587536499780732e-06
-3.522486018816052763e-06
-5.009591654201040595e-06
-2.175247699820834500e-06
3.741934812718195195e-06
-4.386409817437279468e-06
-3.951422930188690078e-06
3.872805606147637641e-06
-1.516668399126772513e-06
-6.160984349946432948e-06
-6.342090099749803090e-08
2.862023006478633437e-06
-3.618068527205053549e-06
3.634590659465050732e-06
-7.404659472706768490e-06
5.144635510669705018e-06
3.412663363107699112e-08
-2.416078263739458987e-06
3.746315545394055805e-06
3.157027049406521376e-06
-1.520009048531180348e-06
3.343575565154022604e-06
-1.863384038659120948e-06
-2.644286562229259200e-06
5.876968790524778721e-06
4.397937037052109736e-06
1.989013689875724847e-06
4.315532852308250292e-06
3.068403265106329328e-06
9.467276323021888977e-07
-2.911503348464222614e-06
-4.009232954507534079e-06
-4.234313063387280520e-07
-5.198658544325952100e-06
-2.110765791446368442e-08
1.231099024575490502e-06
-4.446982721675633234e-07
-3.002550911905470358e-06
-2.732554324706161636e-07
5.718679128173995469e-06
-8.239791361698654560e-06
2.392656137123490629e-07
9.612410317622456684e-08
-4.133123591742159255e-06
1.207839992010798524e-06
-9.803101052713062199e-07
-1.318377878267361671e-06
-2.094324484624180791e-08
8.577646364796222712e-06
0.000000000000000000e+00
-4.156801393378854997e-06
4.901393232857400845e-06
0.000000000000000000e+00
-3.128055797194132560e-07
-1.437343096575403126e-07
0.000000000000000000e+00
4.674748855245322960e-06
