4.685602470950992471e-01
9.391220843598182544e-01
1.222345763218626979e+00
7.412676528944754928e-01
1.340922515172515261e+00
1.277896124481398665e+00
9.959877917180748330e-01
3.965158383336401804e-01
7.400748727825792184e-01
1.240114801810982659e+00
1.058775895384966637e+00
1.379859986750095580e+00
1.290616199599980085e+00
9.910552461531605406e-01
1.980287677374635180e+00
5.050944540584055842e-01
7.489442788966874653e-01
1.335580706671703144e+00
3.814497159779353108e-01
2.621768975510810673e+00
6.764530190969648693e-01
1.478312758202395383e+00
2.971531693597522228e+00
9.267911532398997224e+03
6.298516605188035911e-01
3.413899016657235916e+04
3.215602852388282917e-01
5.016159554932379194e+00
5.830554938370305917e-01
3.089626400767802988e+04
1.108205493814261189e+01
4.933128064805673057e+04
9.391666580144348853e-01
1.404124599978358019e+05
4.400778998857483026e-01
1.494587749944654753e+01
8.743775080573104042e-01
1.362419453944605775e+05
2.168860117083819017e-09
1.183030897755861144e-10
-3.998819788928220461e-07
-1.966931513518340829e-05
4.317892593535250789e-01
1.718828117751068434e-04
1.690091883359925475e-04
1.684428769571899012e-04
1.776027268759082164e-04
1.703867916074508319e-04
1.899785561147242468e-04
2.214106215287263359e-04
2.160886889145451160e-04
1.880712916686842632e-04
1.793680339370946246e-04
1.804460176790019391e-04
1.805432038043759322e-04
1.730725595983402944e-04
1.770397677990570638e-04
1.769521339385128915e-04
1.782273733644820855e-04
1.765070763955136767e-04
1.694907556487879594e-04
2.665564043009683963e-04
2.414080097960720787e-04
2.178322225108474185e-04
2.443676935077346377e-04
2.031072872473098194e-04
1.854779947395886056e-04
1.798015360087557675e-04
1.781039556158300506e-04
1.801875194905887853e-04
1.724204630468002906e-04
1.734710031554568730e-04
6.119644985452881467e-07
6.917366389521024351e-06
-7.144202564336087975e-06
8.499764456118814737e-07
-1.709795722035638558e-06
-7.401080277834643067e-07
-2.648955666517121528e-06
-1.238570342546244006e-06
-3.550739633164260688e-06
1.265797074176549611e-06
-1.077712810225486691e-06
-8.947852451250631027e-06
-1.875986232733255443e-05
8.847339428484381999e-06
-1.054827207401759669e-05
8.596891256168810125e-07
2.082267731911384050e-06
-2.811897373425171390e-06
3.269509953922699453e-06
1.463102434269787359e-06
-2.555811219190202402e-06
2.217610270667166285e-06
3.716597754824133650e-06
4.854026931579337072e-07
-2.581042878180461051e-06
-6.809606287833541015e-07
-2.593573592450082348e-06
-1.014043971560195085e-06
-1.255734390148801373e-06
-1.917650548516201411e-06
7.112008751922558989e-07
-4.678997936514885005e-08
-8.627444661791824069e-06
1.616389728132381829e-06
-2.037495521126330443e-06
-5.430783026285875950e-07
2.861924271238539435e-06
4.869630272603487732e-06
-8.258908328971938502e-06
9.316694440145941912e-07
-3.145427814457081723e-06
2.651225777613703254e-06
4.213402303924243983e-06
1.213417959464253018e-07
-6.145943636226198662e-06
-2.998787737109990905e-06
-5.790563912092655711e-06
3.037943420787034767e-06
7.402657163226250984e-06
3.208408235654831402e-07
-2.748516456383464950e-06
2.735364532183462445e-07
6.874238644501357289e-06
-4.829479566038795040e-07
-2.608608537980555671e-06
3.627280201730617216e-06
4.040450796781530541e-06
-9.533220083107840588e-07
3.492478787558472794e-06
-2.070120686706467576e-06
-2.403414872903744229e-08
-1.148888639815094828e-06
-1.800997518221193856e-06
1.246301447087219080e-07
6.995150613439286593e-07
8.143630957808921132e-07
-2.096570813548117850e-06
-6.263762528107591692e-07
7.748499291637166647e-06
8.286930333168947539e-07
-8.866303051655894331e-06
-2.342827643139436283e-06
-5.747984419994759073e-06
-1.102603731891645029e-06
-2.151303156240554883e-06
-1.131091422246139167e-06
2.006578702016601861e-06
0.000000000000000000e+00
-1.282015581169932225e-06
3.161548528511617209e-06
0.000000000000000000e+00
3.791095627563815119e-06
4.970521513560526274e-06
0.000000000000000000e+00
-2.662276663479510069e-06
