2.408614628961577853e-01
9.885759672234215589e-01
1.156943416956601300e+00
1.683876236437919616e+00
1.355628586122713308e+00
1.206382633077426547e+00
1.303594828904280023e+00
2.485668402565091584e-01
9.929482362986945532e-01
1.210675700421168122e+00
2.257098286283604871e+00
1.450850657721915571e+00
1.312751559703801529e+00
1.085922486605515047e+00
4.009872832481280902e+00
2.722148410001308250e-01
8.808437559313191390e-01
1.136044778744619954e+00
2.057494734546962134e-01
4.976490573207927426e+00
8.214310226950538585e-01
1.218201527920763194e+00
4.096122370895432852e+00
2.617370098599721140e-01
8.475355784826446026e-01
1.218485745689605881e+00
2.170395909775900134e-01
5.228525996182510127e+00
7.966178915096404634e-01
1.331029817900029055e+00
5.375557291748510380e+00
3.347495198285339035e-01
9.155120815789843380e-01
1.398775247968897739e+00
2.969852199405085269e-01
5.854901148215036599e+00
8.924250439375729371e-01
1.611620771206363933e+00
1.976346968417258606e-09
1.144689506644768175e-10
-2.101491279482424744e-07
-2.200102520846498964e-05
4.414328434179550786e-01
1.834984247363417300e-04
1.879556515111509220e-04
1.843863936510193669e-04
1.781032458666929842e-04
1.675230647322916452e-04
2.013538695529073347e-04
2.043356499174697912e-04
2.099969564073814600e-04
2.061417302110739433e-04
1.891171230618469393e-04
1.807651087238216071e-04
1.854056763731362417e-04
1.782422788722181023e-04
1.843275208609051054e-04
1.814551195677667559e-04
1.825740657070977122e-04
1.909227864622988489e-04
1.982242784944125539e-04
2.720746494382538503e-04
2.595996356791409505e-04
2.033857381278198709e-04
1.850977882781748378e-04
1.900221609728345944e-04
1.883281142392549407e-04
1.799942930407582697e-04
1.771577595755691886e-04
1.770964086474269457e-04
1.820297710363474549e-04
1.835771644132376166e-04
2.853262279357040828e-06
-2.337001915171114566e-07
4.042135997403779171e-07
-7.257577884074602859e-06
1.010498325230197280e-05
-6.848281336866676692e-07
5.776169253704719577e-06
-8.647231235668379188e-07
5.935906997386541016e-06
1.681482618280268763e-06
-5.926625175995766519e-06
1.159862703911094326e-05
6.890984333841932528e-06
-1.456872185759369888e-05
1.574161935040965338e-05
3.955926469216864029e-06
1.498279127580249314e-05
-4.280547660236887607e-06
7.229040453722660394e-06
-1.520778246699215514e-06
7.308064438233359615e-06
1.387411835523323016e-05
1.405573104708277335e-05
-4.053508273538852788e-06
-8.047779865151028056e-06
3.505517978821865412e-06
6.332693956293755308e-06
1.145295843839892253e-05
3.599824001675067430e-07
3.755665761354203862e-06
3.358419716167717448e-06
2.886242011586349695e-06
-5.878798756780991992e-06
-8.294291476534780961e-07
6.913204113071215283e-06
-3.718599703951648869e-06
4.635112162880296526e-06
1.084162958664946680e-05
9.953027781495983655e-06
-2.572809301668615880e-05
5.864664149983618085e-06
-1.623291192363729424e-05
-2.782904485476752635e-06
-6.166690976760551789e-06
6.139565021500094720e-07
-5.962247128035872825e-06
5.670540414786126645e-06
-1.675202469016302660e-06
2.124949419749832094e-06
-2.868912056859029765e-06
-4.002650391108559932e-07
9.733972871557156517e-07
4.085570521089808792e-06
8.964302904243427350e-07
-5.514956054458826701e-07
-5.366974839830228157e-06
1.327468656652200026e-07
3.298977220553039714e-06
-3.284209447182848477e-06
1.933426228669459528e-06
1.514693476830917010e-06
-4.547964969017111119e-07
-3.023731869603434995e-06
-4.083398638931703293e-06
7.847988251387104983e-07
2.748545161108255311e-06
8.184816309850771483e-06
3.949124484696844160e-06
2.355716836925584491e-06
4.696997036123488861e-06
-2.282836237059303775e-06
5.225169261096732594e-06
8.217838806086702149e-06
-3.584794667493970764e-06
-6.551578767347331618e-06
4.416100622521927922e-07
1.508544928926053546e-05
0.000000000000000000e+00
5.495825489186617022e-06
8.942462530701608995e-06
0.000000000000000000e+00
5.379522104793861772e-06
5.056355427802089144e-06
0.000000000000000000e+00
-6.864149680085691639e-06
