4.711736109324847765e-01
1.063515981310893643e+00
1.137740902168775659e+00
6.744879503654428454e-01
1.207087998402801787e+00
1.169801255829523434e+00
-8.358810039763528432e-02
4.691947976608175086e-01
1.056243084068370752e+00
1.141787455582734978e+00
1.152129990273977223e+00
1.233034443158789184e+00
1.202358062107463876e+00
-3.817355736383803988e-01
2.141926047995085902e+00
4.669930812856828428e-01
9.522612793470768278e-01
1.053761708593545121e+00
4.151754405947088999e-01
2.408826984539648386e+00
8.763992039573420545e-01
1.141537136294311416e+00
2.320055370173893294e+00
4.556096545296220990e-01
9.563946118313859657e-01
1.170703954075598574e+00
4.244715443459713966e-01
2.422500800203573945e+00
9.155921138681709648e-01
1.314651505261055231e+00
3.076517005474058486e+00
7.040841667061510378e-01
1.300053035728162776e+00
1.860284184327653190e+00
5.239457821893727107e-01
3.008568335777961344e+00
1.291997125726693785e+00
2.060668099099292938e+00
2.598824479906411160e-09
1.321604082687544080e-10
-6.061631648915686813e-07
4.313840512576205865e-05
4.737386269644334180e-01
1.782664812361847760e-04
1.770584770343840110e-04
1.705148923437580768e-04
1.929387672996334731e-04
1.479124690908740439e-04
2.364189691104119943e-04
3.102867304907007558e-04
2.323368078718264355e-04
1.889746097690690697e-04
1.764754811600560734e-04
1.717718389583143112e-04
1.796562031278941597e-04
1.749122216232882113e-04
1.726459288250147017e-04
1.797392375234919449e-04
1.792507488074152912e-04
1.806357458938068509e-04
1.605948890577766318e-04
2.404583045373546784e-04
2.276255942281102298e-04
3.048517373983283514e-04
3.161569337631519238e-04
2.212937095517236209e-04
1.699132984151163729e-04
1.747147961927111208e-04
1.778934498035873745e-04
1.698490144835285457e-04
1.717977160760517075e-04
1.767858096859776032e-04
-2.531253163243196296e-05
1.968603208808894820e-05
-9.230804770324883653e-06
5.467167453304833954e-06
-6.625719695843719268e-06
1.242971639412155997e-06
-6.068499344005088716e-06
-6.716994557341545571e-06
1.939698194467072018e-06
-1.543271221046989163e-06
-1.028303470519494257e-06
-2.846925147443127471e-06
9.595234277483535306e-06
2.710471650575603273e-05
-1.441108657099074073e-05
-4.695823630450620214e-06
1.403079837136448644e-05
-8.636102705346248605e-06
1.046699425845104000e-05
-1.832995431408511402e-06
-2.099932599632323848e-06
3.796738840288230777e-06
1.707801086660176528e-05
-1.111668227160229926e-05
-6.896374996013623767e-06
-1.003107243631898747e-06
1.261987408732883195e-06
1.460504799144192510e-06
8.554004877652081514e-07
1.970047881038675238e-06
6.416450910351150544e-06
4.664371980565088898e-06
-1.588346838343816573e-06
1.701595475402955318e-06
1.231876277406806034e-06
5.546370854608873859e-06
7.779230937280401875e-07
-4.239958555152749438e-06
-2.197897242365618921e-06
-2.444338735118175548e-06
-1.644449338503950296e-05
-2.663142550973962047e-06
1.191713320598454014e-05
-2.179819090091278681e-06
-5.657295858107756181e-06
-7.631734013659378468e-06
1.381419410388650819e-06
-6.910759269875270828e-06
1.779871927420519901e-06
3.333285206344755471e-07
-5.044383889446591175e-06
3.490126701745288649e-06
1.918799436476444577e-05
-1.019390602255628334e-06
1.126218372588737085e-06
-4.523499949677240641e-06
1.062679636328055900e-06
-1.723933893595851354e-07
-1.932048939391899971e-07
-3.231461188886033442e-06
-5.055148135152623383e-07
2.797959533956063235e-06
-3.976294012683121836e-07
1.169709542456345025e-06
1.803121933524622759e-06
2.253540424254151598e-06
2.127923407728858176e-06
-1.926743041054127814e-06
-1.037434722397967176e-06
1.864433774219034467e-07
2.742605442140746226e-06
4.476095177362642744e-06
-1.518790582685989647e-05
7.553424924562196689e-06
6.889869293144752832e-07
-4.364701703659724149e-06
6.798358787027691728e-06
0.000000000000000000e+00
-2.323868871020394168e-06
6.499659276726659271e-06
0.000000000000000000e+00
1.318868481993607657e-06
3.601176485389971075e-06
0.000000000000000000e+00
1.579440316175375308e-07
