7.142347603240317699e-01
1.082388826522677983e+00
9.170037143358921172e-01
8.841537535012109483e-01
9.310733452180952607e-01
8.885239795889847692e-01
3.889022265659083377e-01
7.308000863856217721e-01
1.071978956139230110e+00
8.651784101236169588e-01
1.224000295612590161e+00
9.261422525111817627e-01
8.500908301385761145e-01
9.204271705833730888e-01
1.520923889771749860e+00
6.856798461986088888e-01
1.274355286104378315e+00
7.848462305323622434e-01
8.016293395476673522e-01
1.285954059513373160e+00
1.288451311281110456e+00
7.769311953690951622e-01
2.339343645465957522e+00
6.945680229687536400e-01
1.320738845931154426e+00
7.992629203270518179e-01
8.475403489802590951e-01
2.212976997803342005e+00
1.406891839468889849e+00
7.849221027008277396e-01
6.434251403386095802e+00
9.628604872210557719e-01
1.984684713804740097e+00
9.769958695775531332e-01
1.176028795413592398e+00
5.870692360773646534e+00
2.416548679606006722e+00
1.074551442540552681e+00
2.869690347082102140e-09
1.173201304820814031e-10
-1.975925707820015062e-07
2.410482040972352266e-05
4.417370120101211661e-01
1.693630200071808735e-04
1.633063924898440632e-04
1.611195664333664522e-04
1.682167641381528491e-04
1.675943027923685116e-04
1.795735623804231920e-04
1.817706910814105928e-04
1.787466515923717735e-04
1.792342689918174393e-04
1.778650484781715694e-04
1.839537248503246927e-04
1.767016200057460449e-04
1.776555786632513009e-04
1.775160982969670957e-04
1.729428914376793009e-04
1.711172768744603789e-04
1.749341252028950783e-04
1.588538008038831986e-04
3.985436787222099543e-04
3.116957013504430708e-04
2.050270933883963954e-04
1.862133043777791262e-04
1.768617352821486434e-04
1.713109626518676009e-04
1.678083556566271992e-04
1.795005505153685066e-04
1.751712860622149117e-04
1.681940399071939869e-04
1.672133419302086884e-04
-3.234151013662236994e-06
-9.777808792595469591e-07
-4.138549840623525317e-06
4.041640649711729542e-06
2.573487214313060839e-07
-2.689069675319693544e-07
1.761421736867639833e-06
3.342184301754554385e-06
-7.708879449102429887e-07
5.259505601190338139e-06
-2.407201033182688328e-06
-9.092355342377554317e-06
-1.982523391589280728e-05
-2.557882639875479788e-05
2.586196998521631587e-05
-5.419675911766215349e-06
4.130273193449673414e-06
-1.137944355991526906e-05
5.678136028694263500e-06
2.172338966504860902e-06
-2.047405156541204229e-06
2.201804493551112169e-06
3.339698940702427847e-06
-1.615226813072702080e-06
-1.097387603935159415e-06
5.143418491305254594e-06
-1.041784654374503068e-06
6.151570159485162222e-06
-1.194297505849136444e-06
1.581088262168599341e-06
1.363750647201243789e-06
-1.565699222779749978e-06
-4.663253268814346145e-06
-3.698022430409780402e-06
8.627574623142361831e-07
8.772308064974850946e-07
-3.216835875500765948e-06
6.604566667265492888e-07
2.220050917738490789e-05
-6.685753563954474640e-06
1.540568948910989240e-05
-1.071661898803500012e-07
-1.139688413871866928e-05
6.285220931596334268e-06
2.971526113556619246e-06
-4.287626529770824786e-06
8.684178422277627626e-07
-2.666824684461421831e-06
9.236749971424500636e-07
-7.367337066472536128e-07
-1.164630841998261575e-06
6.625220255170377714e-07
1.206223758941158621e-06
-9.715161447751880843e-07
-3.002717134521948230e-06
-2.515806390501708845e-06
2.869759816632802920e-08
2.177521899081811775e-06
1.389100100581755261e-06
-1.272771126478972981e-06
-3.735362303420863144e-06
-7.694866768299337371e-07
4.777278358065841710e-08
-2.333875363252909108e-06
1.343400386020021790e-06
4.854062007671281834e-06
-1.038982397155640309e-06
1.504931712237990457e-06
2.666146932823610550e-06
-2.329215072659833702e-06
-5.157232136321651488e-06
1.062995146052847865e-05
5.112209247678293109e-06
-2.675060565940466834e-07
-6.086309777030683836e-07
-5.212191924616724874e-08
7.425706253503874098e-06
0.000000000000000000e+00
-1.146001393357114585e-06
6.502870895433386114e-07
0.000000000000000000e+00
-6.948008090045147627e-07
3.528040566910478382e-07
0.000000000000000000e+00
1.291387129765626132e-06
