1.032643252057811711e+00
1.017991827674708638e+00
1.017396566069132646e+00
1.747985244943249139e+00
1.006873819481779009e+00
9.913374858782584287e-01
6.090741491487645654e-01
1.030485546491672899e+00
9.106946668616716124e+03
9.691293857722962368e-01
1.816676482010189211e+05
9.716120503657015295e-01
9.868230645591631323e-01
-1.834408233392017064e+04
9.925092493257827719e-01
1.008210302033548222e+00
1.003662684630474367e+00
9.963948180418448208e-01
1.003566474112705054e+00
9.964558631736974981e-01
1.006703503527224486e+00
9.933412150290804599e-01
9.982021202367841397e+03
9.145906312119063131e-01
1.323848411896542530e+04
8.817798248232305847e-01
1.143356558281830360e+00
9.519815307865389098e-01
1.323310224420941813e+04
8.970857453473222165e-01
6.909700328324016300e+04
1.238534827214987422e+00
7.807665054406382842e+04
1.290725304906569448e+00
1.989073978298692591e+00
1.220865786522907559e+00
7.814256095541449031e+04
1.329392305558341203e+00
1.922234362317699148e-09
1.116536128858406310e-10
-3.974853766068945302e-08
-4.083639873888419600e-05
3.610421836228288051e-01
1.813661037245528976e-04
1.749500519886656481e-04
1.819247765567493262e-04
1.879676538382933334e-04
1.815133508126342676e-04
1.897262426787158602e-04
1.832750280097891456e-04
1.856224435891967121e-04
1.848656283550325697e-04
1.897770618486212995e-04
1.832881937099123523e-04
1.825310148203849818e-04
1.784005121155029171e-04
1.836396287383261950e-04
1.783212493603776182e-04
1.953687323417283473e-04
2.631169505723775725e-04
1.934999725338941543e-04
1.879967300085860315e-04
1.841134874673726373e-04
1.834938382430752256e-04
1.804520451735778499e-04
1.825574164523400818e-04
1.779721291118599121e-04
1.769479455223188047e-04
1.792185801549651698e-04
1.803370444834585069e-04
1.818316329359925994e-04
1.834203586458241144e-04
-5.917495167992091820e-07
6.046061290987064425e-07
5.868584240806194339e-07
-7.124351410561664853e-07
-9.374122452736552410e-07
-5.503436474541710253e-06
-1.894661808772742646e-06
-1.493410857129624908e-06
-1.553988334728170401e-06
-3.722710473912008986e-06
9.970298825000968518e-07
3.916847766160268306e-05
-1.249714703651663854e-05
7.562298384843846053e-06
6.704550190175820416e-07
4.210441133037132636e-06
-3.547160037468465424e-06
1.124608615340382958e-06
9.723692506034682497e-07
4.526439905662636202e-06
5.891931904460823170e-06
1.530135051747647352e-06
4.029321062909694611e-07
3.603938841946481916e-07
5.307325497201862823e-06
-3.583910264556701890e-06
6.463248516382899370e-07
-1.204072361993634918e-06
3.126400745583515802e-06
2.825170817661500529e-08
-5.497091582065816597e-06
4.943688116128806051e-06
-2.435848260857026856e-06
1.227135131445464932e-08
-3.700385826761926686e-06
7.091023678982193233e-06
2.871804831873993441e-05
-1.729939403468827195e-05
6.035348978519866525e-06
-5.733384373638603536e-06
4.377768626369263322e-06
8.320296507430026047e-07
-3.158160254559178673e-06
-4.246728868620262150e-07
4.651251476680945453e-07
-1.966718459056104385e-06
1.262435949479077854e-06
-1.772990528627960322e-06
4.336872302041765754e-07
4.802307852520794671e-06
5.310129772635181316e-07
8.310970530529711916e-07
4.724948941594313723e-06
-5.253289755840618748e-07
2.137090464450831986e-06
-1.210312471173900635e-06
-2.490265252320394295e-08
-3.464286155622961269e-06
-2.439902896398945795e-07
8.640502023773098763e-07
-5.172358670097288955e-08
-5.304061009556644302e-07
-1.269596502554257177e-06
-1.062159201986090230e-06
1.932456685110714856e-06
-7.347724071308298543e-07
-8.880881353439746873e-06
2.905539424507481405e-06
-5.163268273744180039e-06
6.228189177034809619e-06
5.025228970857358732e-06
8.602901310512642685e-08
2.325322527945893208e-08
5.162725264836750695e-06
3.136481612095850417e-06
4.265783965733938752e-07
2.379894442133262242e-06
0.000000000000000000e+00
-1.392083612036831992e-06
4.087327850626595841e-06
0.000000000000000000e+00
4.176690185018883372e-06
9.453659406573045456e-07
0.000000000000000000e+00
-1.034747625391839333e-07
