9.155791934868944271e-01
9.775823056080660267e-01
9.766027431266678382e-01
8.840979560472244092e-01
9.901816249369552736e-01
9.772690253753655298e-01
6.749474730753799445e-01
9.179477661153223611e-01
9.858503728822551881e-01
1.053129845304489276e+00
1.159127250383301888e+00
1.069265753136928065e+00
1.107169132914575194e+00
3.956808317780265982e-01
1.058472591578047073e+00
9.449599880440990862e-01
9.875989784897800661e-01
1.013698949219500545e+00
9.430039723139144181e-01
1.060527709187810697e+00
9.797878691290777819e-01
1.021334062270219611e+00
1.074528688840035828e+00
9.612012913473737541e-01
1.002421242661319933e+00
1.046585652090266771e+00
9.007620516438132885e-01
1.129935364547180576e+00
9.817963841135161074e-01
1.099336035231866848e+00
1.356649656238801516e+00
1.345886515345419143e+00
1.284493738337916469e+00
1.506564865372632234e+00
1.011687988119169157e+00
1.509796653026430402e+00
1.299247513625988226e+00
1.776396206099292829e+00
2.523343611607798244e-09
1.129753778023153766e-10
-3.473072870368992002e-07
-4.779886577589351464e-05
3.930263553788674313e-01
1.842309738669973694e-04
1.851114144669415177e-04
1.858312675240443839e-04
1.846173904443566263e-04
1.754956300716842114e-04
1.856379191251510412e-04
1.823773793500799460e-04
1.858971881495211900e-04
1.791422144797916204e-04
1.859940469870819584e-04
1.808905173182543259e-04
1.835828798789989843e-04
1.828573834346258482e-04
1.841185587988281068e-04
1.742228510541306242e-04
1.945114913951295787e-04
1.708966038028511135e-04
3.326430481792167805e-04
2.331522229634386257e-04
1.911231296850264365e-04
1.808526008214084223e-04
1.785131348209978343e-04
1.808965748631022677e-04
1.747589028925595285e-04
1.797370001862432366e-04
1.764646719621507543e-04
1.844239685938926115e-04
1.803485021090421852e-04
1.857220656313495117e-04
1.375596743804566051e-06
-4.888949361984686513e-06
3.781082009606824947e-06
2.835643634857385489e-06
2.814833610890256489e-06
-1.004339292874685693e-06
-1.688279293294811039e-06
5.431926600320978441e-06
-1.001443670314581126e-06
-3.837213275507761797e-06
-7.637822354278872409e-06
1.375674033155982167e-05
3.109074175716868330e-05
-2.134272072346825476e-05
1.513719576744142115e-05
-1.359750770993698843e-06
-4.351290660808291944e-06
4.186502240494072769e-06
4.711358459373705310e-07
-2.364873055248812743e-06
-5.612525579402607659e-07
9.949639994979244646e-07
2.234900384713505454e-07
-6.219561216820931255e-06
-1.486511557459084417e-06
-1.529778157785888831e-06
-1.587412915083757567e-07
2.164568122252297845e-06
2.337233410251762021e-06
2.625161392908167130e-07
2.768757858988619782e-07
4.945293134315149388e-06
2.870210142746527203e-08
5.443401709333738185e-07
-2.588771229129573407e-06
5.939601998419894882e-07
5.477058182964695743e-06
-8.230599117645455724e-06
1.578251386456204912e-05
-6.861804617558842071e-06
7.099968293113476862e-06
-2.281255816385983064e-06
3.099490055117853369e-07
-6.711884732941790681e-06
-3.397119980431012823e-07
3.176528753773863706e-06
-1.933673582240710564e-06
2.876061581138470145e-06
-5.600945413724671746e-06
2.624263466699186994e-06
1.231124785086584524e-06
-2.982283614003265604e-06
3.586782259688620663e-07
1.956573289910945417e-06
3.457123307614731470e-06
-1.288474442315330318e-06
-1.347698720745640820e-06
-2.240679984627665620e-06
4.086017597357439137e-06
3.969902935830299863e-06
2.029231465605732835e-06
1.361489736003608618e-06
2.246705562678384956e-06
2.328373721537471504e-06
3.629197209074379081e-06
-8.070078959059441007e-07
-3.642146916896318164e-06
-5.599511008540426120e-06
-4.050383102155393394e-06
-5.535619069556265619e-06
2.870281796254029311e-06
-2.672762535615675000e-07
1.249518265552701638e-06
-4.479570072617048388e-06
-1.496967548625156309e-06
-2.036325997961440902e-06
8.246007116310980411e-07
0.000000000000000000e+00
-1.746292490542163537e-06
2.576501140705706482e-06
0.000000000000000000e+00
-4.138172927151705487e-06
-3.845003342750172274e-07
0.000000000000000000e+00
-4.810283355292061829e-07
