1.165494822225434879e+00
8.601557746516155234e-01
1.034044386985563335e+00
1.315145779946610638e+00
1.032025170344738285e+00
1.024497115430534233e+00
7.679989590918744335e-01
1.145454603363394330e+00
8.772351548063694882e-01
1.033303710111355800e+00
3.267675530372800452e+00
1.028244031555934246e+00
1.014334216002326983e+00
-7.352045688309025717e-01
7.554502265696696472e-01
1.324521879638455690e+00
8.606927346425501391e-01
1.162152844640293115e+00
1.154572736789478693e+00
8.661711603037898222e-01
8.527837718707723669e-01
1.172809482754759491e+00
7.852756837491610131e-01
1.291392747549379827e+00
8.579267922261587520e-01
1.190307452481456529e+00
1.097083039618385047e+00
9.290205556238458895e-01
8.767886150913614118e-01
1.183219177407202283e+00
1.081763730995772388e+00
1.511026275683449160e+00
9.891011665647375661e-01
1.482732002252691750e+00
1.291977274687842181e+00
1.134002108466745096e+00
1.074119547814685660e+00
1.448839936450998733e+00
2.455840015431033720e-09
1.121644995945953859e-10
-1.073847118016075651e-07
-4.555352826864714482e-05
3.738945091302411372e-01
1.801590870541597733e-04
1.709504105014733979e-04
1.798725490733286080e-04
1.809973974869791649e-04
1.668320081912434780e-04
1.850691371746703581e-04
1.834889859471341186e-04
1.782024378223466272e-04
1.770852923506890703e-04
1.815354586753867370e-04
1.706685628789051203e-04
1.691433657361908613e-04
1.803891690539572855e-04
1.809110249035494270e-04
1.900693808812529007e-04
1.579363192088950618e-04
2.937116132328881826e-04
2.900321966687379534e-04
2.027367567825931536e-04
1.864658882902877051e-04
1.830517884315273607e-04
1.738603487623675294e-04
1.736036874920238518e-04
1.704900126981900225e-04
1.747089014050659138e-04
1.806387034455073299e-04
1.758574380303880237e-04
1.757018361819248664e-04
1.750795539946555651e-04
1.030891072479619237e-06
3.758867917662676864e-07
2.409916671051407717e-06
7.071629207367991713e-07
-2.843090469628034257e-06
3.302407174018817586e-06
-4.739770464196345976e-06
1.276840780851531342e-07
-4.124027258141185374e-06
-8.352532857739966438e-06
-6.143854060825689793e-07
-3.376206807020013130e-05
1.117166263094083537e-06
-4.741569081194642687e-07
9.373555642866226027e-06
-2.182618374839516400e-06
6.817796454995743370e-06
-2.818792581085877384e-06
9.812266747824077324e-07
-2.342257358549305217e-06
1.168786221145805527e-06
-6.563917904207947962e-07
6.312356830516797043e-06
3.980203194178446937e-09
4.057953017439370471e-06
-3.015581947169738868e-06
3.321404742843353991e-06
-3.547725908997783104e-06
5.777450307052949728e-07
3.250416685581408183e-06
-2.938364748296251176e-06
-1.982840470475592003e-06
-8.219107129871428057e-06
-3.044506481906401416e-06
7.814347521539489463e-06
-1.778548919831842700e-05
-1.559628523881007531e-06
2.746162097806672107e-05
-1.760995776388878760e-05
1.762431427296795290e-05
-5.012989205209527813e-06
2.880901471172397209e-06
9.571358508846801078e-07
-2.559364064802345700e-06
2.288635079078409709e-06
1.917382219047255263e-07
8.297084717123034584e-07
2.662300081895937334e-06
9.536653675033189594e-07
-1.962912019790846245e-06
-4.543525836612528393e-06
1.289262389659748803e-06
1.215937451781285664e-05
-3.769756397607068945e-06
4.637525741952061808e-06
-1.169298880583521138e-06
1.243484372586090358e-06
4.361804831961950492e-06
2.562792276167597524e-06
-5.094003161365427575e-06
2.348395884197688315e-06
1.797441263707861420e-06
3.552324159140376581e-07
-4.709876131780346069e-07
-1.098118449634408647e-06
9.431949204730452667e-07
-1.602139843571339230e-05
1.389398376681796792e-05
-2.941973848602753683e-06
7.317215793802274050e-06
5.452204927124935087e-07
-4.870368930852266067e-07
7.261920723292796190e-06
1.355310735862853455e-06
6.987575090063518024e-06
-9.903728726285142584e-07
6.109689579955975492e-06
0.000000000000000000e+00
2.682022985627012492e-06
2.522795711398303708e-06
0.000000000000000000e+00
4.085550587819052390e-07
-1.846575308490329197e-06
0.000000000000000000e+00
-6.035111741909994769e-07
