2.018525761035593891e-01
8.526936116389927101e-01
1.114093959731543571e+00
7.417950560462591714e-01
1.148974181156726670e+00
1.155849569351052875e+00
9.778325318525213916e-01
1.947334305685763933e-01
8.978098595864755227e-01
1.107382550335570315e+00
2.233938918427334386e+00
1.139791380852035019e+00
1.149832851076213025e+00
1.071782999551244897e+00
4.026821013045843500e+00
2.484370366836448907e-01
7.649610993782777202e-01
1.307972721464719656e+00
1.836402762009265721e-01
5.448768832090838288e+00
7.526536723189525269e-01
1.332121509090779199e+00
4.522734312229035325e+00
2.451406538771173649e-01
8.018937925324762794e-01
1.298673269677399933e+00
1.757139312655013330e-01
5.777749772309298315e+00
7.895475894689201191e-01
1.361241930094058583e+00
6.168369622910475414e+00
3.122479140288421107e-01
9.528645820421524082e-01
1.612860803766611006e+00
2.046309293819441599e-01
6.753842874611282632e+00
9.470598578827342795e-01
1.743882645851561719e+00
3.899256132196630190e-09
1.618923616095141433e-10
-8.792072952021004506e-07
-6.243713648659467575e-05
4.891829982183761860e-01
1.793874922903478998e-04
1.819361931913747639e-04
1.765698006472288099e-04
1.750319233597566818e-04
1.625209766579339249e-04
1.854280903484527732e-04
1.900484452724043503e-04
1.846103574934817942e-04
1.869534880243900888e-04
1.886152497253258090e-04
1.908617415633778844e-04
1.855824970359158969e-04
1.804962999738867011e-04
1.738755354762224837e-04
1.808565929850341949e-04
1.886452042548538419e-04
1.871060396534103369e-04
1.794234664828161401e-04
1.754646075212860034e-04
3.310313658539923063e-04
7.650544673656507755e-04
4.666333994985555908e-04
3.356439569165100591e-04
2.517505901247623365e-04
1.913247372020934647e-04
1.870906915911641107e-04
1.800691116319253155e-04
1.836296300218414322e-04
1.747362351718523309e-04
1.316486187328646656e-06
-2.527145744166750970e-06
-5.575941248918253562e-07
6.956124716438259574e-06
-5.092826735951863086e-07
1.396887604585141637e-06
-3.919878859783978136e-06
-5.693135612248382857e-06
-3.296837145985033560e-06
1.486584359655600111e-06
2.484787178499962029e-07
4.695882424375641315e-06
-1.261677858387409647e-06
7.578687886005035887e-06
-2.061011040642499718e-05
-2.902268004677423450e-05
-8.314150767132771501e-05
3.996159480712244610e-05
-2.017629289904615062e-05
2.049356239259246283e-06
-5.935105887079364454e-06
5.634560065847357886e-06
9.333073343851339287e-06
-4.885487461568540587e-06
-5.290527654274896225e-06
3.734553510353577301e-06
-2.501498290814192676e-06
-2.533303505989844676e-06
1.623053646297867562e-06
-5.004998361618719267e-06
-1.309910813313788112e-06
-4.918026587607445609e-06
2.983072505249770082e-06
5.986703709858442912e-06
-4.912932472296888920e-07
2.165549742812162959e-07
2.248243373008894296e-06
-2.460294111342352400e-06
3.599712990360344364e-07
-1.500810678906628572e-06
1.057741898375989494e-05
1.638037748207573084e-05
3.359189655930768144e-05
-1.148942626852120442e-05
1.432581397090587017e-06
2.228009114910720675e-05
-4.595367009732463258e-05
3.870230149823554011e-05
-1.466406643037164112e-05
3.920902893668342271e-06
3.150956349227993248e-06
3.412481241667848180e-06
3.733096420488537290e-06
-3.482740001260108009e-06
4.387541211844368729e-07
-3.688478885730464998e-06
-1.512241987742030140e-06
-1.530936719834582336e-06
1.860519517605240810e-06
-2.667579066408805803e-06
-1.486016991020688520e-06
-3.292269505599062818e-06
-5.577037622276600752e-06
-3.819852934868310625e-06
-3.404290772785216212e-06
7.882543044636778821e-07
-2.986595692024949738e-06
-2.208361783256267984e-06
-1.098367846460939636e-06
3.589098852824127842e-07
1.462397500141997665e-06
2.352117969976427565e-06
-7.472673730817014565e-07
-1.570912385425095553e-06
6.074260079841415577e-06
1.273970864696089323e-06
5.256000829052497081e-06
0.000000000000000000e+00
1.723628222233573351e-06
3.788321430916415352e-06
0.000000000000000000e+00
2.153158332610831486e-06
8.402474866158554941e-06
0.000000000000000000e+00
-2.829554366983429641e-06
