9.937921246286008925e-01
9.302023997169197589e-01
9.705866450391997802e-01
1.619897283110528496e+00
9.725111713558186599e-01
9.470780609793053584e-01
4.678965832272319325e-01
9.929693424686174552e-01
9.134834215051242934e-01
9.609223866982823381e-01
2.140644019479853277e+00
9.706485644616462682e-01
9.465784201597604586e-01
5.369926536843893095e-01
9.377629894739085703e-01
1.066440226783909262e+00
9.310622377680626283e-01
1.074045792933051580e+00
1.032577108991329373e+00
9.685355791989762597e-01
9.330081308923059424e-01
1.072062748779165187e+00
9.328522230686638883e-01
1.088981405516240564e+00
9.141999796247954890e-01
1.121373763130821821e+00
1.031584398024292915e+00
9.731691320533859546e-01
9.326969107922009616e-01
1.100003209701831519e+00
1.164577961171138210e+00
1.370620338524907611e+00
1.163749910471964411e+00
1.340094463985701090e+00
1.080726738022960154e+00
1.072965215490107038e+00
1.201318376249775000e+00
1.345892352234048239e+00
2.107634303732663904e-09
1.062002636483759934e-10
4.935809332402380914e-08
4.275272678364414492e-05
4.129549503690506107e-01
1.714139214285512235e-04
1.727862018621299529e-04
1.715884821534239819e-04
1.750961900085692274e-04
1.707494985227886843e-04
1.833483818758991821e-04
1.815924135219199997e-04
1.794902403592204057e-04
1.838702795259432581e-04
1.682000698035533682e-04
1.719100482765830882e-04
1.725157925641754872e-04
1.770406895041503888e-04
1.717453098343354643e-04
1.811770428457651068e-04
1.906815803339721206e-04
1.422313221536825154e-04
2.625618670617324395e-04
2.841240242233510462e-04
2.009462543494896819e-04
1.767163844184964860e-04
1.825408310464385038e-04
1.832432523371268140e-04
1.758702258768062271e-04
1.821423133039302630e-04
1.690931234902302914e-04
1.716239952419459100e-04
1.733591888067875244e-04
1.662715413775554233e-04
4.005621947059925377e-06
4.404774028140290860e-07
4.375098149265698357e-07
-3.016453094403891715e-06
-9.254577372518184217e-07
2.284249666394156236e-06
9.468218991698927968e-07
-1.747028733645940236e-06
-2.248443637007099982e-06
6.157479399372228882e-06
-3.297997056899398992e-06
-1.218216496052541450e-05
-4.677945560463643625e-05
3.749316539174087255e-05
-2.015463962736357024e-05
1.435011755843528981e-05
-2.516943014684837532e-06
-1.665636700535923594e-07
1.226260984451512970e-06
2.005854387715356233e-07
1.264363587964113722e-06
1.146475753470143499e-06
4.263599958323040779e-06
-1.307358286383166423e-07
-1.764320278335413468e-06
-2.382305728676472345e-06
-1.171389393629853783e-06
-1.886147096415575949e-06
-2.366261511437223944e-06
1.352374347211792302e-06
9.116283616061223261e-07
-1.862371468294616692e-06
-5.911891116507073368e-06
6.980606112589050285e-07
-1.267791752878976785e-06
-4.802831026462905719e-07
-5.867286164805791680e-06
-2.683896683238340860e-06
-7.047625664638734845e-06
-2.653780034139350580e-06
2.930804979143891416e-05
-5.193920981793250725e-06
3.483142332561252696e-07
-5.436307719366607391e-06
4.055779376174959662e-06
-7.155444429773787514e-07
-1.864439908058175727e-06
-1.074937099454371000e-06
2.759458060819043079e-06
-1.519266314541035090e-06
-3.050104036903958278e-06
4.424429291729030242e-06
-4.494638190196748777e-06
7.128304887441845470e-08
-3.824695138460483461e-06
-4.458922364982981430e-07
2.923300464237490694e-06
7.853374038770458319e-07
-1.633789627809511602e-06
1.041834175143029676e-06
4.429979923981313986e-06
6.990205682090956592e-06
2.433533718129705091e-06
2.218611663914017037e-06
3.557545607853370959e-07
4.347148387011587978e-06
2.176368990419651027e-06
2.717320445617938231e-07
-5.950221095184165485e-06
2.682944394711145218e-06
9.937507334589550882e-07
2.432254399167633175e-06
-1.736514824684002616e-06
1.225483067265221733e-06
-2.771709429527747982e-06
-3.976914135126921235e-06
-3.892349644069077518e-07
0.000000000000000000e+00
1.055152350058255349e-06
-5.198206847601408648e-07
0.000000000000000000e+00
4.176748130324639844e-06
2.327512055206939418e-06
0.000000000000000000e+00
3.952592558636920039e-06
