9.493767759965661135e-01
1.044761831006914665e+00
1.007633587786259444e+00
1.286110829309692338e+00
1.020850080606942267e+00
1.027301856083546072e+00
4.400152883139608617e-01
1.036986537542012599e+01
1.230708644765186909e+04
1.104632129206913005e+00
2.655218649904585327e+05
1.188595702069181526e+00
1.141827320088543374e+00
-3.056294732630889030e+03
1.099125845377918242e+00
9.112903149182711715e-01
1.029931594279893226e+00
9.709424196039636579e-01
9.417556036295349209e-01
1.061847012574446802e+00
1.016282193052917560e+00
9.839866637974797881e-01
1.837714146910251429e+02
8.061474199305967980e-01
1.433743161211345250e+04
9.022753097630682451e-01
1.379472920071368236e+01
9.707725408283205404e-01
1.425749688037536907e+04
9.088400162109300240e-01
1.214690246260508047e+03
1.096725300267845649e+00
1.003564958215920487e+05
1.199603509784549216e+00
9.110269251555544656e+01
1.289232730491712164e+00
9.979683942871826002e+04
1.211451755899604965e+00
1.711472199108050074e-09
1.036953314997269377e-10
2.267324790792468661e-08
-3.609807603682899275e-05
4.061208273745352537e-01
1.775024438781281104e-04
1.787678428116467851e-04
1.802295309296852652e-04
1.743302397094161006e-04
1.751177924943055010e-04
1.785572745972013463e-04
1.869060594683128991e-04
1.753216371415940254e-04
1.809462340912195788e-04
1.844376384416870191e-04
1.713466756446836020e-04
1.808982796945648736e-04
1.755708249574172936e-04
1.800391720152612492e-04
1.795223625474351545e-04
1.794051160287478018e-04
1.736953232787989904e-04
2.165724218584694617e-04
2.024786353325424030e-04
1.795000039374258240e-04
1.739833159469705761e-04
1.770995966065426312e-04
1.718449270474092599e-04
1.826680603966797161e-04
1.720860267826407808e-04
1.840343097695290857e-04
1.790290037043711568e-04
1.723775182610589934e-04
1.746823426669618685e-04
1.272690376492863627e-06
1.316039317991827705e-06
-4.031315426488088866e-08
-4.411159317322945630e-06
1.165028481060650252e-06
-3.317701949198340168e-06
5.507010132195666596e-07
2.562951733906902398e-07
-2.774603335235255782e-06
-3.439202258530792744e-06
4.423385565841940497e-06
-7.204262867953534293e-07
3.779571495492269958e-06
-8.319151075384815948e-07
4.274824237044113334e-06
-5.264821884570090604e-06
-1.389752089369839117e-06
4.231574150388818509e-06
1.993759144850996955e-06
-7.838286264180483370e-07
1.765415074994672180e-06
-2.955999363585982123e-06
2.144614808530132202e-06
-3.285665986430032920e-06
-4.562287847253970962e-06
-2.096064474680866067e-06
4.297797033824847773e-06
3.149988580819358676e-06
3.298989471582679592e-06
-1.151521994273553801e-06
2.902223738482396550e-06
8.197185822079893922e-07
-1.399811630472381986e-06
6.673147999647819113e-06
-1.066994394137688493e-06
-3.625370277785173300e-07
3.044047232200195193e-06
-2.997468432543404183e-06
2.922338490206208930e-06
2.285093265419292288e-06
-8.962768758363004798e-06
1.167649352069795952e-05
-5.245241828049870643e-06
-2.370423833367295245e-06
-5.821787405932854852e-08
-4.066933920172472201e-06
-8.017912324306447363e-07
-2.646654029426538266e-06
-2.544463646716708457e-06
1.980367415628228016e-06
-4.010853799377190351e-06
-5.082247595125223606e-09
8.426365608324218044e-06
2.717359512156777439e-06
2.830733280942874173e-06
5.956405618209830070e-07
4.238301172569107200e-06
-2.458515847874063295e-06
5.866444000019460382e-06
1.735198433029530381e-06
-1.677289648703145925e-06
1.956646898428295974e-06
2.835997837068464111e-06
-4.470482497689253736e-06
2.232162390676330965e-06
1.544115970244464381e-06
9.196908222313333958e-07
2.284950062198734731e-06
7.142695742418656451e-07
3.273409305712267518e-06
5.308032758593933862e-06
1.286060011103429238e-06
-2.252285426639873978e-06
-3.282589200228736083e-06
2.886686084096488652e-06
-9.028570704691378652e-07
2.194864003686267699e-06
0.000000000000000000e+00
-2.264151225504332580e-06
1.362199564708972256e-06
0.000000000000000000e+00
1.746127682363992651e-06
2.262474589964908997e-06
0.000000000000000000e+00
8.021757825845331481e-07
