9.827336071905372616e-01
9.407382465178082409e-01
9.473661429251611921e-01
1.278288410741910797e+00
9.744269955837979724e-01
9.515991520463785713e-01
9.088195997406687265e-01
9.817239978321484761e-01
9.478057206714909366e-01
8.838842358391671983e-01
2.653471631665321517e+00
9.271009719859815146e-01
9.052329724140992795e-01
6.892645181017518219e-01
9.652414365130204121e-01
1.037701792163008285e+00
1.017495322043417527e+00
9.838079113547326671e-01
1.018603340473891006e+00
9.820509648344348808e-01
1.021252161494059951e+00
9.792422193263278229e-01
9.599369930619943148e-01
1.057332228465829527e+00
1.086081994812027940e+00
9.528778954066055018e-01
1.109629903887091595e+00
9.498204359629156546e-01
1.100573243279908020e+00
9.527589069966011515e-01
1.093658687656956729e+00
1.211596927999671003e+00
1.644355358524372646e+00
1.192456561107914315e+00
1.799936803946061925e+00
1.035165103476419990e+00
1.585344876938396652e+00
1.177943715802582503e+00
1.923364991762424062e-09
1.050450840599094291e-10
-3.929308600521092765e-08
-1.269285268981802870e-06
4.708520192895553347e-01
1.779607068616109755e-04
1.761825704450441081e-04
1.764398652768224920e-04
1.767609748426959414e-04
1.839203143721020411e-04
1.793327931079512043e-04
1.817639184391060597e-04
1.755875092655181545e-04
1.781499484884748862e-04
1.792110363120827106e-04
1.833503352071131362e-04
1.753061277153072071e-04
1.817390547379678367e-04
1.766235527753301678e-04
1.765646226974804784e-04
1.749772484545906298e-04
1.693091666857093446e-04
1.863036906735178575e-04
1.602366171167338691e-04
2.899668134569774046e-04
2.462004801316845944e-04
1.911619326303076933e-04
1.741692146195122177e-04
1.761941843031967147e-04
1.731803452691307150e-04
1.729989946142845413e-04
1.729456615219007124e-04
1.730556508326160472e-04
1.777931380876528677e-04
9.798529393558205382e-07
-2.610451811227482170e-07
-3.284541076909026853e-06
1.037610772333674792e-06
-1.530183491345040266e-06
7.406447716070655906e-07
3.394247699892896354e-06
-2.311999091146877460e-06
2.515145417734587382e-06
-7.151027651147159533e-06
2.280607625571604354e-06
-1.124055880236033783e-06
3.103517649480949524e-06
3.107151055158977591e-06
-1.325852281453377915e-05
2.957425161005012691e-06
-4.296318175216997371e-06
2.532758636894126713e-06
-1.889509071518443722e-06
-1.636488950052528392e-06
-2.282286460261592316e-06
8.360399516351543208e-07
3.648624335645382744e-06
1.566911900903715495e-06
-1.175639631473730806e-06
4.751998840755642766e-06
3.383228386094624078e-06
-1.696273090170020444e-06
2.318826743748681685e-06
-4.030384369442717131e-08
6.129050013366974213e-07
2.209268621092970505e-06
1.242508755499803500e-06
-2.295171812025990663e-06
1.493426104536053908e-06
6.415847018847978802e-06
-1.896893486847767623e-06
2.951973892031646440e-06
1.517679759047115620e-06
-1.939975693008930141e-06
4.012335988770172542e-07
2.002316108397280332e-06
2.502415452584116994e-06
2.213056383994873126e-06
-1.288804605206447093e-05
3.470527308368343729e-06
-1.820287276907857293e-06
-4.593448937600380232e-06
-1.013113076042875205e-07
9.679887119324207608e-07
-1.660673911920688768e-06
5.311783855951894035e-06
-3.525706238885170125e-06
2.747887163510553030e-06
-4.230497979279258251e-06
-1.210913310458833007e-06
-4.029514488197882312e-06
-4.041127689950265204e-06
-1.407418717002130384e-06
-1.764493217847299832e-06
1.720481812748532935e-06
-3.533028424216580898e-06
3.433971826129337422e-06
-2.230203699185955307e-06
-6.008381368899693520e-07
1.058273897728232726e-06
-2.454849636509013271e-06
1.686702920631740876e-07
-2.324149779281929155e-06
4.636409349727590414e-06
-2.815785541947502240e-06
3.884809592910189966e-06
1.531257711921924712e-07
1.403441751944338740e-08
-5.058423581547988410e-06
-2.626115953593590839e-06
1.120326699114001599e-06
0.000000000000000000e+00
-3.868919060004265263e-06
-4.315504423682643408e-06
0.000000000000000000e+00
-2.616896834744478900e-06
4.518631996519018431e-06
0.000000000000000000e+00
-1.270210112089157179e-06
