1.095451269913199521e+00
1.027830744069164748e+00
1.016000000000000014e+00
9.051531302085171760e-01
1.049686389659822083e+00
1.010826832135459874e+00
7.863452022667271057e-01
1.198099056760142833e+00
1.016945266733055409e+00
1.028203026967677847e+00
1.375891263912411677e+00
1.066692632365842996e+00
9.953041421165493841e-01
7.338915149032934071e-01
8.999922356130583001e-01
1.114009484796638416e+00
1.013071703886747166e+00
9.876470054143520194e-01
1.066058620778959298e+00
9.381362381887887736e-01
1.022528302021251889e+00
9.792438754202856810e-01
8.780709036265703649e-01
1.199492621371409662e+00
1.025852159683310560e+00
1.031905003794810760e+00
1.158763298724632573e+00
9.863586917264699494e-01
1.034457564827181208e+00
1.009476476688428548e+00
1.233710924417213306e+00
1.590822160195832113e+00
1.204315877520795386e+00
1.310983221678282629e+00
1.615719697977168412e+00
1.465363814680850751e+00
1.204254514611873272e+00
1.288138094183307381e+00
3.085723122273676532e-09
1.209813762972498845e-10
1.274784352450502197e-07
-2.357539326838256770e-05
3.969587071324044425e-01
1.788486324811645076e-04
1.857680695155916346e-04
1.817663847265858833e-04
1.881596565120940089e-04
1.781380415096992095e-04
1.893889455137273952e-04
1.863467706940442762e-04
1.838383595905321256e-04
1.815963508095014170e-04
1.828589323691532547e-04
1.867261647902777378e-04
1.782910392694664944e-04
1.778762636265124276e-04
1.848730299780194735e-04
1.684724387306587049e-04
1.878662700527858451e-04
1.713818541245555518e-04
3.911144603219237769e-04
2.336328208444942117e-04
1.878212007306579963e-04
1.772100896940252300e-04
1.826197980838226284e-04
1.838940707379400669e-04
1.784573408324123447e-04
1.875630686041521644e-04
1.858204281134358217e-04
1.907108459850761497e-04
1.775964633019159816e-04
1.831984238949052916e-04
4.068781965683296949e-07
-5.499325950413777630e-06
1.026710739136906300e-06
7.124056072593430231e-07
4.433758350297822411e-06
-1.384035907465942825e-11
2.005140892150941457e-06
-5.143751929578604390e-07
-5.127225123944586987e-06
-3.079545538973639628e-07
-1.905473769860529870e-11
1.191192838440394819e-05
3.104758065778100872e-05
-3.278731027824877581e-05
9.509059770207078919e-06
-4.473432811870846361e-06
9.932937769605999040e-07
1.435427962239814776e-06
-2.203704951536602605e-06
2.723698851994644987e-06
1.906898968984385452e-07
-4.705361251675429181e-06
5.871976115874689980e-07
1.056508950644006805e-06
1.670057840671629643e-06
-1.921217219872107893e-06
5.463412695700290484e-06
-2.928809351133343269e-06
-2.641720452744351079e-06
1.188789348579958969e-08
-1.447615311993782543e-06
-1.057942285578210222e-10
3.941743228358510370e-12
-7.704860437943501406e-11
-1.009816706466374529e-06
-2.113507840999766782e-06
2.523910131564986666e-05
-5.461622059031255533e-06
-1.200755077063252181e-05
1.443059185259564208e-05
-7.643745346447263470e-12
2.005724122635510781e-06
-1.821537466094599191e-06
2.955008170013690879e-06
-2.244264454659661653e-07
1.838756044365710689e-07
-9.219981499085320718e-07
1.478978625831215468e-06
2.024820959072947305e-06
7.178156049543099808e-07
-4.875520751506909987e-06
1.188678377044262517e-06
4.764805677212806702e-06
6.544882960164708127e-07
1.093816687141632256e-06
-3.472443500323206836e-06
2.275767191595740272e-06
-9.673896897837214751e-11
-3.812752358586917939e-06
-3.567413735828835598e-06
-4.305445510019173882e-06
5.275666540165427560e-06
-2.876060910739834739e-06
-2.787456936772937301e-08
-3.571028656475913896e-06
-1.818517561764842271e-06
2.000252317190728813e-06
-2.780438244138679428e-07
8.758917216359131478e-07
8.922215040596146853e-11
2.274425033399815062e-06
-7.162356734280013414e-07
-6.336426036006278165e-11
3.762074329721230540e-11
9.332601310941115519e-12
1.844017207398107283e-06
6.722805208737831633e-07
0.000000000000000000e+00
3.076561257148178113e-06
6.518089140777214032e-07
0.000000000000000000e+00
-5.041013399019229026e-06
1.116509642153706260e-06
0.000000000000000000e+00
-4.321401496595990762e-07
