8.675567968399267027e-01
9.243577183172069223e-01
1.111118110236220424e+00
9.988934500597859145e-01
1.159521606500689250e+00
1.153243216066405008e+00
8.519765968238003362e-01
7.669606148718105532e-01
9.177702495059507637e-01
1.071072247444704972e+00
2.550243036909402683e+00
1.130979600778974969e+00
1.132154252461232469e+00
9.942171612758721189e-01
1.074323111287317722e+00
9.310740243699821006e-01
7.885337767469602355e-01
1.270339405349365736e+00
7.738740916341793064e-01
1.292222860901346859e+00
7.494210247225694399e-01
1.336504175016624885e+00
2.292950678910557816e+00
8.545494599877133668e-01
8.559412468774726390e-01
1.228714907836472303e+00
6.829894470213792035e-01
2.308237428809020386e+00
8.299983499814588273e-01
1.268425818511469849e+00
9.653379252056943471e+00
1.131817378397581342e+00
1.129349193623780057e+00
1.547753963058543736e+00
8.334770740023123015e-01
8.431447124984583041e+00
1.250694185845163675e+00
1.672869265185870979e+00
2.478461051799870633e-09
1.203522610610739335e-10
-4.249712642593538178e-08
-2.184029081060464287e-05
3.956861996564229877e-01
1.809259262048508454e-04
1.906007757938809027e-04
1.762258902140059324e-04
2.031881367604066900e-04
1.526348022952776198e-04
1.594876866289992494e-04
2.016614111369969306e-04
1.948260650058594680e-04
1.906590606239890156e-04
1.895858102978301987e-04
1.908343584178903338e-04
1.897062923221949225e-04
1.875310769186107535e-04
1.923155264378065190e-04
1.926777013554394763e-04
1.724335560701332386e-04
1.978612226882224307e-04
2.699479801200345939e-04
2.896544249031105011e-04
2.351817386907485946e-04
2.031994232227599963e-04
1.922737125133196061e-04
1.830543961285184822e-04
1.849199433878448082e-04
1.891353853386520977e-04
1.874841225700849098e-04
1.904232375137632715e-04
1.863411299962440450e-04
1.861721674707153204e-04
-4.689765773990614149e-06
5.017422088581954088e-06
-2.850440582129396875e-06
5.793338418636901331e-06
-1.116954573541488679e-07
-6.546593588615500050e-06
-3.074370495316725063e-06
-8.234699101849313458e-09
7.046958882524648145e-06
5.671564965074161450e-07
-3.206145362101280269e-06
-9.078852837199098832e-06
9.219781244389336526e-06
6.578684865150216055e-06
-6.834207186682743449e-06
1.115773590771586888e-05
-3.256991577367038593e-06
-2.531347913428900922e-06
3.334190487294177289e-07
9.929790871072961104e-07
9.525421973433277128e-07
-6.847583503467013592e-06
8.478100699441002916e-06
-2.897234231450896554e-06
4.865359200800848742e-06
-1.551687623564255233e-06
-3.702333620313742263e-07
9.344931014299958237e-07
-1.801873425050959313e-07
-2.145021436037536630e-07
-8.944705851264646590e-07
-2.054443805991940701e-07
-1.126278157262229948e-06
6.429191691687120148e-07
-4.112472929592836205e-06
-1.853689151008881023e-08
1.416779949744949528e-06
-6.098984249630119990e-06
-4.920468470840897381e-07
-3.011142661567823544e-11
6.473116654866086499e-06
-3.399912866305067521e-06
5.334929517535266565e-07
-5.333216587058461534e-06
1.255829758234333212e-06
6.695856201691349541e-11
1.494447091476806397e-11
-7.265589698914958056e-07
4.094751892943655408e-06
-8.295339150040602040e-07
1.200703853990464690e-10
-1.675860761001766680e-06
5.685021351242209751e-06
4.018060503577038754e-06
-1.050846251795845314e-10
2.434008378353027253e-06
4.858988786603272539e-10
1.634792799158606845e-07
7.178449022293714087e-07
-3.698994521470655551e-06
2.192531333750871650e-06
3.611874632590255733e-06
-1.767594959272514696e-06
1.854904086715730154e-06
1.074999640224517142e-06
-1.599596087574515128e-06
-1.213086241159894398e-07
-2.787825759149502339e-06
3.500262910553135912e-06
1.155895156195572541e-10
-3.626192349029840751e-06
9.870734254227358206e-07
2.772710472636852755e-06
-1.804267571154974444e-06
4.566217472949870072e-11
6.476512317814158173e-07
3.308519562837601429e-06
0.000000000000000000e+00
-5.421943284985326129e-07
2.120621828269232023e-06
0.000000000000000000e+00
-8.626079304260831261e-11
1.789531644255332145e-06
0.000000000000000000e+00
1.780822236095322983e-10
