6.659878391039284473e-01
8.833560943539691124e-01
1.324694665752372380e+00
1.083946287068511927e+00
1.360731467370286163e+00
1.420072661403634751e+00
2.468216454312964492e-01
7.144468485028830917e-01
9.054154339904997295e-01
1.288586407784126031e+00
1.470578590801177032e+00
1.432645410885910131e+00
1.364558187787276555e+00
-3.708295062948003817e-01
1.308221066885038031e+00
7.657837294619367352e-01
6.623122978967582730e-01
1.510075115644904376e+00
5.842492547335973452e-01
1.725811594599886867e+00
6.245470943170945421e-01
1.601184636551816531e+00
1.303729882152198982e+00
8.787419541295482528e-01
8.427636899421072636e-01
1.487417978686064846e+00
6.830899532108245520e-01
1.956456345654150830e+00
8.451440551842615001e-01
1.545443236554568944e+00
1.729918404810525390e+00
1.377480401928529385e+00
1.605632025829176968e+00
2.371275438658168255e+00
1.591396915432163439e+00
3.572512107311655694e+00
1.680203608005624627e+00
2.766717020588731923e+00
1.968405559389179127e-09
1.154461520430660482e-10
8.843177328525977339e-09
2.819585761984807332e-05
5.100284101583207885e-01
2.056403081940525704e-04
1.893839548383124201e-04
1.908428807819220741e-04
1.792863352377581712e-04
1.854132982750168767e-04
1.896708247831246832e-04
1.890347533264321927e-04
1.928251275693620135e-04
1.888277940383876943e-04
1.840311577393859523e-04
1.846574237394745161e-04
1.807667652581483641e-04
1.858055761380170015e-04
1.861150517944982585e-04
1.854576354025449072e-04
1.892444539580593276e-04
1.860348519790253757e-04
1.875083393218742226e-04
1.826039735818847480e-04
1.793860388523115792e-04
2.378176433344277529e-04
2.028592294504785048e-04
1.889478392403297021e-04
1.894952046112212505e-04
1.841038821453666510e-04
1.978001408112374905e-04
1.871295921864915383e-04
1.795973375867392248e-04
1.994518044174102447e-04
-1.046732865268153234e-06
1.057791628229423930e-06
-9.929021448896283272e-07
5.693419008678734333e-11
-1.961162334635346618e-06
-1.251014231429198057e-05
-4.851838246728101241e-08
1.204360363053934359e-06
-1.354415858305153186e-06
2.157816174856647168e-07
5.644560732784418144e-07
9.220384118059970824e-08
-2.105318122361378850e-06
4.591007524077982451e-06
3.401565256747247313e-06
-4.673755840107045987e-12
1.985643117569608734e-11
-3.207407780572570072e-07
-1.156681349682390456e-10
-7.123562294426732327e-06
-1.929586474022417551e-06
-1.990646307606556057e-06
-3.375526038235094867e-07
7.873347961832018744e-07
-4.157399572314085991e-07
-3.996733770239607085e-07
5.176546810446168342e-06
1.417100587726713044e-06
6.912434694236688904e-06
-4.006058096929592503e-06
1.018478802380826060e-06
2.591408332258136705e-07
9.085189311737860493e-12
-1.028520536271940621e-10
4.663014086676451241e-06
1.798803232907644201e-06
4.645449475936771461e-06
-2.420736361467969230e-06
6.731837781664669369e-11
5.122673067591424575e-06
-1.973907514419411547e-07
-3.198692408711419542e-06
2.714081202973946269e-11
2.324600920050550608e-06
5.169072989581364392e-07
-1.792887195532336958e-10
-1.622878320285513068e-11
-4.622656935399923610e-07
1.010373810847487980e-06
6.872956391800815422e-06
9.757829997907642240e-07
6.165581925261173787e-07
-1.431946382009092699e-07
3.528363787706980282e-06
-8.900588836979212559e-07
3.035533951081600623e-06
-2.524560328406073333e-07
-4.790767688563836416e-06
-3.238243332587746455e-07
5.545042696814151274e-06
7.792894247065113060e-11
-8.693421506647914444e-08
2.339645739928603485e-11
1.394818412681687936e-06
-1.691081251019951925e-06
5.861989358139188786e-07
2.420565131863939297e-06
5.262147785407730505e-08
1.472962245104387143e-06
-3.488022835765176777e-06
2.024513374860684867e-06
9.732658122984047651e-07
8.080263807311897919e-06
-2.053647258094834896e-06
8.658528137347504324e-12
8.801601412200218869e-07
-2.546480594349981315e-07
0.000000000000000000e+00
-4.082664636082902225e-07
2.413865981213061855e-06
0.000000000000000000e+00
-8.126616438763916949e-07
2.997103105021962086e-06
0.000000000000000000e+00
1.910028795862900714e-06
