7.872253639675407255e-01
9.340641893276092622e-01
1.174042099829206043e+00
8.030425826294349534e-01
1.081114727292167288e+00
1.099469548614615544e+00
4.671724236760230742e-01
7.902421152851392128e-01
9.411307650286132587e-01
1.209803842962439369e+00
1.257220144295993158e+00
1.185519838130549619e+00
1.180737194147892133e+00
8.076575008629016672e-01
1.200656542910568447e+00
8.329692301386736331e-01
8.732269383842800048e-01
1.226967618515417691e+00
7.398754556613813538e-01
1.400647382277940167e+00
9.366786795999887394e-01
1.148187261385953839e+00
1.159546896427179341e+00
8.939059710021236560e-01
1.093338550810573517e+00
1.363150224332680960e+00
8.833503803631950202e-01
1.437977643000726058e+00
1.189783358221667031e+00
1.393894665160187341e+00
1.429725141725755488e+00
1.195718306600813907e+00
2.110953078973667019e+00
2.176763284138127919e+00
1.721426790209587221e+00
1.842989627522734875e+00
2.549686556222935607e+00
2.324594435600549680e+00
1.845850174982746299e-09
1.128067086485849728e-10
-1.785556492232623718e-07
4.063972130462872553e-05
4.983139275943246349e-01
1.966991501782067251e-04
1.908174316729510460e-04
1.755272438655424263e-04
1.885915131065940217e-04
1.768248044238924198e-04
1.910218228249470525e-04
2.019741990209753468e-04
1.938496785156218960e-04
1.934111237519338259e-04
1.822645482157694537e-04
1.832979585218570912e-04
1.836063706674435740e-04
1.842701447884325413e-04
1.821822107967285137e-04
1.788189335910179371e-04
1.758470326821981195e-04
1.800747717530435895e-04
1.918657917489252315e-04
1.863035548968708247e-04
1.803976640553975851e-04
2.052586333279191261e-04
2.116086461548216354e-04
1.899358415225990985e-04
1.902288186852191406e-04
1.894807505639658596e-04
1.807362030417592402e-04
1.848291960355662135e-04
1.873888503960684801e-04
1.977673515534035000e-04
-9.122849274380321970e-06
1.220626920277334088e-06
-4.112174928536266609e-06
1.353305152826320533e-06
-7.764403337872858424e-06
-8.656435233930076105e-06
8.349551405343018988e-06
2.456978721922118330e-06
1.561342504378397789e-06
4.412711794501297942e-07
2.996831398644691617e-06
1.958488500940177105e-06
1.305924332557174701e-06
-9.706201199439218064e-06
2.812944504776650300e-06
-1.095454469767873993e-05
-3.114609064348962812e-06
-1.299434357813656685e-06
-1.402444659417692080e-06
1.096814708892959091e-06
4.997841075333321924e-07
-1.242304269199126092e-06
1.467137396572037372e-06
6.395779257198435956e-07
2.331252184914998026e-07
-1.603798820572898101e-06
1.026085633017995985e-05
3.096666002417626687e-06
1.280691903220308435e-06
9.115505247488141580e-07
-4.067879807299882448e-06
7.009013771245813429e-07
5.283844834350106593e-06
8.374870285859750040e-06
2.820216642223984448e-06
3.327115946949699179e-07
1.840265459772779649e-06
4.829422160836702325e-06
1.532412539098935772e-06
-3.071340855080845698e-06
-1.569999040033876780e-06
-3.088670070827832641e-07
-4.263499883643868310e-06
1.273600398625364568e-06
-1.895859489834051780e-06
-2.844546719828726660e-06
3.795333841102847742e-06
-1.082838089051739767e-06
-1.378765652715913472e-06
1.083579602141563181e-05
-1.382044257380717583e-07
1.131945098439489848e-06
5.336614552948998908e-06
-1.095081208031908581e-05
5.358379583076906745e-06
1.235945779139036052e-06
2.090635354053101415e-06
1.499197134664319216e-06
3.042059930441416161e-06
5.101659858601235499e-06
1.266356670877994128e-06
-2.406630116326827605e-06
3.758665552382573109e-06
-5.936523298812576344e-08
-1.955252632947363001e-06
-9.487099745394317559e-07
1.170870289319158406e-06
2.910330835384817285e-06
3.488801405167288022e-06
-8.704534270751787331e-07
-2.716127979856267391e-06
8.240983072870152672e-06
-2.118873289882365378e-06
2.787371170931107757e-07
7.433462334019555041e-07
-2.452481046776122615e-06
-1.880303145221258448e-06
0.000000000000000000e+00
-4.917774291552947950e-06
3.626484373340162383e-06
0.000000000000000000e+00
4.912968926331210371e-07
2.411253582677190631e-06
0.000000000000000000e+00
1.432018470762508684e-06
