9.543917209989971617e-01
7.373566859884024272e-01
1.064340017347824130e+00
7.834267204312015398e-01
1.078378352338137613e+00
1.071474106789779945e+00
5.906020184476956647e-01
9.708953686143482198e-01
7.472750958926208664e-01
1.059236065691556483e+00
1.423391541076643563e+00
1.089630692756095698e+00
1.068439192938309024e+00
7.687857796709129943e-01
7.756786735686014289e-01
1.289377189628079234e+00
6.874700764444767742e-01
1.454836144128508924e+00
9.002015104521723377e-01
1.110875423844776666e+00
7.019901157130272740e-01
1.424653463597545855e+00
7.623565811680867998e-01
1.333816601993218942e+00
6.959060367796838786e-01
1.461363182297876762e+00
9.097425843202613382e-01
1.100910790804706885e+00
6.993818481122101582e-01
1.449097221795006440e+00
9.502851312358404634e-01
1.523508814374865628e+00
8.272756896162709594e-01
1.672657231629958829e+00
9.598295190747350158e-01
1.171921233271671747e+00
8.467804027891128182e-01
1.689196508545373288e+00
7.503181751627190280e-09
2.002408653931093142e-10
-6.067396177227914044e-07
8.660990544900328773e-05
4.475124061585443735e-01
1.906144059852117861e-04
1.847025518450990983e-04
1.833530180852054839e-04
1.851346164524205699e-04
1.846120174925547548e-04
1.892680080991982372e-04
1.910007247763552320e-04
1.924585955450205585e-04
1.879921202520323700e-04
1.859215652966629117e-04
1.870111671330867238e-04
1.882260737131213782e-04
1.837639194851614134e-04
1.857969061970968347e-04
1.953246953246311809e-04
1.694442246248829159e-04
2.363885282076947335e-04
7.677193384621807401e-05
6.592933219000799740e-04
7.181120823190982865e-04
2.289553055383284491e-04
1.892122732833078930e-04
1.916118782049601476e-04
1.947391869155740628e-04
1.872324975431847245e-04
1.867004261325110439e-04
1.852474714719594927e-04
1.919821863561068081e-04
1.805193572370341953e-04
-3.202195275061441580e-06
-7.453573410993531941e-07
1.865350009747319796e-06
2.453893748416286732e-06
-6.393320372282913289e-06
5.756917642935899130e-07
6.784425233174193334e-06
4.397831040144232348e-06
3.177277361105370888e-06
6.982644945390230780e-07
-5.799639092142201856e-06
-1.010943788454131412e-05
-1.268714810823135653e-05
-8.520402886494821181e-05
9.635417180994541365e-05
-5.351712867340512460e-05
4.058768080658754719e-05
-1.721539224913303976e-05
5.494622200071799532e-06
1.758461476956746788e-06
-4.440783407331592602e-06
2.741096307461405262e-06
6.598917274974253296e-06
-8.071537184117576566e-06
5.142164151630043176e-06
8.294151019381919979e-07
-1.015749155679283556e-06
3.571549826937409384e-06
-5.854026983805957280e-06
-6.013224605316839957e-06
-3.227437075223879838e-06
-4.540438894686985678e-06
-4.600615955855682963e-07
3.048589408591929527e-06
4.937608462931571441e-07
2.599052934645937345e-07
2.687606927270183750e-06
3.375472596811456111e-06
-1.379499019375790767e-05
6.835453038137204232e-06
-7.805314348962771106e-06
-1.767752801868493153e-05
2.728075853108230894e-05
-3.419771942585207367e-05
2.300142227909259229e-05
-7.522523717307513546e-06
3.519776574061993173e-06
-6.370188274724510519e-06
-3.196427165911293289e-06
4.671659317911336521e-06
-1.686184385860068837e-06
5.103602548179628654e-06
2.442476928935475540e-06
3.239610920069159484e-06
1.346105733628783534e-06
1.689600379540926345e-06
2.944763798033565718e-06
2.583418381281024976e-06
-2.860545198252993309e-07
2.474079004794719156e-07
5.808106074727637869e-06
-3.934777089904417956e-06
-2.216123302019477822e-06
3.279373869869208556e-06
3.047305456344223941e-06
1.839549896857508281e-06
2.050641932018301806e-06
1.626539164672431283e-07
9.064063510730206454e-08
-8.146972724834231568e-07
-7.495090401447756698e-06
-7.277371329911413016e-06
-4.680986752745451634e-06
-3.092047932546874666e-07
2.598078145670067200e-07
-4.500384500035479915e-06
-2.324069106726292495e-06
0.000000000000000000e+00
-6.409807380868904297e-07
3.823296444024440826e-06
0.000000000000000000e+00
-2.273501489250769316e-06
1.715472904834909253e-06
0.000000000000000000e+00
1.628046453988156227e-06
