9.629599490125151373e-01
8.620073281787345998e-01
1.067669172932330657e+00
1.036896804467245747e+00
1.045996565781581733e+00
1.065823346187154019e+00
8.429733191511641355e-01
9.985089971378584561e-01
8.808662392833941368e-01
1.178978043981808277e+00
1.239779154844788955e+00
1.293700012726387794e+00
1.268774440967231243e+00
7.426523617861904292e-01
9.364440848097546066e-01
1.068137132195988492e+00
7.832745689277904599e-01
1.282502528207851267e+00
9.036273506930132537e-01
1.106758813109639528e+00
7.934167928387495516e-01
1.262982285182012721e+00
9.188906186411095467e-01
1.123804119339115726e+00
9.240173234945032732e-01
1.338849723515987300e+00
1.020664368463687355e+00
1.177123338249318474e+00
9.166101505169261809e-01
1.444625695249235786e+00
1.118895469587075642e+00
1.458171245154885165e+00
1.589378430522596641e+00
2.000480733338522832e+00
1.458419665040514790e+00
1.915847921756393513e+00
1.685632921574597987e+00
2.046068941977424949e+00
2.284840215116407026e-09
1.303806611447798007e-10
-6.101656956344153338e-08
-4.669546800514552139e-05
4.361201247057326924e-01
1.823775733041590888e-04
1.874246621567168542e-04
1.852931280851280102e-04
1.946790949627579372e-04
1.819420187803864127e-04
1.874819295997669851e-04
1.896529297558120601e-04
1.953767505340993956e-04
1.936113432653870895e-04
1.948253904743687734e-04
1.934894919524713036e-04
1.885505002179770138e-04
1.920445132350823560e-04
1.856056933833948996e-04
1.871209838695915215e-04
1.824946696498841599e-04
1.975811779019839203e-04
1.750708664904129927e-04
3.039902783697412880e-04
2.919015334167394992e-04
1.938375184493185046e-04
1.997559270352008563e-04
1.871129501967866437e-04
1.807459212131336940e-04
1.934435705747005081e-04
1.810256441457820382e-04
1.868583042250313486e-04
1.858577070805659658e-04
1.824243098576998692e-04
3.719382877248569816e-07
4.082345967673656584e-06
1.310387831294978155e-06
3.013813149540210509e-06
5.778737577534158969e-07
1.471973602014099083e-06
-7.222070104723869099e-06
4.457191348805980467e-06
-2.124665345404445667e-06
-3.731587254588178530e-06
3.119454956386395284e-06
4.501543686205334641e-06
1.305012245199302926e-05
7.955972076456212439e-06
-8.994640350491675811e-06
7.304306437482058358e-06
2.086596919057924776e-06
-4.061571733302996449e-07
4.013373298361467919e-07
3.313456607919021589e-07
-3.993646548954717995e-06
7.459571399509334912e-07
2.363613532360934584e-07
-6.779145187871365388e-06
-5.182253005385365277e-06
-3.217840916181326151e-06
8.104361240389553281e-07
-2.403307025724171241e-07
-1.289708610440237129e-06
-3.463357893216169787e-06
-4.102867241148849307e-06
-5.498415222424644195e-07
-1.456395438280250287e-06
2.043473407824760842e-06
3.139673026760571180e-06
-8.066189579507308310e-07
-2.081966070599743040e-06
1.278901902765531504e-06
-4.573995496386958031e-06
3.434888164891714126e-06
7.002159812934378953e-06
4.292272334098545702e-06
-7.957304221125445145e-07
1.226734377124571570e-06
1.414838221694897188e-07
1.101989572529546859e-06
7.079309047952544690e-07
-1.241038533221035974e-06
3.950675634027072498e-06
-4.352480704924844498e-06
7.147144167922194371e-07
-3.059027123212741307e-06
-3.511989449108210421e-07
-3.162067892569485418e-06
6.849217630527760185e-06
4.839297844428544246e-07
-1.024180918630542018e-06
4.531991783892341932e-06
-1.357511737784964317e-06
7.874029533849583575e-07
2.225642645311402269e-06
-3.525612346422527420e-06
1.577177730520001801e-06
1.235700549902841050e-06
1.814461594310484978e-06
-4.342896008838890296e-07
1.299422681043720250e-06
-1.943792503365373106e-07
-1.181327105058040164e-06
-2.754580296565679468e-06
-2.346295280127501028e-06
1.034503473908107627e-07
3.725816268179364423e-06
-3.499703095980902728e-06
-4.018960455607916598e-06
3.527030100546200504e-06
1.367959226134056066e-06
0.000000000000000000e+00
4.180096536520242703e-06
-4.338292001841022961e-06
0.000000000000000000e+00
-8.600047969685902799e-07
4.611886904709044271e-06
0.000000000000000000e+00
-8.340159212490811817e-07
