4.976554165839731092e-01
7.902044215132703053e-01
1.583361466120086991e+00
1.657676230931213635e+00
1.659705011087605708e+00
1.574609106115073320e+00
8.518119902149264844e-01
4.760715216128274530e-01
7.934908591855202031e-01
1.522203540775372232e+00
2.220744174778042535e+00
1.573361041807592287e+00
1.560532061898566969e+00
8.489929795961281833e-01
1.510090254388333442e+00
6.624570479981524151e-01
5.404523249720516453e-01
1.852238238140127891e+00
3.019528653917203931e-01
3.316709001776261267e+00
5.270710523081072463e-01
1.905579383118656711e+00
1.575915743993794083e+00
6.634476703293443745e-01
5.659447738798464300e-01
1.896855019691241928e+00
3.385429277827217698e-01
3.062175516552113841e+00
5.818654970430124918e-01
1.813495138741567203e+00
2.179974878688284434e+00
7.935067225138814351e-01
7.263149474019383600e-01
2.498992039000953014e+00
3.676108317434672035e-01
3.717815760449398432e+00
7.508628661866538767e-01
2.594799756264841939e+00
2.385475225283793721e-09
1.281717631676947117e-10
-8.110303752940724891e-08
-4.210566717907470699e-05
4.446812571573991457e-01
2.063130497626108222e-04
1.973895923354800530e-04
1.886625891869706732e-04
1.855149724404268072e-04
1.739201853218414655e-04
2.039191773569069355e-04
2.172783461084159639e-04
1.858921913745601351e-04
1.876873174009193975e-04
1.954418715334251553e-04
1.853951161072341612e-04
1.872499082986335810e-04
1.913022411106937671e-04
1.866911531896876114e-04
1.861437999646512126e-04
1.803862266771657434e-04
1.843766759351296027e-04
1.729258381398211526e-04
1.911698720245525417e-04
2.844842377866258886e-04
2.389827225277182075e-04
2.013135090621754990e-04
2.024119789754329159e-04
1.826342539149220607e-04
1.872895650776787023e-04
1.886095118856877099e-04
1.861732394964804355e-04
2.137348641172884495e-04
2.292834878286629835e-04
-1.280935151318575549e-05
3.061726835395227996e-06
-2.342441436626124926e-07
-6.214530205325248950e-07
-3.426460163327275479e-06
-2.120074144448725923e-06
-4.687244630095175265e-06
-1.581276818873062250e-06
2.661740646555618592e-06
5.296157600839894724e-06
1.357248704511610406e-06
-9.339379568883593745e-07
-7.813908669288351883e-06
-1.540530357421508810e-05
3.825675222571219464e-05
-1.792626729160482879e-05
1.250569204305396575e-05
-2.592542745799160449e-06
-6.195898606831147340e-07
1.715598399236341197e-06
-1.975496946651504828e-06
-3.442270388533014756e-06
8.898843528789114914e-07
3.964850619875857961e-06
3.919601931608341646e-06
1.214948833899048998e-05
1.936954950285981722e-06
-9.964146791895294380e-06
1.601973258648435330e-06
-6.742286315918553052e-07
-6.233564950641365762e-06
-3.634156309264601641e-07
5.120836880864100779e-06
-1.504452977296794152e-06
-3.600555113621481629e-06
-4.240651686500639015e-06
-7.725695502095692260e-06
5.349807911728079040e-07
3.856227399995796069e-06
-5.435915483810083954e-06
1.426984426500436148e-05
-1.751638119226952935e-06
2.251590957520334420e-05
5.746967250393527894e-07
9.702772320124406323e-06
4.401332665831265976e-07
1.365121179500704389e-06
3.632623114500717544e-07
-1.452170195179071691e-06
5.869521775000222967e-06
-2.485616960412548750e-06
-4.426477605564220362e-06
5.827784419465132730e-06
-7.336003344937015798e-06
-8.076471791091247832e-06
-3.097896251294029567e-07
-5.201203658914518598e-07
-1.287229627411033051e-06
4.997856176705612637e-06
-2.678603250898993973e-06
-1.239929042439181797e-06
-9.474114520583135389e-06
6.036524242928222102e-06
2.923098955009124805e-06
-5.755725950386904020e-07
-1.000713252027814666e-06
3.059476251985499570e-06
-6.312878268796305511e-06
-6.852096215496537848e-06
5.386034762937093167e-06
4.417485664048231896e-06
5.072230319909183867e-06
5.036550580838605676e-07
1.349829103036414780e-06
3.961389573239867096e-06
-4.462940570241615800e-06
5.332021863310507189e-06
0.000000000000000000e+00
1.808368426733502521e-06
1.053998725405945962e-06
0.000000000000000000e+00
-2.882255121074555482e-06
-1.364374859407805049e-06
0.000000000000000000e+00
-4.049438149885541538e-06
