6.922857264158202018e-01
9.130652478272098804e-01
1.182645984511338177e+00
1.406827416455693314e+00
1.129948322766517244e+00
1.100360798707968879e+00
1.840464154104594630e-01
7.040679011326009817e-01
9.416332816200909672e-01
1.055560543849862754e+00
1.512021392374347961e+00
1.034276200686279346e+00
1.119379854544682029e+00
1.868474286767134451e-01
1.263706657293914182e+00
7.913240841708564233e-01
8.750679790584976470e-01
1.205410441326700610e+00
6.476794859535099924e-01
1.607579982754606895e+00
8.734969602618829487e-01
1.160515329761820702e+00
1.288894780202457291e+00
7.902547396540258173e-01
1.260071661878574112e+00
1.079468732495199479e+00
9.644269351635303966e-01
1.536185507265501737e+00
1.467869667650798959e+00
1.125115968672930400e+00
1.597022073314838142e+00
9.312020162798773093e-01
2.450410732404617598e+00
1.695422228378234308e+00
2.321628122964173091e+00
2.181245802012647950e+00
3.461690683068798347e+00
1.827633589154384897e+00
2.853831124686178641e-09
1.637595401613575320e-10
-1.058226116904948917e-07
-4.358003555014826032e-05
1.882203004843900351e-01
1.949686147437075523e-04
1.922416758543257428e-04
1.976463638924644988e-04
2.314295640915450228e-04
1.718385790606004717e-04
2.544702151581466378e-04
3.351932783074859580e-04
3.009394332801906022e-04
1.988749638209108930e-04
1.993152700088107591e-04
2.095005363612593584e-04
2.072167514482565684e-04
2.041836747391329542e-04
2.081097238688504902e-04
2.011504714028895531e-04
1.922089948523965082e-04
1.934504685533586688e-04
1.944977082092385050e-04
1.960936300291616209e-04
1.922421372877758947e-04
1.844033821899442190e-04
1.744835492778848570e-04
1.997832122312071445e-04
2.256738773119519733e-04
2.061325715135138526e-04
1.894109348349017812e-04
2.054793955288736261e-04
2.014924191559447364e-04
1.992040164726865221e-04
-2.773385222317521526e-05
9.682387042375264439e-06
-1.986447850414892712e-05
1.324420301175545787e-05
1.570065021284219861e-06
-1.853803826953644801e-06
5.949686024800542794e-06
-7.353052741310904654e-07
4.308922458636772572e-06
9.887972774784964646e-07
3.042085222263439982e-06
-1.001549235763207228e-06
-3.886416168901799515e-06
-1.537660435850591606e-06
-1.123838073381815435e-06
-3.438138577459528318e-06
-6.773330601509628973e-07
-2.017397126016756326e-06
2.054761511057563551e-06
-2.036757032681249239e-06
9.319537683769815614e-06
3.115605655816795299e-06
1.365652353011998819e-05
-8.370214266757495427e-06
3.680051564749569720e-07
1.097774738965187847e-06
-3.017919232820659128e-06
-5.878105956019159567e-06
-3.720607242246716361e-06
1.210272096051733044e-05
-8.767095896397438689e-06
9.354826246218072562e-07
1.713654034189620307e-06
3.646566680225675196e-07
2.314630837185307714e-06
2.567405494559350487e-06
1.430865995217854258e-06
4.941491336433909517e-06
-2.300380196575296498e-06
7.585533357178909695e-07
-2.445093851018579171e-06
1.174196819515005900e-06
5.673713011888840235e-06
1.744074897156073711e-06
1.360800789585864274e-06
3.416173469582279466e-06
3.489664296164381032e-06
-4.364474836787061405e-06
-5.442771180093250563e-06
7.793408853325189956e-06
-9.749055514483310813e-06
3.087776719479094794e-06
1.337763185471942253e-05
-1.080037040557729877e-05
-1.588351928758787795e-06
-2.429729338127885160e-06
-7.332405058741013662e-07
3.300075143297098611e-06
1.276017569992975490e-06
-3.527929935561191927e-06
-2.609966254620384064e-06
4.282503137139160654e-06
1.361833597890536597e-06
-2.299794342157426582e-06
-9.386743818126388939e-08
-3.092482020805770621e-07
-1.079050363701558437e-06
-2.246736314594132027e-06
2.162036474637275161e-06
-1.584064108387348839e-07
-2.410520478193482232e-06
-7.848439606188127282e-08
1.683240164478516695e-06
-6.767273634531764592e-09
3.458377722321710390e-07
1.129008699888311842e-06
1.030729225487615102e-05
0.000000000000000000e+00
-2.908719443726474014e-06
6.346108793348354293e-06
0.000000000000000000e+00
-6.907020106243871571e-07
5.903483717476059208e-06
0.000000000000000000e+00
-1.008330288775944479e-08
