9.495903339688155365e-01
8.544487103534577077e-01
1.028782937309105971e+00
1.414524814375534900e+00
9.788157985784747828e-01
1.016605263108754542e+00
6.184822817310468013e-01
9.517477746200239119e-01
8.841839992023712291e-01
9.661090221611519091e-01
1.386056610720561189e+00
9.561173127945841177e-01
1.019672523720577484e+00
6.081058635984344374e-01
9.631979745924691416e-01
1.038291015722011768e+00
9.074978675053959609e-01
1.113562521343921530e+00
9.530821532064881474e-01
1.049555930000413140e+00
8.811960735457127214e-01
1.134889469455490296e+00
9.578314639436305011e-01
1.061309867042583566e+00
1.020016286698991692e+00
1.134039818940673072e+00
1.113980039618488238e+00
9.872923033077877220e-01
1.048514723098703971e+00
1.163833061149991188e+00
1.105364104521184387e+00
1.268093251766222895e+00
1.666503481788165208e+00
1.425105044530176279e+00
1.682350638529278353e+00
1.211690847498705148e+00
1.862298115657966768e+00
1.418769367918292890e+00
2.134630420252138619e-09
1.111151195204724133e-10
-1.836511913106573662e-08
-3.978140143121624813e-05
4.254242907315106681e-01
1.820463915709555629e-04
1.824924867277791750e-04
1.763076573581506649e-04
1.776884319702671296e-04
1.776432981649392242e-04
1.771643584524940323e-04
1.931799131090055363e-04
1.868149225355298379e-04
1.834939462990563264e-04
1.795219686465144302e-04
1.840142273781964345e-04
1.829679232380177997e-04
1.882573935933908949e-04
1.830013109362606445e-04
1.885664779971930795e-04
1.853733885835779282e-04
1.866765293399563210e-04
1.656381476338011959e-04
2.829130213949839086e-04
2.244337947252838291e-04
1.987512372395008257e-04
1.874440627798370368e-04
1.756590827565044418e-04
1.836597624154261729e-04
1.835181230537517589e-04
1.775633405345361645e-04
1.840016113139960490e-04
1.703716811267670477e-04
1.800435493351254675e-04
-2.140665769297522356e-06
3.753167265486187663e-06
-4.008971476355062174e-06
-5.794818588077951666e-07
3.649969216862549665e-06
-3.053888962601742878e-06
1.971240647247407768e-06
1.214224693614729562e-06
-1.370731383726415118e-06
-7.207071931367790102e-06
1.903508247084550005e-06
2.267588232737349152e-07
2.264111296990938970e-05
3.520613513070060984e-05
-1.835764463958803488e-05
1.153027204411116564e-05
-1.642241940236217600e-06
-4.665703152178036653e-06
-1.838405917676115060e-06
-2.782149694659235224e-06
1.721981671714358886e-06
7.692246866637167177e-06
1.595089573968579433e-07
-8.162618068077540253e-06
7.081522435954751025e-07
5.894030999958506429e-07
2.201190579039536972e-06
4.841139207832803362e-06
8.864792046695059112e-07
-6.691318059229818851e-06
3.114970974043610960e-07
2.135593831939133488e-06
-2.210925856371962728e-06
3.608975482666157409e-06
-9.066000650350720477e-06
-1.826664105323239143e-06
-6.402322812023677795e-06
1.897006777556333913e-06
-2.578358672457900255e-06
-2.156239986214574402e-06
-2.197865625353283769e-05
-2.453921737404493696e-06
2.045164785002830755e-06
-1.487894372274387954e-06
-1.703609043552293396e-06
-2.662449770685858705e-06
1.628891922849917842e-06
2.020503793227623232e-06
-2.622667442203607825e-06
-3.296045456741040761e-06
4.185462547468989199e-06
-3.662922547531420696e-06
8.517955915933142185e-06
-2.867361488990926818e-06
4.375348802702467567e-07
-3.048005295897476850e-07
1.146433528859411926e-06
4.809559797171260149e-06
7.520619623583645480e-07
-1.820866564351987561e-06
3.477752633236789323e-06
5.676770828699798784e-07
-6.737008165568642771e-06
3.983317580061097730e-07
5.949289557495752574e-08
6.766181051097212797e-06
-4.535889343574755946e-06
-2.754978906440275251e-06
5.737676924462368892e-07
-8.980886525943828689e-07
1.274247805396383146e-06
5.303731098995760583e-06
-2.973491748491089924e-06
-6.485846769909701049e-06
-6.233304421787571176e-07
1.378634279161793843e-06
8.595975240741044899e-07
0.000000000000000000e+00
3.041120663856100944e-06
5.262882795846408256e-06
0.000000000000000000e+00
2.270479240275019934e-07
1.358999075405785440e-07
0.000000000000000000e+00
3.499294701706695518e-06
