9.811060223098868605e-01
8.892289684657133098e-01
1.052980132450331174e+00
9.161807608444003659e-01
1.055687279143956214e+00
1.054266824346401954e+00
4.983180943511346106e-01
9.933225959512987924e-01
9.012767794810747635e-01
1.054999269808817086e+00
3.176319557865075804e+00
1.061135195424767863e+00
1.054750870045624289e+00
-6.120907140931812762e-01
9.078334223348414334e-01
1.101815744241242623e+00
8.412756511958674466e-01
1.188682952413230520e+00
9.258547551077339621e-01
1.080215377845950231e+00
8.373373149721046182e-01
1.194266164014774034e+00
8.954109243447452293e-01
1.125574662626953160e+00
8.496005369351329328e-01
1.189272160473339390e+00
9.367339725003562823e-01
1.072383883873037513e+00
8.480707659976758350e-01
1.185122755914764348e+00
1.039992314750608049e+00
1.271448218226746363e+00
9.309318042747656285e-01
1.325992804857476060e+00
1.021019458426761783e+00
1.148730507956632785e+00
9.544700424419716445e-01
1.351746992349998511e+00
9.688336561702475886e-09
2.389946812743798685e-10
-2.168807021765951985e-07
-9.842084281590293422e-05
4.853352843873266487e-01
1.789490620530837244e-04
1.754755900132107293e-04
1.871946314818565623e-04
1.907358871588861850e-04
1.830016521724452442e-04
2.022060711071323842e-04
2.268008397360683163e-04
2.088152316353648593e-04
1.848200374086879458e-04
1.909370555355768611e-04
1.893064505541486027e-04
1.890074541878344113e-04
1.839945192106874519e-04
1.817417732629532552e-04
1.855456405966035538e-04
1.810987491208922509e-04
1.872285467456698738e-04
2.134875710693511473e-04
1.133023880481043310e-04
4.295757100695685930e-04
1.053677513428782821e-03
3.342850471145489451e-04
2.454795421642802121e-04
2.124431593200028950e-04
1.973721660917226442e-04
1.830398019637290066e-04
1.869742020844922768e-04
1.869331248657271540e-04
1.834569640713729446e-04
-3.703761154191904973e-06
7.120014476784999655e-06
2.414909210024091003e-06
-4.088719975531572952e-06
-4.901217966163658125e-07
3.135762029034343498e-07
2.139845086148422303e-06
-2.689216368959582975e-06
1.052303928974434671e-06
2.167150826141869871e-06
6.014774920864710173e-07
2.426690236338276308e-06
8.552234993581497678e-07
-1.431297319655126067e-06
1.111608680020585347e-04
3.485354321711524577e-04
-2.142212886626511630e-04
1.147936028207573520e-04
-3.154471119228403436e-05
7.280680750844382016e-06
5.616695160769759152e-06
7.237573993179563318e-06
3.457653625312979272e-06
-3.576261568149294950e-06
1.897376792115276866e-06
3.764206753152265749e-06
1.047292000409525930e-06
3.506333226890379257e-06
1.043434819557611519e-05
2.647500800816283957e-06
1.032532217898293201e-06
5.109082255777314970e-06
-4.047015633898746240e-07
6.976460100515521757e-06
2.490280455693264748e-06
-2.628637281476466351e-06
5.518404689937649311e-06
1.813534887465789460e-06
3.221238890999542931e-06
-3.349091158775168289e-06
8.383290976239503795e-07
3.938174003573900224e-05
1.115668010243750128e-04
-1.061878650031846858e-04
1.791876052924586561e-04
-1.444150566627258950e-04
8.121349613891922414e-05
-1.913608515105261903e-05
2.135030713973994524e-06
1.056925300115926151e-05
-3.846905764911818806e-06
1.884599697653493529e-07
4.084026288202812567e-06
-5.806162234839039077e-06
-2.025723418822169957e-06
-7.546257485777765881e-07
5.773371754132405958e-06
-1.977154117606710428e-06
4.849335933185769256e-07
-3.586250983413016270e-06
2.237997746895879781e-07
-2.565787917758015041e-06
-1.821687043744062510e-08
7.829093611112792964e-07
3.098559724147051992e-06
1.272276123376096790e-07
-2.393160292123435329e-06
1.125275906397244159e-06
-5.976167160138653727e-07
-5.504373851677589394e-06
-2.231517793945222067e-06
-1.359913590029092887e-06
-5.683479267044274574e-06
-1.358853535296094905e-06
-6.943399876440749634e-06
2.360973835602746937e-06
1.687415480675574726e-05
0.000000000000000000e+00
-3.062204453834561702e-06
3.233540765457180955e-06
0.000000000000000000e+00
-6.007419586232501197e-06
4.223072254623580362e-06
0.000000000000000000e+00
-1.679667457134788133e-06
