9.378987356065209280e-01
1.189226744714645623e+00
1.090282131661441944e+00
1.132627246123067088e+00
1.103080052807466238e+00
1.116354859117979270e+00
7.748146900943784221e-01
9.275999065935125465e-01
1.244038020939528089e+00
9.884698998297568595e-01
1.940860257780457232e+00
1.020614147694190343e+00
9.972374180290473067e-01
1.099686228836585178e+00
1.335998159213969583e+00
7.656728362602623905e-01
1.235359860499364526e+00
8.131222513865888901e-01
8.628568908184333086e-01
1.159075714435414239e+00
1.239592130715927443e+00
8.091648229518725310e-01
1.397355486840742511e+00
7.906703520108566696e-01
1.336229993644785008e+00
8.236193170970075306e-01
1.026672273198962815e+00
1.088196876724877082e+00
1.313836539717059493e+00
8.463081128690432831e-01
1.962507067198439037e+00
1.172327968801836651e+00
1.993471239523026739e+00
1.362924523244092523e+00
1.487108229709744434e+00
1.265560991081289499e+00
2.051079127832259985e+00
1.382207033454331269e+00
4.480462095756165896e-09
1.749352856152209874e-10
-2.887595858075452536e-07
5.281527492883932614e-05
4.819710026812440429e-01
1.878597961311512569e-04
1.897171654619073046e-04
1.779704474845634067e-04
1.974831853289729048e-04
1.813584992009257212e-04
2.036130892204065655e-04
2.021417458655733797e-04
1.940188671416011030e-04
1.842348523331835766e-04
1.854318376633605850e-04
1.941848698268373711e-04
1.811998611045416733e-04
1.898827017072604085e-04
1.773705694426576233e-04
1.826509486686921536e-04
1.915895761577900548e-04
1.825539675659959506e-04
1.912638790859520104e-04
1.682179010413193754e-04
3.222455370321656741e-04
5.181208723744241702e-04
3.945538457270016835e-04
2.672865490326153124e-04
2.109262169609650692e-04
1.890675215843607283e-04
1.815377523006325223e-04
1.852958263724318352e-04
1.897306486593676347e-04
1.874061796781295401e-04
-3.187962623671869769e-06
-6.813709709346046041e-06
-2.816495686970494216e-06
6.534598662411033424e-06
-2.820868661502844596e-06
1.366261128988974886e-06
-4.987073840119108127e-06
3.654867767131238024e-06
-6.819565480119192816e-06
-1.802249000250675755e-06
-2.495496058451173336e-07
-2.175325901031156404e-06
-7.742264367540843657e-06
-1.818350521130235689e-05
-3.122164946504694635e-05
2.269552898876354464e-05
-1.440454457484381593e-06
8.622478550079873026e-06
3.194343550918998417e-06
2.341207730482640653e-06
-4.990371493935528766e-06
8.687882076872794672e-06
5.146823452193035792e-06
-3.712387571397075640e-06
5.920765051413015262e-07
3.781573833900255185e-06
-1.315046852392573542e-06
-5.516115659387939985e-06
5.531289486058402143e-06
3.696439053354114813e-06
4.198950186175432682e-06
2.611760335641337276e-06
3.145714977963516730e-06
-7.487412447921293628e-07
-2.567434131462414356e-06
1.378252056945423173e-06
2.706573693623229291e-06
-5.509700451129347012e-06
4.355070244878197068e-06
-2.134421968185638615e-06
3.123387669497239343e-06
-4.217384027602741054e-07
7.622829432110945359e-06
-1.601107580952381589e-05
1.587032812641693257e-05
-9.892977805527265980e-06
2.320151097509587928e-06
-8.662413105620596327e-06
1.861925627014370565e-06
-9.771620949852507997e-07
-3.716115199676829784e-07
1.466549139730316797e-06
9.752742528105796881e-06
-9.993331121301277147e-06
2.118323740137755344e-06
-1.723084160983405249e-06
4.257381209730936932e-06
-1.198385107204001226e-06
-3.921470571225623248e-07
3.546904717109404829e-06
5.416964621528495476e-06
-3.817640286202121023e-06
-3.806576344601584461e-07
1.930839120393256467e-06
5.233368918871724655e-06
4.564566633996587492e-06
-3.042602589629831110e-06
-9.478018128882691172e-07
4.886614948807923268e-06
3.317241673918258734e-06
2.729131815197554077e-06
5.887219854800881892e-06
5.386713263908855728e-07
-1.870036641807964532e-06
1.008998467702146907e-05
-1.192164976764532998e-06
8.222445102641498456e-06
0.000000000000000000e+00
-4.931174355657032173e-06
2.410973208611682394e-06
0.000000000000000000e+00
3.052709187442960445e-08
4.059632329357367350e-06
0.000000000000000000e+00
2.589676838052628278e-06
