1.006411229479623248e+00
1.049391050414728799e+00
9.861104412828550769e-01
1.402297789324230770e+00
9.796478080310394576e-01
1.001014873339620914e+00
3.023101767920078897e-01
1.562862603737832812e+00
1.497084139067055003e+04
1.077867681518144938e+00
4.032280226079688873e+05
1.067377796390702294e+00
1.085807697078861489e+00
-1.180998951772037981e+05
1.018334753384250835e+00
9.853290805717171974e-01
1.045035527176574552e+00
9.579207131329743330e-01
1.047720135879998349e+00
9.547690745436718807e-01
1.061215513325509452e+00
9.423432890132602546e-01
2.680342811171006360e+03
9.362946019783622287e-01
9.815527835489639983e+03
9.446739889107129695e-01
1.422748170516729083e+00
9.521254261440257327e-01
9.063619161463684577e+03
9.395740723506528225e-01
1.799289513455129418e+04
1.317027401880890292e+00
6.346043885419853905e+04
1.353154384933831444e+00
4.339506071601510584e+00
1.628396806085020909e+00
5.826342301721440163e+04
1.483500488525147043e+00
1.997014934580142224e-09
1.142055011439731054e-10
-1.176043608397227297e-07
-4.115410291076815655e-05
4.457078679270074506e-01
1.859093939268045316e-04
1.808533560252250055e-04
1.849710139386160778e-04
1.842600471402872260e-04
1.787379465199212449e-04
1.918385976622289540e-04
1.948272714661724680e-04
1.813891099092673504e-04
1.797273412894574110e-04
1.915730312494360395e-04
1.792261834651474742e-04
1.875690017084546729e-04
1.838407938152154396e-04
1.835130900812662882e-04
1.802326503964546346e-04
1.901017870472453575e-04
1.799541625237448066e-04
1.768914629137483333e-04
1.939106237474906341e-04
2.382582384953662322e-04
1.962674110259690077e-04
1.910321324422422284e-04
1.823977793328272713e-04
1.784608587531290682e-04
1.879708333239150041e-04
1.815010004689542305e-04
1.804843219685447499e-04
1.826661355867952117e-04
1.795819343501704225e-04
-4.064416897336636504e-06
5.363524629734941541e-06
2.441798803928629391e-06
3.687786337551257582e-07
2.837817752523522035e-06
-3.916437830709356747e-06
-4.994065539540448527e-07
3.481592869719370273e-07
9.740739000005957808e-07
4.646740737506007091e-06
2.128973896057890079e-06
-6.877154781214462139e-06
-8.870103509146598449e-06
-4.052717820977411669e-06
4.121811115837884496e-05
-6.602403190903897252e-06
3.743190553127733353e-06
-5.536350345890283113e-06
2.064922344981411412e-06
3.609029113276451784e-06
1.604863555826350855e-06
1.362508908774007694e-06
4.471597142389420540e-06
-2.039879143677597546e-06
2.678929361902664356e-06
-1.594929784580895843e-06
9.498432686747279534e-07
-3.513305157719895697e-06
5.373813287916798321e-07
4.579251823678799791e-07
-1.244348858911275614e-06
3.958087190003106036e-07
-1.135503649317293644e-06
5.205937838158125627e-06
2.452801175286202025e-06
-3.706414105048250830e-06
-9.025697863210847060e-07
-2.016845734386191114e-06
-2.095699748521646979e-06
8.156031707815300190e-07
1.656962013899023967e-06
-6.253618049344596165e-06
9.173483187921253811e-06
-8.473587379505272647e-06
1.808875850269101536e-06
-2.967773413356419392e-06
-1.424985201123169826e-07
-1.223110063302429900e-06
-1.154857381925014647e-06
-1.588728724819786587e-06
-5.151522181845081839e-06
3.347023533946760086e-06
4.733699453965127674e-06
2.175452419189109478e-06
-1.041871148517358493e-06
-2.616216715404971328e-07
1.472676537839279010e-06
-6.016259475277834598e-07
8.547300595610280707e-07
-3.923731416101558666e-07
-2.156725829928484933e-06
2.833928961827778627e-06
1.882222234673202867e-06
-2.908570610701238560e-06
8.686734764542878756e-07
2.282975458763438115e-06
-2.164531620668366296e-06
-5.459564814965544555e-06
-5.837962093565265189e-06
-1.075243328895432768e-06
4.328375156668798595e-06
5.580550197682470598e-06
-3.198925207616215247e-06
7.120189248698835208e-07
7.431863782810158492e-07
1.515618560165015497e-06
1.618831841991862299e-06
0.000000000000000000e+00
-2.666285063137438632e-06
5.967594938348050393e-06
0.000000000000000000e+00
1.518959803117905892e-06
1.628949353852039303e-06
0.000000000000000000e+00
2.882863218276432744e-06
