9.515486877213505945e-01
8.530746667409989659e-01
9.636086751037127307e-01
1.736561300389142026e+00
9.756558142574454084e-01
9.797222264152103399e-01
3.388128919019195995e-01
9.541821340337421908e-01
8.853675613322506965e-01
1.051101902913520458e+00
3.604736420879692815e+00
1.073344523133045847e+00
1.097768477540884913e+00
6.313353897429460071e-01
8.707511025083134459e-01
1.149088626020075221e+00
8.391299624133878865e-01
1.192296171661464843e+00
9.922993723377463438e-01
1.008017712795643339e+00
8.450658821442935675e-01
1.183466450286961624e+00
9.068162486263937616e-01
1.135328508749518628e+00
8.339326157848236942e-01
1.220506245317650951e+00
9.568576413868754571e-01
1.090911519800306761e+00
8.139465228511439943e-01
1.258503897193510745e+00
1.129954472850410063e+00
1.383803415120701041e+00
1.016911693277605888e+00
1.483520246320747749e+00
1.075304658736647490e+00
1.499243759103198625e+00
1.008078935352983097e+00
1.537837889932493596e+00
2.797531503161578205e-09
1.268584343700917498e-10
-1.853065974102644316e-07
1.188130614023461955e-06
4.362017006279547138e-01
1.892961252813681093e-04
1.883903603430553929e-04
1.861041435752652080e-04
1.859111759546730621e-04
1.779447284873668681e-04
1.881999747779205504e-04
1.910840806072947127e-04
1.860621121624875718e-04
1.911101161615798446e-04
1.959429763223426895e-04
1.838501832975007635e-04
1.877208909497452938e-04
1.829695494585876808e-04
1.938517960610815129e-04
1.849830421433471352e-04
1.736078914761653147e-04
1.928113443488050391e-04
1.677189379648521867e-04
3.693483969319497941e-04
2.932033968753079180e-04
1.940598136360105420e-04
1.845104892689621847e-04
1.894287593937098917e-04
1.871979505877118476e-04
1.902184526807178624e-04
1.850527441246485399e-04
1.853799119136072910e-04
1.885005735464779716e-04
1.910552355386930753e-04
-2.760480983406534547e-06
7.345080504183018190e-07
1.114145844883711420e-05
-1.259947390108578994e-06
-2.329671412897642281e-06
-1.367786350361837323e-06
5.826339370670334995e-06
-1.818829794677510032e-06
5.473736971064039253e-06
-8.778215512155990246e-07
9.248879175951972736e-07
1.963854014945001838e-06
8.913335025001130113e-06
-3.893865430400878609e-05
5.535624890306522870e-06
5.694358289904969846e-07
6.917701208781202393e-06
-5.150657048450932943e-06
-1.835300095930212486e-06
5.361337072547663588e-07
-4.464008244720740968e-06
-2.990540165757489183e-08
1.769937559913166704e-06
-5.943866812027123963e-07
5.456206144503500743e-06
-6.925111221766834100e-06
4.061819578258966231e-07
-3.965365752097244081e-06
-1.942696726544317593e-06
-7.588504966927220151e-07
3.240864863930574836e-07
3.133146097496905894e-06
-1.884603837629233218e-06
1.280244148305751253e-06
-1.087580965865175184e-06
-5.294894784846711542e-06
2.368690054020074682e-07
3.614924781247498268e-07
2.021661674208307580e-06
-1.492785189361336930e-06
-1.410782050049881102e-05
-2.973760507428384168e-06
-7.509996168230531621e-06
7.647330564182126426e-06
-1.047371313399879529e-06
-4.237801310140150274e-06
-3.446364050633411217e-06
-7.610959142553093746e-06
2.314591450298856882e-06
1.758840204277955282e-06
3.492958285194158200e-06
-4.128813935215819348e-06
5.871672017717907505e-06
-2.449535417706412826e-07
-2.059729470202501773e-06
-7.903590250424978679e-08
2.046384649415639399e-07
1.727810983111483224e-06
4.445496899537500762e-07
-2.072953084906771594e-06
2.688280450004751934e-07
1.056738294465012383e-06
-2.203602181578705333e-06
-3.209649336260096685e-06
1.737966758772053415e-06
1.081199635751374942e-06
5.506058075032695641e-06
-4.223707027162484083e-07
7.112756806463041910e-07
2.398146189245742162e-06
6.936839921915030093e-07
-1.127000448664341984e-05
-2.472922242969785039e-06
3.032158420759116328e-06
4.928345662542864835e-06
1.784436484762311879e-06
-4.350652924190908127e-06
0.000000000000000000e+00
5.236871981419353837e-06
-1.546752940972703759e-06
0.000000000000000000e+00
5.856288231014525266e-07
-4.607259197323762279e-06
0.000000000000000000e+00
1.291884336050733254e-06
