3.719720865603927118e-01
9.127214490000744584e-01
1.161607182541446459e+00
4.024440197778254014e-01
1.171073114997644549e+00
1.146405015805181282e+00
8.371762734621116531e-01
3.719720606600713797e-01
8.856420482689235651e-01
1.158768961160178579e+00
4.024440166412951436e-01
1.150709881119818645e+00
1.132636432969856610e+00
8.371759472396528290e-01
2.541871645182652184e+00
3.950712024123938515e-01
7.961230042619324987e-01
1.344227589612095208e+00
2.402495021379469908e-01
4.209369299640806972e+00
8.068719368124017688e-01
1.326668454759624804e+00
2.541870004751984879e+00
3.950714114616428185e-01
7.694037159430839878e-01
1.374755641638776726e+00
2.446530019382188448e-01
4.200879646960138381e+00
7.913200606532665438e-01
1.342965478264485091e+00
2.541880902647509100e+00
3.950731601679005611e-01
7.961282295951155330e-01
1.415469909546912319e+00
2.697835579571461473e-01
4.209371202068372675e+00
8.068772868448481628e-01
1.364704954648596313e+00
2.398178734814993957e-09
1.264162928477805827e-10
-2.436827685834382044e-07
4.893078802955849846e-05
5.377592569029139291e-01
1.921005551530783543e-04
1.791600407327265576e-04
2.007166691288982119e-04
1.660923587936379833e-04
1.007015785180762416e-04
1.523478951295280869e-04
1.905514661229701498e-04
1.805586543323986362e-04
1.901521155541399514e-04
1.882281720315511690e-04
2.304843415009872492e-04
2.447627366535018011e-04
2.157056325414645286e-04
2.117953030415408366e-04
2.111131998964706831e-04
1.879459331073569700e-04
1.890712779295534150e-04
2.031507096713255347e-04
1.678300634079949978e-04
2.224125185406491240e-04
2.218585101746335664e-04
1.777310760433906155e-04
1.956346701159642149e-04
2.439118104015819985e-04
2.787427558963512719e-04
2.312110643683006127e-04
2.266163704276052699e-04
1.932488397956331843e-04
1.898009740024903208e-04
-1.557383045382791553e-05
-1.934347371404332288e-06
-2.164935239122277514e-06
2.094541021366548067e-06
1.408088251027309149e-05
-3.906144997774218002e-06
-1.422458161706900847e-05
1.457614173461283010e-05
-1.230859944512812621e-05
5.357545540405912140e-07
5.376421002652033733e-06
9.169291284248606464e-06
7.379831686608317049e-07
4.589696092933514252e-06
-3.403613641490139919e-05
-3.102678785628519173e-06
8.029096204253812700e-06
-9.577274121187402033e-06
2.197821782322893170e-05
1.039173709857944472e-05
-9.628470797062766052e-06
1.076716729416222561e-05
6.609709251831653583e-05
-2.858414259971847420e-05
8.851783769480767844e-06
-1.125896857545169275e-06
-8.536894865402038960e-06
-3.661608785358115593e-06
-4.615130934277682660e-06
8.748381451170881816e-06
-3.059987365865426629e-07
-1.215172244230681306e-06
1.004484128882799737e-05
-9.077610024131981354e-07
5.382234662411587349e-06
-1.732278497851431535e-06
-7.509563265268386735e-07
-1.156800313878071724e-05
-1.554392033880474761e-06
1.329831030539153401e-05
-7.934512038636313018e-06
-3.193086946815618877e-06
-8.769533820379230975e-06
1.753711082748549279e-05
-1.015196248209820714e-05
7.030184691593952731e-06
-7.818306925518646522e-06
2.431915350680457937e-06
-1.326869258286773199e-06
-1.290542181481397819e-05
-6.311314208454505079e-06
-1.004237000557702607e-05
6.814508877806473930e-05
-3.696357389067479513e-06
7.376747530045292833e-06
-6.043974525207306111e-06
4.646404148455300016e-06
9.031254575899984690e-07
6.487064354415026007e-06
4.192617029837952053e-06
6.080942501032637445e-06
-1.236725624342547580e-07
-5.665098232000149631e-06
3.580847389617302304e-06
-1.548168494678709410e-06
8.858219729472505520e-06
1.264773810820985221e-06
9.876925217111222343e-07
8.720554740578432580e-06
6.417765129468330254e-06
2.192396041260932632e-06
4.012311528732184594e-06
-2.151153544297641323e-06
-3.901740331368228231e-06
1.650092716021322626e-05
5.915862186090299030e-06
2.462698701892724695e-05
0.000000000000000000e+00
-1.323598363919941065e-05
2.799611025569834728e-05
0.000000000000000000e+00
3.806171151394986433e-06
2.458902186607993183e-05
0.000000000000000000e+00
2.738122465897356609e-06
