8.757806480320585729e-01
9.260457093987664035e-01
1.055172413793103559e+00
1.271304464037772419e+00
1.049421338023776240e+00
1.060397632426887338e+00
8.406484737353769887e-01
8.649483082393345512e-01
9.288521182361226813e-01
1.054589919740323234e+00
1.520952947029681424e+00
1.054689950022808187e+00
1.062164208150356615e+00
1.018950760776369036e+00
1.047558095293984248e+00
9.547345704888727802e-01
9.004949027981223875e-01
1.110668699835619222e+00
8.496016680785876130e-01
1.177116256748760748e+00
8.743652358291389426e-01
1.143977973282081173e+00
1.067652338121783506e+00
9.625215105581628183e-01
8.937975173417511687e-01
1.134791814949407840e+00
8.363624654791692592e-01
1.202343328536434663e+00
8.816444514174710534e-01
1.145644716010175923e+00
1.365401948535216015e+00
1.189433415400224625e+00
1.013736961939945225e+00
1.380643997217180452e+00
9.379114565886865762e-01
1.373778254352567618e+00
1.017961413406200055e+00
1.365478148756987142e+00
5.026338373574110748e-09
1.776937659723002014e-10
-5.014523225297423587e-08
-4.988095518842705568e-05
4.676126240773733622e-01
1.857960000509406237e-04
1.880606417788190110e-04
1.806169113458007251e-04
2.058640809205113868e-04
1.753045167161042446e-04
2.226072068709076840e-04
2.188851234134084420e-04
2.156314476206260943e-04
1.998295005619055110e-04
1.894625132557528906e-04
1.926473440848868856e-04
1.846953223477871273e-04
1.896254240346399624e-04
1.806511154432156852e-04
1.887650971766025119e-04
1.867980313467613779e-04
1.764867723455764955e-04
2.036956991461441298e-04
1.474492623765544198e-04
6.231977636569100906e-04
3.550596555291508352e-04
2.050600092681316368e-04
1.982443777067541464e-04
1.925284685330124878e-04
1.851947210716962922e-04
1.828176672582931014e-04
1.816484001937367847e-04
1.816582207288487878e-04
1.857292686081077175e-04
-8.535657605959375479e-06
-2.400216868408861218e-06
-9.014465009891043363e-06
7.833280549817355125e-06
5.163997077812751310e-06
2.681380631305081791e-06
1.959571088726611113e-06
-6.104392999081744678e-06
4.096863724250967202e-06
-3.639000611028878749e-06
1.354688703239352793e-06
-5.322954755885290877e-06
-1.387096107763046441e-05
4.781249194839187308e-06
-5.113107005126130947e-05
-1.990527393725844630e-05
1.718239990421094137e-05
1.694130329953158783e-07
-1.106785026663303532e-05
4.798688922037553787e-06
-5.862663665687380170e-08
5.121372248774658980e-06
2.570331935374889766e-05
-1.043540731730219704e-05
-3.830746510438988338e-06
4.544214570718919809e-06
-5.012069435385353433e-06
1.977773933852035663e-06
3.428435894522157743e-06
-3.714385357692527886e-06
5.111585837271139145e-06
-1.442567693158618965e-06
1.945610154519434318e-06
-2.160308797012638926e-06
1.723921576999615815e-06
-1.990226269929225127e-06
1.812287242042334163e-06
2.341626127650756108e-06
-1.702287253108627760e-06
1.775687868191079657e-06
2.967077613818056562e-05
2.025888477618777869e-06
-2.225408600506698087e-05
4.207713798830872405e-05
-2.736475358577611491e-05
1.690490806936754969e-05
-9.273435594843290928e-06
-2.356670798053771745e-07
9.108557513369403200e-08
3.270342144501100287e-06
-3.485987413464100292e-07
-5.294487001131491116e-08
1.453551065714369237e-05
-3.077057672876333854e-06
-2.762539760900620211e-07
-4.154156218648678023e-07
9.975109047923821832e-08
-1.126130324343036906e-06
1.221028454828392425e-06
-2.224325780019056922e-06
-4.567742794556630588e-06
3.552195145195473309e-06
-3.418887050555236691e-06
-1.748668444982084907e-07
2.554621318936364117e-06
-1.033337538367157578e-06
7.947145036242781878e-07
-1.065476514311327744e-06
-2.457743884604624020e-07
2.012724432238995769e-07
-1.940135487739235241e-06
5.545779029592017126e-06
7.982083170750860749e-06
4.700950146221657264e-06
-2.715877552420886441e-06
6.419875857812580012e-07
7.437251033617606097e-06
0.000000000000000000e+00
-5.363342734473356924e-06
8.525495739261333220e-06
0.000000000000000000e+00
3.843844753303281176e-07
9.433538084188408137e-06
0.000000000000000000e+00
-2.318383305907518733e-07
