3.284578260668559180e-01
8.732464052611809135e-01
1.077161204004175588e+00
8.533795659431806513e-01
1.168573458423040723e+00
1.059027785309275771e+00
2.006196330850685827e-01
4.013980423173657996e+00
8.485913066664403370e-01
1.233495798038843905e+00
1.142280709083136836e+00
1.250838656135313531e+00
1.301107830439654833e+00
-3.077774822518511977e-01
2.402996902363490950e+00
4.234264740623491785e-01
8.000226197531621342e-01
1.250056828890872218e+00
3.592849875205083032e-01
3.234828695804789600e+00
8.181177279496187893e-01
1.222645952641875144e+00
2.127032870708052137e+00
6.660494249232302266e+00
8.430276456761797155e-01
1.661986628583123071e+00
3.908219711785542838e+00
3.517979751313789372e+00
9.178034531715142386e-01
1.756418810495242289e+00
3.424133187197861083e+00
2.215584367799023369e+01
1.542181457443390968e+00
2.704165552134051076e+00
1.617223901560038968e+01
6.153508375725376567e+00
1.841914137086086534e+00
2.689426049715210265e+00
1.919359599720010276e-09
1.002703294887509441e-10
-1.613265217830493577e-07
9.913512757034204505e-06
3.935799232037863193e-01
1.105951099783127598e-04
9.963186803992884490e-05
1.014813456150149326e-04
1.055094574066792060e-04
9.966474260557517688e-05
1.454091211218491123e-04
1.820296515862343241e-04
1.841925046313928937e-04
1.789672249705486287e-04
1.820221924691366839e-04
1.821456558468146129e-04
1.797087146129778363e-04
1.826558872530573119e-04
1.774468323417637038e-04
1.769092762447171745e-04
1.742554454541416224e-04
1.768122171528386122e-04
1.751885617416949390e-04
1.724842179060059942e-04
1.724470800830643093e-04
1.580791598497837075e-04
2.188220267153195451e-04
1.718744766547249689e-04
1.508712421703511410e-04
1.403355206620989426e-04
1.568868778591271489e-04
1.350205429282696351e-04
1.026416861881359027e-04
1.031887054116874930e-04
3.375679352487019157e-06
-3.479338850227123398e-06
3.596415010232312779e-06
-2.688947018645571120e-06
1.044833833784997049e-06
-3.844469068184604923e-07
2.782931192914331973e-06
-2.922295620514720378e-07
-1.375295535608594221e-06
-3.675915662882017834e-07
-2.879386599222116170e-12
-1.491276050559310428e-06
7.284872209434779229e-11
2.148160268840733887e-06
6.486665138018394632e-06
7.582019522923810429e-06
7.553256361148320224e-14
-1.461899124714420930e-05
5.822710512169972596e-06
-4.279254461572981925e-06
-4.924555600688285546e-06
5.320544983795609940e-06
6.387133814449382594e-06
-8.397228777614993708e-06
-6.855712733221581051e-06
1.206764579840213672e-06
-5.615680467798079370e-07
-9.565269467193226023e-07
-1.689475903612263180e-06
1.525223341254038381e-08
1.476706510141855558e-07
1.444395880559282166e-11
-3.398367090108812276e-07
5.994424299529926360e-07
-2.897095792758561365e-06
-4.155043212738859823e-11
2.297727088028704775e-07
1.311494555858357678e-06
8.285768067575925476e-07
3.223981439178891214e-07
3.506779354008823434e-06
-5.490436152621004415e-09
-6.800271885512675698e-07
1.505962076803378702e-06
8.362685673937091617e-06
1.371077312399799042e-05
-1.974507826134142191e-06
6.943123153816875298e-11
4.659130189253741559e-06
-1.776707345994760929e-06
2.011389925646473445e-06
1.118976590623308461e-06
7.537212532379129146e-06
-1.117619095620899527e-06
-5.924026870812707370e-07
1.354273723144505907e-06
3.632743088604396113e-06
2.441071252820011030e-06
-6.823032339444038215e-07
-2.871127332495942838e-06
1.686042790417083072e-11
-5.408662329237547450e-07
-4.031071227795109538e-11
-2.160251566743324968e-11
-3.527696683433544022e-07
-1.131318099784616977e-06
4.553197693147964457e-07
7.437473847308916137e-07
1.119855040603569027e-06
4.202341592781103190e-11
-6.808416361638654994e-11
6.030606538152606236e-07
-1.226139126860065893e-10
-2.295314027925527941e-06
-4.305576536933366434e-11
1.001694461868513307e-07
6.274807365826543194e-06
0.000000000000000000e+00
-4.288318986898580126e-06
9.817020139312138931e-07
0.000000000000000000e+00
-1.733399233543952139e-06
2.287197464786900389e-06
0.000000000000000000e+00
6.460107314621716730e-08
